Game,Player1,Player2,groundtruth,theta1,theta2,L1,L2,SQ_Q,ACQ1_Q,ACQ2_Q,NEGO_Q,CAP1_Q,CAP2_Q,WAR1_Q,WAR2_Q,MAX_Quantum,SQ_C,ACQ1_C,ACQ2_C,NEGO_C,CAP1_C,CAP2_C,WAR1_C,WAR2_C,MAX_Classical
485,USA,IRN,Nego,5.1,1.5,1,1,0.12961799219008296,0.09921169722547964,0.2915280854590964,0.03262504352917224,0.05364141479919578,0.08612024089807663,0.2120095815687168,0.0952459443301794,ACQ2,0.12675440203648317,0.09539706485713863,0.2506847759471568,0.09719404704624919,0.05007292747109275,0.08405692385159422,0.20693013707220123,0.088909721718084,ACQ2
485,USA,IRN,Nego,5.1,1.51,1,1,0.1305263097707133,0.10019469537404846,0.2887517144940295,0.032544684032877545,0.05408169339046083,0.08604611020894878,0.21182708769480874,0.09602770503411276,ACQ2,0.12675440203648317,0.09539706485713863,0.2506847759471568,0.09719404704624919,0.05007292747109275,0.08405692385159422,0.20693013707220123,0.088909721718084,ACQ2
485,USA,IRN,Nego,5.1,1.52,1,1,0.13143819986103306,0.10118723150777752,0.28592919955770296,0.0324665440225964,0.0545324794542166,0.08597245597944354,0.21164576676240843,0.0968281228548214,ACQ2,0.12675440203648317,0.09539706485713863,0.2506847759471568,0.09719404704624919,0.05007292747109275,0.08405692385159422,0.20693013707220123,0.088909721718084,ACQ2
485,USA,IRN,Nego,5.1,1.53,1,1,0.13235296162748234,0.10218902722745822,0.28306167992137227,0.03239061205740577,0.05499381501675617,0.08589920158843035,0.21146543014670902,0.09764727241438587,ACQ2,0.12675440203648317,0.09539706485713863,0.2506847759471568,0.09719404704624919,0.05007292747109275,0.08405692385159422,0.20693013707220123,0.088909721718084,ACQ2
485,USA,IRN,Nego,5.1,1.54,1,1,0.13326986542927743,0.10319978575077424,0.28015033602219425,0.032316883899417226,0.05546573939835319,0.0858262722439606,0.2112858937259574,0.09848522353006597,ACQ2,0.12675440203648317,0.09539706485713863,0.2506847759471568,0.09719404704624919,0.05007292747109275,0.08405692385159422,0.20693013707220123,0.088909721718084,ACQ2
485,USA,IRN,Nego,5.1,1.55,1,1,0.13418815244626725,0.10421919139648986,0.27719638977952116,0.03224536293868764,0.05594828896764083,0.08575359522259392,0.21110697847062443,0.09934204077817502,ACQ2,0.12675440203648317,0.09539706485713863,0.2506847759471568,0.09719404704624919,0.05007292747109275,0.08405692385159422,0.20693013707220123,0.088909721718084,ACQ2
485,USA,IRN,Nego,5.1,1.56,1,1,0.13510703438020447,0.10524690908764542,0.27420110482049276,0.03217606063315881,0.05644149689006409,0.08568110010863887,0.21092851103236482,0.1002177830474306,ACQ2,0.12675440203648317,0.09539706485713863,0.2506847759471568,0.09719404704624919,0.05007292747109275,0.08405692385159422,0.20693013707220123,0.088909721718084,ACQ2
485,USA,IRN,Nego,5.1,1.57,1,1,0.13602569323714794,0.10628258387718213,0.2711657866076981,0.03210899696312383,0.05694539287062701,0.08560871903214472,0.21075032432990093,0.1011125030821754,ACQ2,0.12675440203648317,0.09539706485713863,0.2506847759471568,0.09719404704624919,0.05007292747109275,0.08405692385159422,0.20693013707220123,0.088909721718084,ACQ2
485,USA,IRN,Nego,5.1,1.58,1,1,0.13694328119897908,0.10732584049957773,0.26809178246167414,0.03204420089961725,0.05746000289118016,0.08553638690437039,0.21057225812869793,0.10202624701590354,ACQ2,0.12675440203648317,0.09539706485713863,0.2506847759471568,0.09719404704624919,0.05007292747109275,0.08405692385159422,0.20693013707220123,0.088909721718084,ACQ2
485,USA,IRN,Nego,5.1,1.59,1,1,0.13785892059223906,0.1083762829522136,0.26498048147106396,0.03198171088602673,0.05798534894251903,0.08546404164934623,0.21039415961101832,0.10295905389557314,ACQ2,0.12675440203648317,0.09539706485713863,0.2506847759471568,0.09719404704624919,0.05007292747109275,0.08405692385159422,0.20693013707220123,0.088909721718084,ACQ2
485,USA,IRN,Nego,5.1,1.6,1,1,0.1387717039626706,0.10943349411031363,0.26183331428336454,0.03192157533212311,0.05852144875158263,0.08539162443003755,0.21021588393268895,0.10391095519721923,ACQ2,0.12675440203648317,0.09539706485713863,0.2506847759471568,0.09719404704624919,0.05007292747109275,0.08405692385159422,0.20693013707220123,0.088909721718084,ACQ2
485,USA,IRN,Nego,5.1,1.61,1,1,0.13968069426397486,0.11049703537939207,0.258651752769381,0.03186385311960934,0.059068315504063454,0.08531907986751369,0.2100372947626473,0.10488197433341835,ACQ2,0.12675440203648317,0.09539706485713863,0.2506847759471568,0.09719404704624919,0.05007292747109275,0.08405692385159422,0.20693013707220123,0.088909721718084,ACQ2
485,USA,IRN,Nego,5.1,1.62,1,1,0.14058492516935522,0.11156644638921202,0.2554373095547613,0.03180861411819648,0.05962595756275758,0.08524635625142798,0.2098582648010992,0.10587212615318999,ACQ2,0.12675440203648317,0.09539706485713863,0.2506847759471568,0.09719404704624919,0.05007292747109275,0.08405692385159422,0.20693013707220123,0.088909721718084,ACQ2
485,USA,IRN,Nego,5.1,1.63,1,1,0.14148340151441133,0.11264124473328488,0.25219153741232436,0.03175593971112767,0.06019437818199684,0.08517340574002392,0.2096786762718903,0.10688141643494073,ACQ2,0.12675440203648317,0.09539706485713863,0.2506847759471568,0.09719404704624919,0.05007292747109275,0.08405692385159422,0.20693013707220123,0.088909721718084,ACQ2
485,USA,IRN,Nego,5.1,1.64,1,1,0.14237509987985472,0.11372092575793542,0.24891602850932232,0.031705923328994266,0.06077357521851754,0.08510018454779923,0.20949842138449526,0.10790984137308167,ACQ2,0.12675440203648317,0.09539706485713863,0.2506847759471568,0.09719404704624919,0.05007292747109275,0.08405692385159422,0.20693013707220123,0.088909721718084,ACQ2
485,USA,IRN,Nego,5.1,1.65,1,1,0.14325896932233806,0.11480496240489753,0.2456124135042974,0.03165867099062169,0.061363540839127435,0.08502665311889458,0.2093174027608632,0.10895738705896038,ACQ2,0.12675440203648317,0.09539706485713863,0.2506847759471568,0.09719404704624919,0.05007292747109275,0.08405692385159422,0.20693013707220123,0.088909721718084,ACQ2
485,USA,IRN,Nego,5.1,1.66,1,1,0.14413393226140708,0.11589280511130133,0.24228236048881913,0.031614301849748984,0.06196426122553451,0.08495277628421578,0.20913553382221955,0.11002402895675364,ACQ2,0.12675440203648317,0.09539706485713863,0.2506847759471568,0.09719404704624919,0.05007292747109275,0.08405692385159422,0.20693013707220123,0.088909721718084,ACQ2
485,USA,IRN,Nego,5.1,1.67,1,1,0.14499888553019136,0.11698388177074508,0.2389275737701064,0.03157294874618919,0.06257571627669972,0.08487852340026548,0.20895273913083912,0.11110973137496363,ACQ2,0.12675440203648317,0.09539706485713863,0.2506847759471568,0.09719404704624919,0.05007292747109275,0.08405692385159422,0.20693013707220123,0.088909721718084,ACQ2
485,USA,IRN,Nego,5.1,1.68,1,1,0.14585270159694047,0.11807759775892063,0.23554979249137548,0.03153475876014023,0.06319787930906742,0.08480386846764287,0.20876895468176762,0.1122144469341453,ACQ2,0.12675440203648317,0.09539706485713863,0.2506847759471568,0.09719404704624919,0.05007292747109275,0.08405692385159422,0.20693013707220123,0.088909721718084,ACQ2
485,USA,IRN,Nego,5.1,1.69,1,1,0.1466942299638745,0.11917333602696388,0.23215078908769576,0.031499893768317036,0.06383071675501337,0.08472879022717926,0.20858412813948646,0.11333811603146982,ACQ2,0.12675440203648317,0.09539706485713863,0.2506847759471568,0.09719404704624919,0.05007292747109275,0.08405692385159422,0.20693013707220123,0.088909721718084,ACQ2
485,USA,IRN,Nego,5.1,1.7,1,1,0.1475222987490411,0.12027045726533278,0.2287323675761877,0.03146853100060433,0.06447418785983014,0.08465327223171108,0.20839821901460298,0.11448066630268998,ACQ2,0.12675440203648317,0.09539706485713863,0.2506847759471568,0.09719404704624919,0.05007292747109275,0.08405692385159422,0.20693013707220123,0.088909721718084,ACQ2
485,USA,IRN,Nego,5.1,1.71,1,1,0.14833571645595633,0.12136830014057087,0.2252963616805628,0.03144086359597894,0.06512824437754132,0.08457730289155735,0.20821119877580566,0.11564201208202697,ACQ2,0.12675440203648317,0.09539706485713863,0.2506847759471568,0.09719404704624919,0.05007292747109275,0.08405692385159422,0.20693013707220123,0.088909721718084,ACQ2
485,USA,IRN,Nego,5.1,1.72,1,1,0.14913327393474668,0.12246618160678543,0.22184463279127492,0.031417101156532255,0.0657928302658036,0.08450087549186235,0.2080230508925583,0.11682205386043659,ACQ2,0.12675440203648317,0.09539706485713863,0.2506847759471568,0.09719404704624919,0.05007292747109275,0.08405692385159422,0.20693013707220123,0.088909721718084,ACQ2
485,USA,IRN,Nego,5.1,1.73,1,1,0.14991374653729247,0.12356339729306014,0.21837906776393062,0.03139747029853003,0.06646788138011277,0.0844239881800986,0.20783377080433532,0.11802067774264041,ACQ2,0.12675440203648317,0.09539706485713863,0.2506847759471568,0.09719404704624919,0.05007292747109275,0.08405692385159422,0.20693013707220123,0.088909721718084,ACQ2
485,USA,IRN,Nego,5.1,1.74,1,1,0.1506758964675134,0.12465922196732838,0.21490157656007178,0.031382215199584396,0.06715332516748329,0.08434664392219045,0.20764336581260692,0.11923775490322155,ACQ2,0.12675440203648317,0.09539706485713863,0.2506847759471568,0.09719404704624919,0.05007292747109275,0.08405692385159422,0.20693013707220123,0.088909721718084,ACQ2
485,USA,IRN,Nego,5.1,1.75,1,1,0.15141847532642555,0.1257529100764559,0.21141408973600723,0.031371598141178604,0.06784908035971551,0.08426885042592784,0.20745185489230053,0.12047314104198868,ACQ2,0.12675440203648317,0.09539706485713863,0.2506847759471568,0.09719404704624919,0.05007292747109275,0.08405692385159422,0.20693013707220123,0.088909721718084,ACQ2
485,USA,IRN,Nego,5.1,1.76,1,1,0.1521402268499402,0.12684369636142245,0.2079185557869917,0.03136590004597926,0.06855505666630624,0.084190620030586,0.20725926842006784,0.12172667583870649,ACQ2,0.12675440203648317,0.09539706485713863,0.2506847759471568,0.09719404704624919,0.05007292747109275,0.08405692385159422,0.20693013707220123,0.088909721718084,ACQ2
485,USA,IRN,Nego,5.1,1.77,1,1,0.15283988983558763,0.12793079654556092,0.20441693835574493,0.03136542100958768,0.06927115446699159,0.0841119695619548,0.2070656478173989,0.12299818240717347,WAR1,0.12675440203648317,0.09539706485713863,0.2506847759471568,0.09719404704624919,0.05007292747109275,0.08405692385159422,0.20693013707220123,0.088909721718084,ACQ2
485,USA,IRN,Nego,5.1,1.78,1,1,0.1535162012524351,0.12901340809281128,0.20091121331602138,0.03137048082662256,0.06999726450384638,0.08403292015231358,0.2068710451074375,0.12428746674851213,WAR1,0.12675440203648317,0.09539706485713863,0.2506847759471568,0.09719404704624919,0.05007292747109275,0.08405692385159422,0.20693013707220123,0.088909721718084,ACQ2
485,USA,IRN,Nego,5.1,1.79,1,1,0.15416789952644466,0.13009071103188727,0.19740336574368098,0.031381419511279235,0.07073326757279112,0.08395349702525198,0.20667552238525727,0.12559431720340736,WAR1,0.12675440203648317,0.09539706485713863,0.2506847759471568,0.09719404704624919,0.05007292747109275,0.08405692385159422,0.20693013707220123,0.088909721718084,ACQ2
485,USA,IRN,Nego,5.1,1.8,1,1,0.15479372799141514,0.1311618688411584,0.19389538678943757,0.03139859781277243,0.07147903421429348,0.08387372924564798,0.20647915120236054,0.1269185039029145,WAR1,0.12675440203648317,0.09539706485713863,0.2506847759471568,0.09719404704624919,0.05007292747109275,0.08405692385159422,0.20693013707220123,0.088909721718084,ACQ2
485,USA,IRN,Nego,5.1,1.81,1,1,0.15539243849348022,0.13222602938791722,0.19038927046914358,0.031422397726330695,0.0722344244029835,0.08379364943555434,0.20628201186725184,0.12825977821733864,WAR1,0.12675440203648317,0.09539706485713863,0.2506847759471568,0.09719404704624919,0.05007292747109275,0.08405692385159422,0.20693013707220123,0.088909721718084,ACQ2
485,USA,IRN,Nego,5.1,1.82,1,1,0.1559627951349468,0.13328232591458258,0.18688701038907932,0.03145322300065413,0.07299928723584484,0.08371329345721489,0.20608419266509168,0.12961787220258578,WAR1,0.12675440203648317,0.09539706485713863,0.2506847759471568,0.09719404704624919,0.05007292747109275,0.08405692385159422,0.20693013707220123,0.088909721718084,ACQ2
485,USA,IRN,Nego,5.1,1.83,1,1,0.15650357814105578,0.1343298780632748,0.18339059642520758,0.031491499642967505,0.07377346061859853,0.08363270006492926,0.2058857890006627,0.13099249804330412,WAR1,0.12675440203648317,0.09539706485713863,0.2506847759471568,0.09719404704624919,0.05007292747109275,0.08405692385159422,0.20693013707220123,0.088909721718084,ACQ2
485,USA,IRN,Nego,5.1,1.84,1,1,0.15701358783111022,0.1353677929291473,0.17990201137670214,0.031537676422974406,0.07455677094986292,0.08355191052799422,0.2056869024701316,0.13238334749207709,WAR1,0.12675440203648317,0.09539706485713863,0.2506847759471568,0.09719404704624919,0.05007292747109275,0.08405692385159422,0.20693013707220123,0.088909721718084,ACQ2
485,USA,IRN,Nego,5.1,1.85,1,1,0.15749164867335239,0.13639516613189012,0.1764232276152113,0.03159222537712976,0.07534903280266306,0.08347096822746992,0.20548763986837368,0.1337900913039098,WAR1,0.12675440203648317,0.09539706485713863,0.2506847759471568,0.09719404704624919,0.05007292747109275,0.08405692385159422,0.20693013707220123,0.088909721718084,ACQ2
485,USA,IRN,Nego,5.1,1.86,1,1,0.15793661340104773,0.13741108289396867,0.17295620375222995,0.03165564231467687,0.07615004860287639,0.0833899182300329,0.20528811213989107,0.13521237866527633,WAR1,0.12675440203648317,0.09539706485713863,0.2506847759471568,0.09719404704624919,0.05007292747109275,0.08405692385159422,0.20693013707220123,0.088909721718084,ACQ2
485,USA,IRN,Nego,5.1,1.87,1,1,0.15834736716550202,0.1384146191134812,0.1695028813476008,0.03172844732681899,0.07695960830425039,0.08330880684267987,0.2050884332825882,0.13664983661707863,WAR1,0.12675440203648317,0.09539706485713863,0.2506847759471568,0.09719404704624919,0.05007292747109275,0.08405692385159422,0.20693013707220123,0.088909721718084,ACQ2
485,USA,IRN,Nego,5.1,1.88,1,1,0.1587228317002314,0.1394048424190374,0.16606518168247408,0.031811185300188255,0.07777748905971107,0.08322768115251361,0.20488871921482368,0.13810206947102074,WAR1,0.12675440203648317,0.09539706485713863,0.2506847759471568,0.09719404704624919,0.05007292747109275,0.08405692385159422,0.20693013707220123,0.088909721718084,ACQ2
485,USA,IRN,Nego,5.1,1.89,1,1,0.15906196946930803,0.14038081319383533,0.16264500262001902,0.03190442643541472,0.07860345488881171,0.08314658855627155,0.20468908661720986,0.13956865821912975,WAR1,0.12675440203648317,0.09539706485713863,0.2506847759471568,0.09719404704624919,0.05007292747109275,0.08405692385159422,0.20693013707220123,0.088909721718084,ACQ2
485,USA,IRN,Nego,5.1,1.9,1,1,0.15936378777202687,0.14134158555619303,0.15924421557672763,0.032008766771057795,0.07943725634135641,0.08306557628462181,0.2044896517615327,0.1410491599364835,WAR1,0.12675440203648317,0.09539706485713863,0.2506847759471568,0.09719404704624919,0.05007292747109275,0.08405692385159422,0.20693013707220123,0.088909721718084,ACQ2
485,USA,IRN,Nego,5.1,1.91,1,1,0.15962734277557955,0.1422862082842029,0.15586466262627774,0.032124828712418965,0.08027863015747114,0.08298469092654287,0.20429052933987527,0.14254310717763147,WAR1,0.12675440203648317,0.09539706485713863,0.2506847759471568,0.09719404704624919,0.05007292747109275,0.08405692385159422,0.20693013707220123,0.088909721718084,ACQ2
485,USA,IRN,Nego,5.1,1.92,1,1,0.15985174344737615,0.14321372567300164,0.15250815375657606,0.0322532615637847,0.08112729892470617,0.08290397795929712,0.20409183130751374,0.14405000736774437,WAR1,0.12675440203648317,0.09539706485713863,0.2506847759471568,0.09719404704624919,0.05007292747109275,0.08405692385159422,0.20693013707220123,0.088909721718084,ACQ2
485,USA,IRN,Nego,5.1,1.93,1,1,0.1600361553591036,0.14412317831438173,0.14917646429878703,0.03239474206143391,0.08198297073313122,0.0828234812895967,0.2038936657533666,0.1455693421901991,WAR1,0.12675440203648317,0.09539706485713863,0.2506847759471568,0.09719404704624919,0.05007292747109275,0.08405692385159422,0.20693013707220123,0.088909721718084,ACQ2
485,USA,IRN,Nego,5.1,1.94,1,1,0.16017980433554802,0.14501360379019174,0.1458713325448356,0.032549974903269496,0.08284533882984174,0.08274324281151878,0.20369613581167567,0.14710056697311896,WAR1,0.12675440203648317,0.09539706485713863,0.2506847759471568,0.09719404704624919,0.05007292747109275,0.08405692385159422,0.20693013707220123,0.088909721718084,ACQ2
485,USA,IRN,Nego,5.1,1.95,1,1,0.16028197992267895,0.14588403727317775,0.14259445756707645,0.03271969326919158,0.08371408127483201,0.08266330198654613,0.2034993386281568,0.14864311007834016,WAR1,0.12675440203648317,0.09539706485713863,0.2506847759471568,0.09719404704624919,0.05007292747109275,0.08405692385159422,0.20693013707220123,0.088909721718084,ACQ2
485,USA,IRN,Nego,5.1,1.96,1,1,0.1603420386514796,0.1467335120316376,0.13934749725055795,0.03290465932432071,0.08458886060081097,0.0825836954507779,0.20330336439303662,0.15019637229737895,WAR1,0.12675440203648317,0.09539706485713863,0.2506847759471568,0.09719404704624919,0.05007292747109275,0.08405692385159422,0.20693013707220123,0.088909721718084,ACQ2
485,USA,IRN,Nego,5.1,1.97,1,1,0.16035940707651683,0.1475610598374935,0.13613206654458923,0.03310566469491226,0.0854693234802377,0.08250445665385844,0.2031082954521731,0.151759726260219,WAR1,0.12675440203648317,0.09539706485713863,0.2506847759471568,0.09719404704624919,0.05007292747109275,0.08405692385159422,0.20693013707220123,0.088909721718084,ACQ2
485,USA,IRN,Nego,5.1,1.98,1,1,0.1603335845712233,0.14836571128112336,0.1329497359362363,0.03332353090430206,0.08635510040363759,0.08242561553351468,0.20291420550583547,0.15333251586412727,WAR1,0.12675440203648317,0.09539706485713863,0.2506847759471568,0.09719404704624919,0.05007292747109275,0.08405692385159422,0.20693013707220123,0.088909721718084,ACQ2
485,USA,IRN,Nego,5.1,1.99,1,1,0.1602641458652852,0.1491464960004861,0.12980203014393552,0.033559109753523664,0.08724580537411146,0.08234719822876012,0.20272115890267473,0.15491405573122338,WAR1,0.12675440203648317,0.09539706485713863,0.2506847759471568,0.09719404704624919,0.05007292747109275,0.08405692385159422,0.20693013707220123,0.088909721718084,ACQ2
485,USA,IRN,Nego,5.11,1.5,1,1,0.12904102263801492,0.09976813151171086,0.2897371775039819,0.032844022999142464,0.05401556025140176,0.08628026926004405,0.21240353710931967,0.09591027872638427,ACQ2,0.12675440203648317,0.09539706485713863,0.2506847759471568,0.09719404704624919,0.05007292747109275,0.08405692385159422,0.20693013707220123,0.088909721718084,ACQ2
485,USA,IRN,Nego,5.11,1.51,1,1,0.12995317510407503,0.10076310477501317,0.28690878165503386,0.032767240013459174,0.05446702566978023,0.08620659734107768,0.21222217262925613,0.09671190281230456,ACQ2,0.12675440203648317,0.09539706485713863,0.2506847759471568,0.09719404704624919,0.05007292747109275,0.08405692385159422,0.20693013707220123,0.088909721718084,ACQ2
485,USA,IRN,Nego,5.11,1.52,1,1,0.13086860187732932,0.1017676342510332,0.2840348150475587,0.03269266761503018,0.054929086294262304,0.08613324940180135,0.2120416057177758,0.09753233979520917,ACQ2,0.12675440203648317,0.09539706485713863,0.2506847759471568,0.09719404704624919,0.05007292747109275,0.08405692385159422,0.20693013707220123,0.088909721718084,ACQ2
485,USA,IRN,Nego,5.11,1.53,1,1,0.13178658300406845,0.10278142775501412,0.28111645323470885,0.0326203006416159,0.055401781945083696,0.08606014780087695,0.21186164523853923,0.09837166038009293,ACQ2,0.12675440203648317,0.09539706485713863,0.2506847759471568,0.09719404704624919,0.05007292747109275,0.08405692385159422,0.20693013707220123,0.088909721718084,ACQ2
485,USA,IRN,Nego,5.11,1.54,1,1,0.1327063689983797,0.10380417387078754,0.27815491399948944,0.03255014164365313,0.0558851494295269,0.08598721697215352,0.21168210516387312,0.09922992992213692,ACQ2,0.12675440203648317,0.09539706485713863,0.2506847759471568,0.09719404704624919,0.05007292747109275,0.08405692385159422,0.20693013707220123,0.088909721718084,ACQ2
485,USA,IRN,Nego,5.11,1.55,1,1,0.1336271804952516,0.10483554141767307,0.27515145763657217,0.03248220133653392,0.05637922228358667,0.08591438367394226,0.21150280518843154,0.10010720796800855,ACQ2,0.12675440203648317,0.09539706485713863,0.2506847759471568,0.09719404704624919,0.05007292747109275,0.08405692385159422,0.20693013707220123,0.088909721718084,ACQ2
485,USA,IRN,Nego,5.11,1.56,1,1,0.13454820798303843,0.10587517893847266,0.2721073871367852,0.03241649906820093,0.05688403050767104,0.0858415772377456,0.21132357134151475,0.10100354778657125,ACQ2,0.12675440203648317,0.09539706485713863,0.2506847759471568,0.09719404704624919,0.05007292747109275,0.08405692385159422,0.20693013707220123,0.088909721718084,ACQ2
485,USA,IRN,Nego,5.11,1.57,1,1,0.13546861162338866,0.10692271421221802,0.2690240482667965,0.03235306330145166,0.05739960029659426,0.08576872981517228,0.2111442365949201,0.10191899588945832,ACQ2,0.12675440203648317,0.09539706485713863,0.2506847759471568,0.09719404704624919,0.05007292747109275,0.08405692385159422,0.20693013707220123,0.088909721718084,ACQ2
485,USA,IRN,Nego,5.11,1.58,1,1,0.1363875211669871,0.107977753795484,0.265902829536546,0.03229193211023876,0.057925953764147886,0.08569577662165431,0.2109646414629214,0.10285359154202045,ACQ2,0.12675440203648317,0.09539706485713863,0.2506847759471568,0.09719404704624919,0.05007292747109275,0.08405692385159422,0.20693013707220123,0.088909721718084,ACQ2
485,USA,IRN,Nego,5.11,1.59,1,1,0.13730403597367064,0.10903988259622321,0.2627451620470542,0.032233153689141744,0.05846310866255807,0.08562265617546908,0.21078463459069047,0.10380736626519249,ACQ2,0.12675440203648317,0.09539706485713863,0.2506847759471568,0.09719404704624919,0.05007292747109275,0.08405692385159422,0.20693013707220123,0.088909721718084,ACQ2
485,USA,IRN,Nego,5.11,1.6,1,1,0.1382172251456281,0.1101086634841863,0.25955251921140665,0.03217678687508086,0.05901107809716164,0.08554931053046014,0.21060407332720488,0.10478034332887118,ACQ2,0.12675440203648317,0.09539706485713863,0.2506847759471568,0.09719404704624919,0.05007292747109275,0.08405692385159422,0.20693013707220123,0.088909721718084,ACQ2
485,USA,IRN,Nego,5.11,1.61,1,1,0.13912612778248953,0.11118363694208623,0.256326416341926,0.03212290168024081,0.059569870236655977,0.08547568550074253,0.21042282427842568,0.10577253723743335,ACQ2,0.12675440203648317,0.09539706485713863,0.2506847759471568,0.09719404704624919,0.05007292747109275,0.08405692385159422,0.20693013707220123,0.088909721718084,ACQ2
485,USA,IRN,Nego,5.11,1.62,1,1,0.14002975336712886,0.11226432076171104,0.2530684100968731,0.032071579835071085,0.060139488019293655,0.08540173087558302,0.21024076383628532,0.10678395320805391,ACQ2,0.12675440203648317,0.09539706485713863,0.2506847759471568,0.09719404704624919,0.05007292747109275,0.08405692385159422,0.20693013707220123,0.088909721718084,ACQ2
485,USA,IRN,Nego,5.11,1.63,1,1,0.14092708229095283,0.11335020978920733,0.24978009778040644,0.032022915340143315,0.060719928855411116,0.08532740062255433,0.21005777867881043,0.10781458664251425,ACQ2,0.12675440203648317,0.09539706485713863,0.2506847759471568,0.09719404704624919,0.05007292747109275,0.08405692385159422,0.20693013707220123,0.088909721718084,ACQ2
485,USA,IRN,Nego,5.11,1.64,1,1,0.14181706652729528,0.11444077572372456,0.24646311649002728,0.03197701502556103,0.0613111843266899,0.0852526530769854,0.20987376623650755,0.10886442259320911,ACQ2,0.12675440203648317,0.09539706485713863,0.2506847759471568,0.09719404704624919,0.05007292747109275,0.08405692385159422,0.20693013707220123,0.088909721718084,ACQ2
485,USA,IRN,Nego,5.11,1.65,1,1,0.14269863046128975,0.11553546697352668,0.24311914210634145,0.031933999116552134,0.061913239882557675,0.08517745111566723,0.20968863511999014,0.10993343522407503,ACQ2,0.12675440203648317,0.09539706485713863,0.2506847759471568,0.09719404704624919,0.05007292747109275,0.08405692385159422,0.20693013707220123,0.088909721718084,ACQ2
485,USA,IRN,Nego,5.11,1.66,1,1,0.1435706718842411,0.1166337085735419,0.23974988812065914,0.03189400180381957,0.06252607453413779,0.08510176231272737,0.20950230550370746,0.11102158726716543,ACQ2,0.12675440203648317,0.09539706485713863,0.2506847759471568,0.09719404704624919,0.05007292747109275,0.08405692385159422,0.20693013707220123,0.088909721718084,ACQ2
485,USA,IRN,Nego,5.11,1.67,1,1,0.1444320631600333,0.11773490216811902,0.2363571042967712,0.031857171817189875,0.06314966054615333,0.08502555907556092,0.20931470946057787,0.11212882947559433,ACQ2,0.12675440203648317,0.09539706485713863,0.2506847759471568,0.09719404704624919,0.05007292747109275,0.08405692385159422,0.20693013707220123,0.088909721718084,ACQ2
485,USA,IRN,Nego,5.11,1.68,1,1,0.14528165257051162,0.11883842606248897,0.23294257516416622,0.031823673001084476,0.06378396312718221,0.08494881875870099,0.209125791242314,0.11325510007355159,ACQ2,0.12675440203648317,0.09539706485713863,0.2506847759471568,0.09719404704624919,0.05007292747109275,0.08405692385159422,0.20693013707220123,0.088909721718084,ACQ2
485,USA,IRN,Nego,5.11,1.69,1,1,0.14611826584603652,0.1199436353460914,0.22950811834098106,0.03179368489034545,0.06442894011864402,0.0848715237535395,0.20893550750029524,0.1144003242040669,ACQ2,0.12675440203648317,0.09539706485713863,0.2506847759471568,0.09719404704624919,0.05007292747109275,0.08405692385159422,0.20693013707220123,0.088909721718084,ACQ2
485,USA,IRN,Nego,5.11,1.7,1,1,0.14694070788651886,0.12104986209050465,0.22605558268614323,0.03176740328497895,0.06508454168287775,0.08479366155185569,0.20874382744196215,0.11556441337515856,ACQ2,0.12675440203648317,0.09539706485713863,0.2506847759471568,0.09719404704624919,0.05007292747109275,0.08405692385159422,0.20693013707220123,0.088909721718084,ACQ2
485,USA,IRN,Nego,5.11,1.71,1,1,0.14774776467721715,0.12215641562421688,0.22258684628141284,0.03174504082243939,0.06575070999063835,0.08471522478120004,0.20855073291792356,0.1167472649049518,ACQ2,0.12675440203648317,0.09539706485713863,0.2506847759471568,0.09719404704624919,0.05007292747109275,0.08405692385159422,0.20693013707220123,0.088909721718084,ACQ2
485,USA,IRN,Nego,5.11,1.72,1,1,0.1485382054023914,0.12326258288589201,0.21910381424541203,0.031726827546163495,0.0664273789083062,0.08463621121029574,0.20835621843525387,0.11794876136628524,ACQ2,0.12675440203648317,0.09539706485713863,0.2506847759471568,0.09719404704624919,0.05007292747109275,0.08405692385159422,0.20693013707220123,0.088909721718084,ACQ2
485,USA,IRN,Nego,5.11,1.73,1,1,0.1493107847585671,0.12436762885711514,0.2156084163832032,0.031713011469180055,0.06711447368505635,0.08455662372277985,0.20816029109285,0.11916877003124834,ACQ2,0.12675440203648317,0.09539706485713863,0.2506847759471568,0.09719404704624919,0.05007292747109275,0.08405692385159422,0.20693013707220123,0.088909721718084,ACQ2
485,USA,IRN,Nego,5.11,1.74,1,1,0.1500642454676747,0.12547079707484562,0.21210260467653286,0.03170385913176523,0.0678119106401885,0.08447647025779957,0.20796297043519105,0.12040714231600258,ACQ2,0.12675440203648317,0.09539706485713863,0.2506847759471568,0.09719404704624919,0.05007292747109275,0.08405692385159422,0.20693013707220123,0.088909721718084,ACQ2
485,USA,IRN,Nego,5.11,1.75,1,1,0.1507973209886838,0.1265713102229693,0.20858835062151074,0.031699656152287266,0.06851959685075945,0.08439576371621613,0.2077642882214335,0.12166371322613982,ACQ2,0.12675440203648317,0.09539706485713863,0.2506847759471568,0.09719404704624919,0.05007292747109275,0.08405692385159422,0.20693013707220123,0.088909721718084,ACQ2
485,USA,IRN,Nego,5.11,1.76,1,1,0.1515087384245761,0.12766837080142918,0.20506764242219278,0.03170070777058144,0.06923742983959943,0.08431452183144678,0.20756428810745114,0.12293830080272337,WAR1,0.12675440203648317,0.09539706485713863,0.2506847759471568,0.09719404704624919,0.05007292747109275,0.08405692385159422,0.20693013707220123,0.088909721718084,ACQ2
485,USA,IRN,Nego,5.11,1.77,1,1,0.15219722161958513,0.1287611618704216,0.20154248205029024,0.03170733938341712,0.06996529726373012,0.0842327670042942,0.2073630252392208,0.12423070556904096,WAR1,0.12675440203648317,0.09539706485713863,0.2506847759471568,0.09719404704624919,0.05007292747109275,0.08405692385159422,0.20693013707220123,0.088909721718084,ACQ2
485,USA,IRN,Nego,5.11,1.78,1,1,0.1528614944396085,0.12984884786610726,0.19801488218299979,0.03171989707185558,0.07070307660313419,0.08415052610147335,0.20716056575683822,0.12554070997798303,WAR1,0.12675440203648317,0.09539706485713863,0.2506847759471568,0.09719404704624919,0.05007292747109275,0.08405692385159422,0.20693013707220123,0.088909721718084,ACQ2
485,USA,IRN,Nego,5.11,1.79,1,1,0.15350028422657794,0.13093057548318798,0.19448686303271168,0.03173874812054399,0.07145063484976047,0.08406783021794491,0.20695698620943467,0.12686807785983842,WAR1,0.12675440203648317,0.09539706485713863,0.2506847759471568,0.09719404704624919,0.05007292747109275,0.08405692385159422,0.20693013707220123,0.088909721718084,ACQ2
485,USA,IRN,Nego,5.11,1.8,1,1,0.15411232541538775,0.13200547461857892,0.1909604490840909,0.03176428152923755,0.07220782819658497,0.08398471440359936,0.20675237288233073,0.12821255387018984,WAR1,0.12675440203648317,0.09539706485713863,0.2506847759471568,0.09719404704624919,0.05007292747109275,0.08405692385159422,0.20693013707220123,0.088909721718084,ACQ2
485,USA,IRN,Nego,5.11,1.81,1,1,0.15469636329974995,0.13307265936927662,0.1874376657556896,0.0317969085170796,0.07297450172649143,0.08390121735530319,0.2065468210389209,0.12957386293748885,WAR1,0.12675440203648317,0.09539706485713863,0.2506847759471568,0.09719404704624919,0.05007292747109275,0.08405692385159422,0.20693013707220123,0.088909721718084,ACQ2
485,USA,IRN,Nego,5.11,1.82,1,1,0.15525115793111616,0.13413122907640826,0.18392053600480465,0.03183706302038197,0.0737504891006878,0.08381738107580984,0.206340434080985,0.13095170970980657,WAR1,0.12675440203648317,0.09539706485713863,0.2506847759471568,0.09719404704624919,0.05007292747109275,0.08405692385159422,0.20693013707220123,0.088909721718084,ACQ2
485,USA,IRN,Nego,5.11,1.83,1,1,0.15577548813260383,0.13518026940637431,0.18041107689571925,0.03188520218482123,0.0745356122463418,0.08373325050155116,0.20613332263239037,0.1323457780001981,WAR1,0.12675440203648317,0.09539706485713863,0.2506847759471568,0.09719404704624919,0.05007292747109275,0.08405692385159422,0.20693013707220123,0.088909721718084,ACQ2
485,USA,IRN,Nego,5.11,1.84,1,1,0.15626815560774393,0.13621885345901055,0.17691129615269433,0.03194180685308339,0.07532968104310665,0.08364887310184299,0.20592560355242226,0.13375573023009585,WAR1,0.12675440203648317,0.09539706485713863,0.2506847759471568,0.09719404704624919,0.05007292747109275,0.08405692385159422,0.20693013707220123,0.088909721718084,ACQ2
485,USA,IRN,Nego,5.11,1.85,1,1,0.15672798912186414,0.13724604289181255,0.1734231887200832,0.03200738204902904,0.07613249300821737,0.08356429845256168,0.20571739888626625,0.1351812068701655,WAR1,0.12675440203648317,0.09539706485713863,0.2506847759471568,0.09719404704624919,0.05007292747109275,0.08405692385159422,0.20693013707220123,0.088909721718084,ACQ2
485,USA,IRN,Nego,5.11,1.86,1,1,0.15715384873210117,0.1382608890485477,0.16994873335267344,0.03208245745939213,0.07694383297988402,0.08347957778785269,0.20550883476141169,0.13662182587813715,WAR1,0.12675440203648317,0.09539706485713863,0.2506847759471568,0.09719404704624919,0.05007292747109275,0.08405692385159422,0.20693013707220123,0.088909721718084,ACQ2
485,USA,IRN,Nego,5.11,1.87,1,1,0.15754463004043023,0.13926243408005115,0.16648988925978472,0.032167587913843,0.07776347279878353,0.08339476353391605,0.2053000402399303,0.1380771821332609,WAR1,0.12675440203648317,0.09539706485713863,0.2506847759471568,0.09719404704624919,0.05007292747109275,0.08405692385159422,0.20693013707220123,0.088909721718084,ACQ2
485,USA,IRN,Nego,5.11,1.88,1,1,0.15789926844277943,0.1402497120447255,0.16304859282670794,0.032263353863921984,0.07859117098757917,0.08330990882935266,0.20509114613767268,0.1395468468672605,WAR1,0.12675440203648317,0.09539706485713863,0.2506847759471568,0.09719404704624919,0.05007292747109275,0.08405692385159422,0.20693013707220123,0.088909721718084,ACQ2
485,USA,IRN,Nego,5.11,1.89,1,1,0.1582167433463043,0.14122174997626405,0.15962675443674307,0.03237036186085054,0.07942667242856905,0.0832250670369404,0.2048822838223646,0.1410303670919638,WAR1,0.12675440203648317,0.09539706485713863,0.2506847759471568,0.09719404704624919,0.05007292747109275,0.08405692385159422,0.20693013707220123,0.088909721718084,ACQ2
485,USA,IRN,Nego,5.11,1.9,1,1,0.15849608232628265,0.1421775689064686,0.1562262554163304,0.03248924503153836,0.08026970803979698,0.08314029125201983,0.20467358400335872,0.14252726502420432,WAR1,0.12675440203648317,0.09539706485713863,0.2506847759471568,0.09719404704624919,0.05007292747109275,0.08405692385159422,0.20693013707220123,0.088909721718084,ACQ2
485,USA,IRN,Nego,5.11,1.91,1,1,0.15873636519390624,0.14311618483174685,0.15284894512455094,0.03262066355119833,0.08111999445025644,0.0830556338128917,0.20446517552633797,0.1440370375091117,WAR1,0.12675440203648317,0.09539706485713863,0.2506847759471568,0.09719404704624919,0.05007292747109275,0.08405692385159422,0.20693013707220123,0.088909721718084,ACQ2
485,USA,IRN,Nego,5.11,1.92,1,1,0.1589367279465156,0.144036609613022,0.14949663820657627,0.032765305109842185,0.08197723367518288,0.08297114581874494,0.20425718418655708,0.1455591554435591,WAR1,0.12675440203648317,0.09539706485713863,0.2506847759471568,0.09719404704624919,0.05007292747109275,0.08405692385159422,0.20693013707220123,0.088909721718084,ACQ2
485,USA,IRN,Nego,5.11,1.93,1,1,0.15909636657259962,0.1449378518003818,0.14617111202846728,0.03292388536854291,0.08284111279287225,0.0828868766606256,0.20404973157418949,0.147093063202321,WAR1,0.12675440203648317,0.09539706485713863,0.2506847759471568,0.09719404704624919,0.05007292747109275,0.08405692385159422,0.20693013707220123,0.088909721718084,ACQ2
485,USA,IRN,Nego,5.11,1.94,1,1,0.15921454068516125,0.14581891737587246,0.1428741043080462,0.033097148399708086,0.08371130362498154,0.08280287357081811,0.20384293396499983,0.1486381780704127,WAR1,0.12675440203648317,0.09539706485713863,0.2506847759471568,0.09719404704624919,0.05007292747109275,0.08405692385159422,0.20693013707220123,0.088909721718084,ACQ2
485,USA,IRN,Nego,5.11,1.95,1,1,0.159290576958847,0.1466788104104198,0.13960731095343723,0.033285867103708955,0.08458746242286785,0.08271918119571783,0.20363690126884773,0.15019388968615344,WAR1,0.12675440203648317,0.09539706485713863,0.2506847759471568,0.09719404704624919,0.05007292747109275,0.08405692385159422,0.20693013707220123,0.088909721718084,ACQ2
485,USA,IRN,Nego,5.11,1.96,1,1,0.15932387234855466,0.1475165336339358,0.13637238411728256,0.033490843592069885,0.0854692295632043,0.08263584119682711,0.20343173604742576,0.1517595595006999,WAR1,0.12675440203648317,0.09539706485713863,0.2506847759471568,0.09719404704624919,0.05007292747109275,0.08405692385159422,0.20693013707220123,0.088909721718084,ACQ2
485,USA,IRN,Nego,5.11,1.97,1,1,0.1593138970700112,0.14833108892122673,0.1331709304706744,0.033712909525054485,0.08635622925686341,0.08255289188389726,0.2032275326111339,0.15333452026113847,WAR1,0.12675440203648317,0.09539706485713863,0.2506847759471568,0.09719404704624919,0.05007292747109275,0.08405692385159422,0.20693013707220123,0.088909721718084,ACQ2
485,USA,IRN,Nego,5.11,1.98,1,1,0.15926019732603897,0.1491214777003381,0.1300045096965438,0.033952926388931874,0.0872480692758909,0.08247036788346675,0.20302437620309102,0.15491807552569858,WAR1,0.12675440203648317,0.09539706485713863,0.2506847759471568,0.09719404704624919,0.05007292747109275,0.08405692385159422,0.20693013707220123,0.088909721718084,ACQ2
485,USA,IRN,Nego,5.11,1.99,1,1,0.15916239776581032,0.14988670129437842,0.12687463319770118,0.03421178569551182,0.08814434070427518,0.08238829984511375,0.20282234227599164,0.15650949922121782,WAR1,0.12675440203648317,0.09539706485713863,0.2506847759471568,0.09719404704624919,0.05007292747109275,0.08405692385159422,0.20693013707220123,0.088909721718084,ACQ2
485,USA,IRN,Nego,5.12,1.5,1,1,0.12848345166563924,0.10033535365296213,0.2878853172799221,0.033067892276197844,0.05440001035014846,0.08643951028343201,0.21279555439102937,0.09659291010066913,ACQ2,0.12675440203648317,0.09539706485713863,0.2506847759471568,0.09719404704624919,0.05007292747109275,0.08405692385159422,0.20693013707220123,0.088909721718084,ACQ2
485,USA,IRN,Nego,5.12,1.51,1,1,0.1293993328546568,0.10134243525634147,0.2850051658384345,0.03299474236274994,0.05486276587303483,0.08636611238227734,0.21261486448410916,0.09741458094839592,ACQ2,0.12675440203648317,0.09539706485713863,0.2506847759471568,0.09719404704624919,0.05007292747109275,0.08405692385159422,0.20693013707220123,0.088909721718084,ACQ2
485,USA,IRN,Nego,5.12,1.52,1,1,0.1303181747519793,0.1023590801010693,0.28208005152984095,0.032923800196352576,0.05533620273247564,0.08629288318111723,0.21243458988043096,0.09825521762673407,ACQ2,0.12675440203648317,0.09539706485713863,0.2506847759471568,0.09719404704624919,0.05007292747109275,0.08405692385159422,0.20693013707220123,0.088909721718084,ACQ2
485,USA,IRN,Nego,5.12,1.53,1,1,0.13123923742777888,0.10338498123750388,0.27911118761320775,0.0328550674398933,0.05582035821718463,0.08621974424031646,0.212254537478419,0.09911488634569621,ACQ2,0.12675440203648317,0.09539706485713863,0.2506847759471568,0.09719404704624919,0.05007292747109275,0.08405692385159422,0.20693013707220123,0.088909721718084,ACQ2
485,USA,IRN,Nego,5.12,1.54,1,1,0.1321617506902282,0.10441981159330904,0.2760998306473573,0.03278855401345829,0.05631526627791339,0.08614661945793581,0.2120745199314039,0.09999364738839407,ACQ2,0.12675440203648317,0.09539706485713863,0.2506847759471568,0.09719404704624919,0.05007292747109275,0.08405692385159422,0.20693013707220123,0.088909721718084,ACQ2
485,USA,IRN,Nego,5.12,1.55,1,1,0.13308491376806791,0.10546322342357502,0.2730472807329623,0.03272427857493254,0.05682095725601346,0.08607343532914204,0.21189435628623476,0.10089155462907175,ACQ2,0.12675440203648317,0.09539706485713863,0.2506847759471568,0.09719404704624919,0.05007292747109275,0.08405692385159422,0.20693013707220123,0.088909721718084,ACQ2
485,USA,IRN,Nego,5.12,1.56,1,1,0.13400789507890634,0.10651484778437127,0.2699548816503073,0.032662269016109295,0.05733745760602909,0.08600012120452799,0.21171387261920818,0.10180865504054049,ACQ2,0.12675440203648317,0.09539706485713863,0.2506847759471568,0.09719404704624919,0.05007292747109275,0.08405692385159422,0.20693013707220123,0.088909721718084,ACQ2
485,USA,IRN,Nego,5.12,1.57,1,1,0.134929832091741,0.10757429403363462,0.26682402088500456,0.0326025629735832,0.05786478961262008,0.08592660954596065,0.21153290266591074,0.10274498819154532,ACQ2,0.12675440203648317,0.09539706485713863,0.2506847759471568,0.09719404704624919,0.05007292747109275,0.08405692385159422,0.20693013707220123,0.088909721718084,ACQ2
485,USA,IRN,Nego,5.12,1.58,1,1,0.13584983129243228,0.10864114936345784,0.26365612953399764,0.03254520835358566,0.058402971102141786,0.08585283617845652,0.21135128844128287,0.10370058573464525,ACQ2,0.12675440203648317,0.09539706485713863,0.2506847759471568,0.09719404704624919,0.05007292747109275,0.08405692385159422,0.20693013707220123,0.088909721718084,ACQ2
485,USA,IRN,Nego,5.12,1.59,1,1,0.1367669682610354,0.10971497836797485,0.26045268208432387,0.03249026386980416,0.058952015149236946,0.0857787405364673,0.21116888084592111,0.10467547088523646,ACQ2,0.12675440203648317,0.09539706485713863,0.2506847759471568,0.09719404704624919,0.05007292747109275,0.08405692385159422,0.20693013707220123,0.088909721718084,ACQ2
485,USA,IRN,Nego,5.12,1.6,1,1,0.13768028787002362,0.11079532265115027,0.2572151960572948,0.03243779959311275,0.0595119297788186,0.08570426590284627,0.21098554025436184,0.10566965789239177,ACQ2,0.12675440203648317,0.09539706485713863,0.2506847759471568,0.09719404704624919,0.05007292747109275,0.08405692385159422,0.20693013707220123,0.088909721718084,ACQ2
485,USA,IRN,Nego,5.12,1.61,1,1,0.13858880461249243,0.11188170047885546,0.2539452315110553,0.032387897512030805,0.0600827176638462,0.08562935963866004,0.21080113708082926,0.10668315150223026,ACQ2,0.12675440203648317,0.09539706485713863,0.2506847759471568,0.09719404704624919,0.05007292747109275,0.08405692385159422,0.20693013707220123,0.088909721718084,ACQ2
485,USA,IRN,Nego,5.12,1.62,1,1,0.13949150306940544,0.11297360647964984,0.25064439039483516,0.0323406521026243,0.06066437581931717,0.08555397340191309,0.21061555231768775,0.10771594641456755,ACQ2,0.12675440203648317,0.09539706485713863,0.2506847759471568,0.09719404704624919,0.05007292747109275,0.08405692385159422,0.20693013707220123,0.088909721718084,ACQ2
485,USA,IRN,Nego,5.12,1.63,1,1,0.14038733852483218,0.1140705113986832,0.24731431574869003,0.032296170906467456,0.061256895292911055,0.08547806335316545,0.21042867804162874,0.10876802673362199,ACQ2,0.12675440203648317,0.09539706485713863,0.2506847759471568,0.09719404704624919,0.05007292747109275,0.08405692385159422,0.20693013707220123,0.088909721718084,ACQ2
485,USA,IRN,Nego,5.12,1.64,1,1,0.1412752377379198,0.11517186190907762,0.24395669074309048,0.03225457511520038,0.061860260852737534,0.08540159034595232,0.21024041788244335,0.10983936541357868,ACQ2,0.12675440203648317,0.09539706485713863,0.2506847759471568,0.09719404704624919,0.05007292747109275,0.08405692385159422,0.20693013707220123,0.088909721718084,ACQ2
485,USA,IRN,Nego,5.12,1.65,1,1,0.14215409988000977,0.11627708048503257,0.24057323755339702,0.03221600016014716,0.062474450672643594,0.08532452009985794,0.21005068744909253,0.11092992369981935,ACQ2,0.12675440203648317,0.09539706485713863,0.2506847759471568,0.09719404704624919,0.05007292747109275,0.08405692385159422,0.20693013707220123,0.088909721718084,ACQ2
485,USA,IRN,Nego,5.12,1.66,1,1,0.14302279764488277,0.11738556534073279,0.23716571606504416,0.032180596305406706,0.06309943601554027,0.08524682335405898,0.2098594147076986,0.11203965056663581,ACQ2,0.12675440203648317,0.09539706485713863,0.2506847759471568,0.09719404704624919,0.05007292747109275,0.08405692385159422,0.20693013707220123,0.088909721718084,ACQ2
485,USA,IRN,Nego,5.12,1.67,1,1,0.14388017853953453,0.11849669043888537,0.23373592240616692,0.032148529242793385,0.06373518091520193,0.08516847599914014,0.2096665403060463,0.11316848215223146,ACQ2,0.12675440203648317,0.09539706485713863,0.2506847759471568,0.09719404704624919,0.05007292747109275,0.08405692385159422,0.20693013707220123,0.088909721718084,ACQ2
485,USA,IRN,Nego,5.12,1.68,1,1,0.14472506636218824,0.11960980557241148,0.2302856873054146,0.03211998068699325,0.0643816418569838,0.08508945918499485,0.20947201783921232,0.11431634119180169,ACQ2,0.12675440203648317,0.09539706485713863,0.2506847759471568,0.09719404704624919,0.05007292747109275,0.08405692385159422,0.20693013707220123,0.088909721718084,ACQ2
485,USA,IRN,Nego,5.12,1.69,1,1,0.14555626287339232,0.12072423652241687,0.22681687427384245,0.03209514896931222,0.0650387674578828,0.08500975940266622,0.20927581405103884,0.11548313644944835,ACQ2,0.12675440203648317,0.09539706485713863,0.2506847759471568,0.09719404704624919,0.05007292747109275,0.08405692385159422,0.20693013707220123,0.088909721718084,ACQ2
485,USA,IRN,Nego,5.12,1.7,1,1,0.14637254966505456,0.12183928529509759,0.22333137761102118,0.0320742496284319,0.06570649814634459,0.08492936853805468,0.20907790896635148,0.11666876214964404,ACQ2,0.12675440203648317,0.09539706485713863,0.2506847759471568,0.09719404704624919,0.05007292747109275,0.08405692385159422,0.20693013707220123,0.088909721718084,ACQ2
485,USA,IRN,Nego,5.12,1.71,1,1,0.1471726902311041,0.12295423043967761,0.21983112023687318,0.032057515996652845,0.06638476584218742,0.08484828389552589,0.20887829594907573,0.117873097408903,ACQ2,0.12675440203648317,0.09539706485713863,0.2506847759471568,0.09719404704624919,0.05007292747109275,0.08405692385159422,0.20693013707220123,0.088909721718084,ACQ2
485,USA,IRN,Nego,5.12,1.72,1,1,0.14795543224216035,0.1240683274488306,0.2163180513522174,0.03204519978020111,0.0670734936369739,0.0847665081895971,0.20867698168177148,0.11909600566824788,ACQ2,0.12675440203648317,0.09539706485713863,0.2506847759471568,0.09719404704624919,0.05007292747109275,0.08405692385159422,0.20693013707220123,0.088909721718084,ACQ2
485,USA,IRN,Nego,5.12,1.73,1,1,0.1487195100251154,0.1251808092423062,0.21279414393257184,0.03203757163229621,0.06777259547511696,0.08468404950306367,0.20847398606254947,0.12033733412698006,ACQ2,0.12675440203648317,0.09539706485713863,0.2506847759471568,0.09719404704624919,0.05007292747109275,0.08405692385159422,0.20693013707220123,0.088909721718084,ACQ2
485,USA,IRN,Nego,5.12,1.74,1,1,0.14946364724691336,0.12629088673366815,0.20926139206142233,0.03203492171783113,0.06848197583595407,0.08460092121015214,0.20826934201588976,0.1215969131781692,ACQ2,0.12675440203648317,0.09539706485713863,0.2506847759471568,0.09719404704624919,0.05007292747109275,0.08405692385159422,0.20693013707220123,0.088909721718084,ACQ2
485,USA,IRN,Nego,5.12,1.75,1,1,0.15018655980003523,0.1273977494791511,0.20572180811088814,0.032037560268692714,0.0692015294169662,0.08451714186355216,0.20806309521453936,0.12287455584617521,WAR1,0.12675440203648317,0.09539706485713863,0.2506847759471568,0.09719404704624919,0.05007292747109275,0.08405692385159422,0.20693013707220123,0.088909721718084,ACQ2
485,USA,IRN,Nego,5.12,1.76,1,1,0.15088695888529532,0.12850056640667676,0.20217741977949288,0.0320458181289524,0.06993114081825681,0.08443273504449088,0.20785530371042696,0.12417005722640787,WAR1,0.12675440203648317,0.09539706485713863,0.2506847759471568,0.09719404704624919,0.05007292747109275,0.08405692385159422,0.20693013707220123,0.088909721718084,ACQ2
485,USA,IRN,Nego,5.12,1.77,1,1,0.15156355428552226,0.12959848662203383,0.1986302669985541,0.03206004728937619,0.07067068422834215,0.08434772917536157,0.20764603747339547,0.12548319392741444,WAR1,0.12675440203648317,0.09539706485713863,0.2506847759471568,0.09719404704624919,0.05007292747109275,0.08405692385159422,0.20693013707220123,0.088909721718084,ACQ2
485,USA,IRN,Nego,5.12,1.78,1,1,0.15221505782156586,0.1306906402881419,0.1950823987205155,0.032080621410935255,0.07142002311123934,0.08426215729481236,0.20743537783751773,0.12681372351527184,WAR1,0.12675440203648317,0.09539706485713863,0.2506847759471568,0.09719404704624919,0.05007292747109275,0.08405692385159422,0.20693013707220123,0.088909721718084,ACQ2
485,USA,IRN,Nego,5.12,1.79,1,1,0.15284018697986887,0.1317761395721987,0.19153586960432503,0.03210793633723244,0.07217900989477781,0.08417605679562774,0.20722341685581794,0.12816138396015128,WAR1,0.12675440203648317,0.09539706485713863,0.2506847759471568,0.09719404704624919,0.05007292747109275,0.08405692385159422,0.20693013707220123,0.088909721718084,ACQ2
485,USA,IRN,Nego,5.12,1.8,1,1,0.153437668698573,0.13285407965437904,0.18799273661468732,0.03214241059598785,0.07294748566000178,0.08408946912619843,0.20701025656535316,0.12952589308481952,WAR1,0.12675440203648317,0.09539706485713863,0.2506847759471568,0.09719404704624919,0.05007292747109275,0.08405692385159422,0.20693013707220123,0.088909721718084,ACQ2
485,USA,IRN,Nego,5.12,1.81,1,1,0.15400624329686258,0.13392353979062627,0.18445505555364322,0.03218448588993534,0.07372527983148508,0.08400243945686436,0.2067960081658229,0.13090694801476044,WAR1,0.12675440203648317,0.09539706485713863,0.2506847759471568,0.09719404704624919,0.05007292747109275,0.08405692385159422,0.20693013707220123,0.088909721718084,ACQ2
485,USA,IRN,Nego,5.12,1.82,1,1,0.15454466852999446,0.13498358442099395,0.1809248775444257,0.03223462757765375,0.07451220986834484,0.0839150163129271,0.20658079111612254,0.1323042246295379,WAR1,0.12675440203648317,0.09539706485713863,0.2506847759471568,0.09719404704624919,0.05007292747109275,0.08405692385159422,0.20693013707220123,0.088909721718084,ACQ2
485,USA,IRN,Nego,5.12,1.83,1,1,0.15505172375026788,0.13603326431398063,0.17740424548885075,0.03229332514497928,0.07530808095572569,0.08382725117664945,0.20636473215455323,0.13371737701499303,WAR1,0.12675440203648317,0.09539706485713863,0.2506847759471568,0.09719404704624919,0.05007292747109275,0.08405692385159422,0.20693013707220123,0.088909721718084,ACQ2
485,USA,IRN,Nego,5.12,1.84,1,1,0.15552621415212298,0.1370716177363894,0.17389519052060154,0.032361092667695844,0.07611268569653357,0.08373919806108648,0.20614796424968376,0.13514603691588617,WAR1,0.12675440203648317,0.09539706485713863,0.2506847759471568,0.09719404704624919,0.05007292747109275,0.08405692385159422,0.20693013707220123,0.088909721718084,ACQ2
485,USA,IRN,Nego,5.12,1.85,1,1,0.1559669750776275,0.13809767163748518,0.1703997284775946,0.032438469266158926,0.07692580380323642,0.08365091305910563,0.20593062549013577,0.13658981318865593,WAR1,0.12675440203648317,0.09539706485713863,0.2506847759471568,0.09719404704624919,0.05007292747109275,0.08405692385159422,0.20693013707220123,0.088909721718084,ACQ2
485,USA,IRN,Nego,5.12,1.86,1,1,0.15637287635691505,0.1391104428356438,0.16691985641714216,0.03252601955235454,0.07774720178962134,0.0835624538714484,0.2057128579227724,0.13804829125410234,WAR1,0.12675440203648317,0.09539706485713863,0.2506847759471568,0.09719404704624919,0.05007292747109275,0.08405692385159422,0.20693013707220123,0.088909721718084,ACQ2
485,USA,IRN,Nego,5.12,1.87,1,1,0.15674282665669492,0.14010893919535025,0.16345754919779792,0.03262433406960198,0.07857663266251648,0.08347387931813957,0.20549480634989237,0.13952103255000659,WAR1,0.12675440203648317,0.09539706485713863,0.2506847759471568,0.09719404704624919,0.05007292747109275,0.08405692385159422,0.20693013707220123,0.088909721718084,ACQ2
485,USA,IRN,Nego,5.12,1.88,1,1,0.1570757778088316,0.14109216078233702,0.16001475615155925,0.032734029724656284,0.07941383561364812,0.08338524883795359,0.20527661709702325,0.14100757398399094,WAR1,0.12675440203648317,0.09539706485713863,0.2506847759471568,0.09719404704624919,0.05007292747109275,0.08405692385159422,0.20693013707220123,0.088909721718084,ACQ2
485,USA,IRN,Nego,5.12,1.89,1,1,0.15737072909023492,0.14205910098491298,0.1565933978694615,0.032855750211331636,0.08025853571202672,0.08329662198098217,0.20505843676373198,0.1425074273873182,WAR1,0.12675440203648317,0.09539706485713863,0.2506847759471568,0.09719404704624919,0.05007292747109275,0.08405692385159422,0.20693013707220123,0.088909721718084,ACQ2
485,USA,IRN,Nego,5.12,1.9,1,1,0.1576267314249593,0.14300874759016569,0.15319536312250873,0.0329901664239249,0.08111044359753855,0.08320805789959404,0.20484041097047698,0.14402007897083158,WAR1,0.12675440203648317,0.09539706485713863,0.2506847759471568,0.09719404704624919,0.05007292747109275,0.08405692385159422,0.20693013707220123,0.088909721718084,ACQ2
485,USA,IRN,Nego,5.12,1.91,1,1,0.15784289147952377,0.14394008380475073,0.14982250593831625,0.033137976857657014,0.08196925517677121,0.0831196148432268,0.20462268311489337,0.14554498878486086,WAR1,0.12675440203648317,0.09539706485713863,0.2506847759471568,0.09719404704624919,0.05007292747109275,0.08405692385159422,0.20693013707220123,0.088909721718084,ACQ2
485,USA,IRN,Nego,5.12,1.92,1,1,0.15801837562304616,0.1448520892114585,0.14647664285179343,0.03329990799205111,0.08283465132252585,0.08303134966247802,0.20440539315097203,0.14708159018567496,WAR1,0.12675440203648317,0.09539706485713863,0.2506847759471568,0.09719404704624919,0.05007292747109275,0.08405692385159422,0.20693013707220123,0.088909721718084,ACQ2
485,USA,IRN,Nego,5.12,1.93,1,1,0.15815241372489716,0.1457437406546973,0.14315955034566197,0.033476714651624565,0.08370629757896943,0.08294331732786095,0.2041886764043391,0.14862928931194938,WAR1,0.12675440203648317,0.09539706485713863,0.2506847759471568,0.09719404704624919,0.05007292747109275,0.08405692385159422,0.20693013707220123,0.088909721718084,ACQ2
485,USA,IRN,Nego,5.12,1.94,1,1,0.15824430276417428,0.14661401305045751,0.1398729624935924,0.03366918033648652,0.08458384387496086,0.082855570468344,0.20397266243623874,0.15018746457574586,WAR1,0.12675440203648317,0.09539706485713863,0.2506847759471568,0.09719404704624919,0.05007292747109275,0.08405692385159422,0.20693013707220123,0.088909721718084,ACQ2
485,USA,IRN,Nego,5.12,1.95,1,1,0.1582934102274155,0.1474618801192338,0.13661856881530357,0.033878117513414754,0.08546692424873803,0.0827681589343924,0.20375747396783572,0.15175546617366634,WAR1,0.12675440203648317,0.09539706485713863,0.2506847759471568,0.09719404704624919,0.05007292747109275,0.08405692385159422,0.20693013707220123,0.088909721718084,ACQ2
485,USA,IRN,Nego,5.12,1.96,1,1,0.15829917727356077,0.14828631504377607,0.13339801234912083,0.03410436785575406,0.08635515658788824,0.08268112938967426,0.20354322587508294,0.1533326156251427,WAR1,0.12675440203648317,0.09539706485713863,0.2506847759471568,0.09719404704624919,0.05007292747109275,0.08405692385159422,0.20693013707220123,0.088909721718084,ACQ2
485,USA,IRN,Nego,5.12,1.97,1,1,0.15826112164819223,0.14908629105735938,0.13021288794331692,0.03434880241806885,0.08724814238931844,0.08259452493487399,0.20333002426263141,0.15491820534623876,WAR1,0.12675440203648317,0.09539706485713863,0.2506847759471568,0.09719404704624919,0.05007292747109275,0.08405692385159422,0.20693013707220123,0.088909721718084,ACQ2
485,USA,IRN,Nego,5.12,1.98,1,1,0.1581788403324789,0.14986078197248173,0.12706474076313168,0.03461232172894317,0.08814546654479988,0.08250838476618653,0.20311796562311485,0.15651149826886301,WAR1,0.12675440203648317,0.09539706485713863,0.2506847759471568,0.09719404704624919,0.05007292747109275,0.08405692385159422,0.20693013707220123,0.088909721718084,ACQ2
485,USA,IRN,Nego,5.12,1.99,1,1,0.1580520119159388,0.1506087626644218,0.12395506500578811,0.03489585578271442,0.08904669715856044,0.0824227438700484,0.2029071360856441,0.15811172751688402,WAR1,0.12675440203648317,0.09539706485713863,0.2506847759471568,0.09719404704624919,0.05007292747109275,0.08405692385159422,0.20693013707220123,0.088909721718084,ACQ2
485,USA,IRN,Nego,5.13,1.5,1,1,0.12794521849621654,0.10091357688020021,0.2859725924445253,0.03329677937411332,0.05479488238789718,0.08659776358521251,0.21318514011376394,0.09729404671807103,ACQ2,0.12675440203648317,0.09539706485713863,0.2506847759471568,0.09719404704624919,0.05007292747109275,0.08405692385159422,0.20693013707220123,0.088909721718084,ACQ2
485,USA,IRN,Nego,5.13,1.51,1,1,0.12886470797001665,0.10193288875027948,0.2830409907588206,0.03322732562322263,0.0552690298870108,0.08652445116255632,0.21300466063659296,0.09813594521150054,ACQ2,0.12675440203648317,0.09539706485713863,0.2506847759471568,0.09719404704624919,0.05007292747109275,0.08405692385159422,0.20693013707220123,0.088909721718084,ACQ2
485,USA,IRN,Nego,5.13,1.52,1,1,0.12978682829762606,0.10296175862892716,0.28006507036758865,0.0331600834075776,0.05575394291948448,0.08645114955619489,0.21282420778682215,0.09899695903577908,ACQ2,0.12675440203648317,0.09539706485713863,0.2506847759471568,0.09719404704624919,0.05007292747109275,0.08405692385159422,0.20693013707220123,0.088909721718084,ACQ2
485,USA,IRN,Nego,5.13,1.53,1,1,0.1307108186927974,0.10399986376139103,0.27704608369487926,0.03309506180008404,0.05624965589504709,0.08637777977113002,0.21264358709569098,0.09987714928898042,ACQ2,0.12675440203648317,0.09539706485713863,0.2506847759471568,0.09719404704624919,0.05007292747109275,0.08405692385159422,0.20693013707220123,0.088909721718084,ACQ2
485,USA,IRN,Nego,5.13,1.54,1,1,0.13163588737551,0.1050468603351069,0.2739853275365719,0.033032278711611754,0.056756199541649135,0.08630426542978487,0.2124626105379695,0.10077657053179573,ACQ2,0.12675440203648317,0.09539706485713863,0.2506847759471568,0.09719404704624919,0.05007292747109275,0.08405692385159422,0.20693013707220123,0.088909721718084,ACQ2
485,USA,IRN,Nego,5.13,1.55,1,1,0.13256121128864531,0.10610238291378703,0.2708841432570622,0.032971761400784,0.05727360062055506,0.0862305330416782,0.21228109719583824,0.10169527028164999,ACQ2,0.12675440203648317,0.09539706485713863,0.2506847759471568,0.09719404704624919,0.05007292747109275,0.08405692385159422,0.20693013707220123,0.088909721718084,ACQ2
485,USA,IRN,Nego,5.13,1.56,1,1,0.13348593590721042,0.10716604389754951,0.2677439168742225,0.03291354699935467,0.057801881635503566,0.08615651227136722,0.21209887391850676,0.10263328849628572,ACQ2,0.12675440203648317,0.09539706485713863,0.2506847759471568,0.09719404704624919,0.05007292747109275,0.08405692385159422,0.20693013707220123,0.088909721718084,ACQ2
485,USA,IRN,Nego,5.13,1.57,1,1,0.13440917514899675,0.10823743301325746,0.26456607902468693,0.03285768305231455,0.05834106053628072,0.0860821362031598,0.21191577597387778,0.10359065704742612,ACQ2,0.12675440203648317,0.09539706485713863,0.2506847759471568,0.09719404704624919,0.05007292747109275,0.08405692385159422,0.20693013707220123,0.088909721718084,ACQ2
485,USA,IRN,Nego,5.13,1.58,1,1,0.1353300113957793,0.10931611683939525,0.2613521048015979,0.03280422807174106,0.05889115041708198,0.08600734160096793,0.21173164768825145,0.1045673991851853,ACQ2,0.12675440203648317,0.09539706485713863,0.2506847759471568,0.09719404704624919,0.05007292747109275,0.08405692385159422,0.20693013707220123,0.088909721718084,ACQ2
485,USA,IRN,Nego,5.13,1.59,1,1,0.1362474956343092,0.110401638369938,0.2581035134571286,0.03275325210328136,0.05945215921006746,0.08593206916155854,0.21154634306977357,0.10556352899394336,ACQ2,0.12675440203648317,0.09539706485713863,0.2506847759471568,0.09719404704624919,0.05007292747109275,0.08405692385159422,0.20693013707220123,0.088909721718084,ACQ2
485,USA,IRN,Nego,5.13,1.6,1,1,0.1371606477264485,0.1114935166217719,0.2548218679623482,0.03270483730403577,0.060024089374542525,0.085856263759343,0.21135972641105577,0.10657905084045438,ACQ2,0.12675440203648317,0.09539706485713863,0.2506847759471568,0.09719404704624919,0.05007292747109275,0.08405692385159422,0.20693013707220123,0.088909721718084,ACQ2
485,USA,IRN,Nego,5.13,1.61,1,1,0.13806845681779772,0.11259124629028376,0.2515087744173357,0.032659078530493386,0.06060693758222007,0.0857798746807418,0.21117167286613103,0.10761395881499633,ACQ2,0.12675440203648317,0.09539706485713863,0.2506847759471568,0.09719404704624919,0.05007292747109275,0.08405692385159422,0.20693013707220123,0.088909721718084,ACQ2
485,USA,IRN,Nego,5.13,1.62,1,1,0.13896988189409723,0.11369429745775925,0.24816588130489747,0.03261608393505928,0.061200694399040176,0.0857028558460643,0.2109820689966736,0.10866823616640875,ACQ2,0.12675440203648317,0.09539706485713863,0.2506847759471568,0.09719404704624919,0.05007292747109275,0.08405692385159422,0.20693013707220123,0.088909721718084,ACQ2
485,USA,IRN,Nego,5.13,1.63,1,1,0.13986385249449967,0.11480211535919876,0.24479487858177168,0.032575975569617034,0.06180534396404172,0.08562516601676236,0.2107908132822133,0.10974185473189574,ACQ2,0.12675440203648317,0.09539706485713863,0.2506847759471568,0.09719404704624919,0.05007292747109275,0.08405692385159422,0.20693013707220123,0.088909721718084,ACQ2
485,USA,IRN,Nego,5.13,1.64,1,1,0.14074926959053327,0.11591412021008173,0.2413974966018641,0.03253888999448093,0.06242086366579139,0.08554676898584962,0.2105978165889074,0.11083477436249164,ACQ2,0.12675440203648317,0.09539706485713863,0.2506847759471568,0.09719404704624919,0.05007292747109275,0.08405692385159422,0.20693013707220123,0.088909721718084,ACQ2
485,USA,IRN,Nego,5.13,1.65,1,1,0.14162500663916866,0.1170297071004575,0.23797550486681923,0.03250497889102242,0.06304722381688231,0.0854676337492319,0.21040300259131858,0.11194694234509939,ACQ2,0.12675440203648317,0.09539706485713863,0.2506847759471568,0.09719404704624919,0.05007292747109275,0.08405692385159422,0.20693013707220123,0.088909721718084,ACQ2
485,USA,IRN,Nego,5.13,1.66,1,1,0.1424899108178696,0.11814824595953641,0.2345307106001101,0.0324744096762021,0.06368438732701678,0.0853877346556667,0.21020630814158378,0.11307829282201488,ACQ2,0.12675440203648317,0.09539706485713863,0.2506847759471568,0.09719404704624919,0.05007292747109275,0.08405692385159422,0.20693013707220123,0.088909721718084,ACQ2
485,USA,IRN,Nego,5.13,1.67,1,1,0.14334280444883862,0.11926908159466683,0.23106495714183622,0.032447366117206396,0.06433230937518096,0.08530705153307246,0.21000768358035998,0.1142287462088384,ACQ2,0.12675440203648317,0.09539706485713863,0.2506847759471568,0.09719404704624919,0.05007292747109275,0.08405692385159422,0.20693013707220123,0.088909721718084,ACQ2
485,USA,IRN,Nego,5.13,1.68,1,1,0.14418248661885322,0.12039153380822143,0.22758012216253898,0.03242404894437945,0.06499093708140867,0.08522556978893552,0.20980709298400535,0.11539820861165738,ACQ2,0.12675440203648317,0.09539706485713863,0.2506847759471568,0.09719404704624919,0.05007292747109275,0.08405692385159422,0.20693013707220123,0.088909721718084,ACQ2
485,USA,IRN,Nego,5.13,1.69,1,1,0.14500773500011532,0.12151489759547397,0.22407811569558644,0.03240467646065674,0.06566020917861085,0.0851432804826206,0.2096045143425909,0.11658657124434504,ACQ2,0.12675440203648317,0.09539706485713863,0.2506847759471568,0.09719404704624919,0.05007292747109275,0.08405692385159422,0.20693013707220123,0.088909721718084,ACQ2
485,USA,IRN,Nego,5.13,1.7,1,1,0.14581730787641325,0.12263844342601377,0.22056087798904275,0.03238948514575241,0.06634005568492224,0.08506018036748919,0.20939993966358886,0.11779370984677745,ACQ2,0.12675440203648317,0.09539706485713863,0.2506847759471568,0.09719404704624919,0.05007292747109275,0.08405692385159422,0.20693013707220123,0.088909721718084,ACQ2
485,USA,IRN,Nego,5.13,1.71,1,1,0.14660994637760472,0.12376141761062946,0.21703037717940443,0.032378730253423735,0.06703039757698145,0.08497627190085906,0.20919337499638838,0.11901948410470867,ACQ2,0.12675440203648317,0.09539706485713863,0.2506847759471568,0.09719404704624919,0.05007292747109275,0.08405692385159422,0.20693013707220123,0.088909721718084,ACQ2
485,USA,IRN,Nego,5.13,1.72,1,1,0.14738437692398199,0.12488304275488764,0.21348860679116702,0.03237268640023803,0.06773114646452098,0.08489156322000842,0.20898484037322534,0.12026373707197052,ACQ2,0.12675440203648317,0.09539706485713863,0.2506847759471568,0.09719404704624919,0.05007292747109275,0.08405692385159422,0.20693013707220123,0.088909721718084,ACQ2
485,USA,IRN,Nego,5.13,1.73,1,1,0.14813931388046933,0.12600251829983578,0.20993758306784338,0.032371648144399336,0.06844220426659563,0.08480606808264508,0.20877436966262888,0.121526294595583,ACQ2,0.12675440203648317,0.09539706485713863,0.2506847759471568,0.09719404704624919,0.05007292747109275,0.08405692385159422,0.20693013707220123,0.088909721718084,ACQ2
485,USA,IRN,Nego,5.13,1.74,1,1,0.14887346241884677,0.12711902114938448,0.20637934214180903,0.03237593055334698,0.06916346288972333,0.08471980577051184,0.20856201033211838,0.12280696474425913,WAR1,0.12675440203648317,0.09539706485713863,0.2506847759471568,0.09719404704624919,0.05007292747109275,0.08405692385159422,0.20693013707220123,0.088909721718084,ACQ2
485,USA,IRN,Nego,5.13,1.75,1,1,0.1495855215842878,0.12823170638296988,0.20281593705214357,0.03238586975902364,0.06989480390815762,0.08463280095510067,0.2083478231176212,0.12410553724069548,WAR1,0.12675440203648317,0.09539706485713863,0.2506847759471568,0.09719404704624919,0.05007292747109275,0.08405692385159422,0.20693013707220123,0.088909721718084,ACQ2
485,USA,IRN,Nego,5.13,1.76,1,1,0.15027418756046493,0.12933970805107417,0.1992494346214792,0.032401823499909624,0.07063609824644485,0.08454508352478897,0.20813188159791876,0.1254217828979193,WAR1,0.12675440203648317,0.09539706485713863,0.2506847759471568,0.09719404704624919,0.05007292747109275,0.08405692385159422,0.20693013707220123,0.088909721718084,ACQ2
485,USA,IRN,Nego,5.13,1.77,1,1,0.1509381571253393,0.13044214005010607,0.19568191220472217,0.032424171649137516,0.07138720586436258,0.08445668837309399,0.20791427167337465,0.12675545305986358,WAR1,0.12675440203648317,0.09539706485713863,0.2506847759471568,0.09719404704624919,0.05007292747109275,0.08405692385159422,0.20693013707220123,0.088909721718084,ACQ2
485,USA,IRN,Nego,5.13,1.78,1,1,0.15157613128751415,0.13153809707202632,0.1921154543243378,0.03245331672822463,0.07214797544427079,0.08436765514816423,0.20769509094923555,0.12810627904622665,WAR1,0.12675440203648317,0.09539706485713863,0.2506847759471568,0.09719404704624919,0.05007292747109275,0.08405692385159422,0.20693013707220123,0.088909721718084,ACQ2
485,USA,IRN,Nego,5.13,1.79,1,1,0.15218681909074566,0.13262665562296344,0.1885521492086794,0.03248968440617721,0.07291824408085423,0.08427802796408224,0.20747444802492115,0.12947397160157673,WAR1,0.12675440203648317,0.09539706485713863,0.2506847759471568,0.09719404704624919,0.05007292747109275,0.08405692385159422,0.20693013707220123,0.088909721718084,ACQ2
485,USA,IRN,Nego,5.13,1.8,1,1,0.15276894157188528,0.13370687510393645,0.18499408525152947,0.03253372398392508,0.0736978369731846,0.08418785507504244,0.20725246169191977,0.13085822034857691,WAR1,0.12675440203648317,0.09539706485713863,0.2506847759471568,0.09719404704624919,0.05007292747109275,0.08405692385159422,0.20693013707220123,0.088909721718084,ACQ2
485,USA,IRN,Nego,5.13,1.81,1,1,0.15332123585522064,0.13477779894569275,0.18144334741259516,0.032585908864218076,0.0744865671189978,0.08409718851397562,0.20702926004415848,0.13225869324514158,WAR1,0.12675440203648317,0.09539706485713863,0.2506847759471568,0.09719404704624919,0.05007292747109275,0.08405692385159422,0.20693013707220123,0.088909721718084,ACQ2
485,USA,IRN,Nego,5.13,1.82,1,1,0.15384245936392982,0.13583845578863615,0.17790201358009758,0.03264673700724157,0.0752842350110606,0.08400608369771714,0.2068049795060128,0.1336750360453044,WAR1,0.12675440203648317,0.09539706485713863,0.2506847759471568,0.09719404704624919,0.05007292747109275,0.08405692385159422,0.20693013707220123,0.088909721718084,ACQ2
485,USA,IRN,Nego,5.13,1.83,1,1,0.15433139412720337,0.13688786069787176,0.17437215091778516,0.03271673137227314,0.07609062833550903,0.0839145990013475,0.20657976378442397,0.1351068717635859,WAR1,0.12675440203648317,0.09539706485713863,0.2506847759471568,0.09719404704624919,0.05007292747109275,0.08405692385159422,0.20693013707220123,0.088909721718084,ACQ2
485,USA,IRN,Nego,5.13,1.84,1,1,0.15478685115958443,0.13792501640259525,0.17085581221963353,0.032796440345677746,0.07690552167206932,0.08382279530485515,0.20635376275287956,0.136553800142705,WAR1,0.12675440203648317,0.09539706485713863,0.2506847759471568,0.09719404704624919,0.05007292747109275,0.08405692385159422,0.20693013707220123,0.088909721718084,ACQ2
485,USA,IRN,Nego,5.13,1.85,1,1,0.15520767488726148,0.1389489145484231,0.1673550322961285,0.0328864381554134,0.07772867619614189,0.08373073551577681,0.20612713127625723,0.13801539712459748,WAR1,0.12675440203648317,0.09539706485713863,0.2506847759471568,0.09719404704624919,0.05007292747109275,0.08405692385159422,0.20693013707220123,0.088909721718084,ACQ2
485,USA,IRN,Nego,5.13,1.86,1,1,0.15559274759449399,0.1399585369508591,0.16387182441631987,0.03298732527196058,0.07855983938283641,0.08363848407194231,0.2059000279866878,0.13949121432489978,WAR1,0.12675440203648317,0.09539706485713863,0.2506847759471568,0.09719404704624919,0.05007292747109275,0.08405692385159422,0.20693013707220123,0.088909721718084,ACQ2
485,USA,IRN,Nego,5.13,1.87,1,1,0.15594099386209395,0.14095285683795394,0.16040817682973968,0.03309972879518248,0.07939874471320052,0.08354610642886975,0.205672614021633,0.14098077851132668,WAR1,0.12675440203648317,0.09539706485713863,0.2506847759471568,0.09719404704624919,0.05007292747109275,0.08405692385159422,0.20693013707220123,0.088909721718084,ACQ2
485,USA,IRN,Nego,5.13,1.88,1,1,0.15625138496898458,0.14193084007038825,0.15696604939176845,0.03322430282604248,0.08024511138309483,0.0834536685367182,0.20544505173625413,0.14248359108674893,WAR1,0.12675440203648317,0.09539706485713863,0.2506847759471568,0.09719404704624919,0.05007292747109275,0.08405692385159422,0.20693013707220123,0.088909721718084,ACQ2
485,USA,IRN,Nego,5.13,1.89,1,1,0.15652294322735746,0.14289144632774295,0.15354737031507312,0.03336172882133005,0.08109864401543784,0.08336123631197771,0.20521750340282688,0.14399912757825384,WAR1,0.12675440203648317,0.09539706485713863,0.2506847759471568,0.09719404704624919,0.05007292747109275,0.08405692385159422,0.20693013707220123,0.088909721718084,ACQ2
485,USA,IRN,Nego,5.13,1.9,1,1,0.156754746221892,0.1438336302506397,0.15015403306830993,0.033512715928562725,0.08195903237687903,0.08326887510925551,0.20499012991039217,0.14552683713406875,WAR1,0.12675440203648317,0.09539706485713863,0.2506847759471568,0.09719404704624919,0.05007292747109275,0.08405692385159422,0.20693013707220123,0.088909721718084,ACQ2
485,USA,IRN,Nego,5.13,1.91,1,1,0.15694593092391154,0.1447563425297916,0.14678789344137133,0.03367800129702113,0.08282595110036671,0.08317664919858493,0.20476308947800184,0.14706614203095106,WAR1,0.12675440203648317,0.09539706485713863,0.2506847759471568,0.09719404704624919,0.05007292747109275,0.08405692385159422,0.20693013707220123,0.088909721718084,ACQ2
485,USA,IRN,Nego,5.13,1.92,1,1,0.15709569765226322,0.14565853093480985,0.14345076679406,0.03385835035943473,0.08369905941555711,0.08308462125361704,0.20453653639475664,0.14861643719550158,WAR1,0.12675440203648317,0.09539706485713863,0.2506847759471568,0.09719404704624919,0.05007292747109275,0.08405692385159422,0.20693013707220123,0.088909721718084,ACQ2
485,USA,IRN,Nego,5.13,1.93,1,1,0.15720331385412648,0.14653914127788806,0.1401444255022075,0.034054557077162664,0.08457800088956838,0.0829928518558573,0.2043106197993435,0.15017708974384594,WAR1,0.12675440203648317,0.09539706485713863,0.2506847759471568,0.09719404704624919,0.05007292747109275,0.08405692385159422,0.20693013707220123,0.088909721718084,ACQ2
485,USA,IRN,Nego,5.13,1.94,1,1,0.15726811768086293,0.1473971183102395,0.13687059661193676,0.034267444139821496,0.08546240318121685,0.08290139901975654,0.20408548251091047,0.15174743854525555,WAR1,0.12675440203648317,0.09539706485713863,0.2506847759471568,0.09719404704624919,0.05007292747109275,0.08405692385159422,0.20693013707220123,0.088909721718084,ACQ2
485,USA,IRN,Nego,5.13,1.95,1,1,0.15728952133642196,0.1482314065523702,0.13363095970906674,0.0344978631082129,0.08635187781257216,0.08281031774295991,0.2038612599218766,0.15332679381651973,WAR1,0.12675440203648317,0.09539706485713863,0.2506847759471568,0.09719404704624919,0.05007292747109275,0.08405692385159422,0.20693013707220123,0.088909721718084,ACQ2
485,USA,IRN,Nego,5.13,1.96,1,1,0.15726701417864009,0.14904095106291146,0.13042714500659958,0.03474669448714271,0.08724601996244222,0.08271965958535926,0.20363807896164848,0.15491443675525637,WAR1,0.12675440203648317,0.09539706485713863,0.2506847759471568,0.09719404704624919,0.05007292747109275,0.08405692385159422,0.20693013707220123,0.088909721718084,ACQ2
485,USA,IRN,Nego,5.13,1.97,1,1,0.15720016555698524,0.14982469815474847,0.1272607316489264,0.035014847712331286,0.088144408287218,0.08262947227977736,0.20341605713820912,0.15650961922180393,WAR1,0.12675440203648317,0.09539706485713863,0.2506847759471568,0.09719404704624919,0.05007292747109275,0.08405692385159422,0.20693013707220123,0.088909721718084,ACQ2
485,USA,IRN,Nego,5.13,1.98,1,1,0.1570886273737966,0.15058159607150284,0.1241332462269163,0.035303261033168595,0.08904660477537583,0.08253979937616338,0.2031953016622026,0.15811156348087388,WAR1,0.12675440203648317,0.09539706485713863,0.2506847759471568,0.09719404704624919,0.05007292747109275,0.08405692385159422,0.20693013707220123,0.088909721718084,ACQ2
485,USA,IRN,Nego,5.13,1.99,1,1,0.15693213635978473,0.15131059564194044,0.12104616149353081,0.0356129012706325,0.08995215464281789,0.0824506799200965,0.20297590865547915,0.159719462015718,WAR1,0.12675440203648317,0.09539706485713863,0.2506847759471568,0.09719404704624919,0.05007292747109275,0.08405692385159422,0.20693013707220123,0.088909721718084,ACQ2
485,USA,IRN,Nego,5.14,1.5,1,1,0.12742624343404366,0.10150300019695993,0.28399913280679095,0.033530820141595204,0.055200292133062,0.08675482513979473,0.2135717920102318,0.09801389413752165,ACQ2,0.12675440203648317,0.09539706485713863,0.2506847759471568,0.09719404704624919,0.05007292747109275,0.08405692385159422,0.20693013707220123,0.088909721718084,ACQ2
485,USA,IRN,Nego,5.14,1.51,1,1,0.12834920575485154,0.10253465184178055,0.28101642389490306,0.0334651327384433,0.055685931742237224,0.08668140603891081,0.21339104991412022,0.0988761980747535,ACQ2,0.12675440203648317,0.09539706485713863,0.2506847759471568,0.09719404704624919,0.05007292747109275,0.08405692385159422,0.20693013707220123,0.088909721718084,ACQ2
485,USA,IRN,Nego,5.14,1.52,1,1,0.12927445192442075,0.10357584286629776,0.27799007835528194,0.033401667895763036,0.056182418792652504,0.08660783748646216,0.2132099399002767,0.0997577627788451,ACQ2,0.12675440203648317,0.09539706485713863,0.2506847759471568,0.09719404704624919,0.05007292747109275,0.08405692385159422,0.20693013707220123,0.088909721718084,ACQ2
485,USA,IRN,Nego,5.14,1.53,1,1,0.13020119939732996,0.1046262336076675,0.2749213892685838,0.03334044272130862,0.05668978444456423,0.08653404019715612,0.2130282667852979,0.10065864357809193,ACQ2,0.12675440203648317,0.09539706485713863,0.2506847759471568,0.09719404704624919,0.05007292747109275,0.08405692385159422,0.20693013707220123,0.088909721718084,ACQ2
485,USA,IRN,Nego,5.14,1.54,1,1,0.1311286339038903,0.10568546236564565,0.27181169515728293,0.03328148377908489,0.05720805581310655,0.08645993780074397,0.21284584256199407,0.1015788886182516,ACQ2,0.12675440203648317,0.09539706485713863,0.2506847759471568,0.09719404704624919,0.05007292747109275,0.08405692385159422,0.20693013707220123,0.088909721718084,ACQ2
485,USA,IRN,Nego,5.14,1.55,1,1,0.1320559092060352,0.10675314482166182,0.268662380130796,0.03322482762908456,0.05773725566958082,0.08638545712201505,0.2126624870886743,0.1025185383321522,ACQ2,0.12675440203648317,0.09539706485713863,0.2506847759471568,0.09719404704624919,0.05007292747109275,0.08405692385159422,0.20693013707220123,0.088909721718084,ACQ2
485,USA,IRN,Nego,5.14,1.56,1,1,0.13298214695304272,0.10782887348684475,0.2654748739110828,0.03317052138255754,0.05827740213689855,0.0863105284583154,0.2124780287723389,0.10347762489891923,ACQ2,0.12675440203648317,0.09539706485713863,0.2506847759471568,0.09719404704624919,0.05007292747109275,0.08405692385159422,0.20693013707220123,0.088909721718084,ACQ2
485,USA,IRN,Nego,5.14,1.57,1,1,0.13390643664637955,0.10891221718345233,0.26225065173054196,0.03311862327180177,0.05882850837957431,0.08623508585296122,0.21229230524176335,0.10445617169352571,ACQ2,0.12675440203648317,0.09539706485713863,0.2506847759471568,0.09719404704624919,0.05007292747109275,0.08405692385159422,0.20693013707220123,0.088909721718084,ACQ2
485,USA,IRN,Nego,5.14,1.58,1,1,0.1348278357231438,0.11000272056431117,0.25899123409416214,0.033069203233329084,0.05939058228869803,0.08615906736278559,0.21210516400614268,0.1054541927274274,ACQ2,0.12675440203648317,0.09539706485713863,0.2506847759471568,0.09719404704624919,0.05007292747109275,0.08405692385159422,0.20693013707220123,0.088909721718084,ACQ2
485,USA,IRN,Nego,5.14,1.59,1,1,0.1357453697677035,0.11109990367499838,0.255698186398109,0.033022343503126265,0.05996362616234898,0.08608241531794118,0.21191646309466847,0.10647169208110455,ACQ2,0.12675440203648317,0.09539706485713863,0.2506847759471568,0.09719404704624919,0.05007292747109275,0.08405692385159422,0.20693013707220123,0.088909721718084,ACQ2
485,USA,IRN,Nego,5.14,1.6,1,1,0.13665803286117353,0.11220326156357753,0.2523731183972377,0.03297813922259925,0.0605476363819405,0.0860050765719629,0.21172607167213037,0.10750866332937789,ACQ2,0.12675440203648317,0.09539706485713863,0.2506847759471568,0.09719404704624919,0.05007292747109275,0.08405692385159422,0.20693013707220123,0.088909721718084,ACQ2
485,USA,IRN,Nego,5.14,1.61,1,1,0.13756478807833183,0.11331226394275995,0.2490176835144413,0.032936699053667355,0.06114260308501199,0.08592700273999371,0.21153387062537718,0.10856508896041672,ACQ2,0.12675440203648317,0.09539706485713863,0.2506847759471568,0.09719404704624919,0.05007292747109275,0.08405692385159422,0.20693013707220123,0.088909721718084,ACQ2
485,USA,IRN,Nego,5.14,1.62,1,1,0.1384645681414384,0.1144263549093491,0.2456335779852378,0.03289814580135672,0.061748509835004885,0.08584815042298131,0.21133975311524028,0.10964093978939168,ACQ2,0.12675440203648317,0.09539706485713863,0.2506847759471568,0.09719404704624919,0.05007292747109275,0.08405692385159422,0.20693013707220123,0.088909721718084,ACQ2
485,USA,IRN,Nego,5.14,1.63,1,1,0.13935627624017027,0.11554495272578243,0.2422225398316424,0.032862617042141,0.06236533328857933,0.08576848141557997,0.2111436250883442,0.11073617436776045,ACQ2,0.12675440203648317,0.09539706485713863,0.2506847759471568,0.09719404704624919,0.05007292747109275,0.08405692385159422,0.20693013707220123,0.088909721718084,ACQ2
485,USA,IRN,Nego,5.14,1.64,1,1,0.14023878702652562,0.11666744966846061,0.238786347660094,0.03283026575618631,0.06299304286103698,0.08568796289543112,0.21094540574307447,0.11185073838919105,ACQ2,0.12675440203648317,0.09539706485713863,0.2506847759471568,0.09719404704624919,0.05007292747109275,0.08405692385159422,0.20693013707220123,0.088909721718084,ACQ2
485,USA,IRN,Nego,5.14,1.65,1,1,0.14111094779304972,0.11779321194738043,0.23532681927906662,0.03280126096158673,0.06363160039042563,0.08560656759145954,0.21074502794388666,0.11298456409314474,ACQ2,0.12675440203648317,0.09539706485713863,0.2506847759471568,0.09719404704624919,0.05007292747109275,0.08405692385159422,0.20693013707220123,0.088909721718084,ACQ2
485,USA,IRN,Nego,5.14,1.66,1,1,0.14197157984210615,0.11892157970132698,0.23184581013298422,0.032775788348623984,0.0642809598008995,0.08552427392881086,0.21054243857811203,0.11413756966713641,ACQ2,0.12675440203648317,0.09539706485713863,0.2506847759471568,0.09719404704624919,0.05007292747109275,0.08405692385159422,0.20693013707220123,0.088909721718084,ACQ2
485,USA,IRN,Nego,5.14,1.67,1,1,0.14281948005313444,0.12005186707255414,0.22834521155015036,0.032754050912054807,0.06494106676590292,0.08544106614807113,0.21033759884944978,0.1153096586486825,ACQ2,0.12675440203648317,0.09539706485713863,0.2506847759471568,0.09719404704624919,0.05007292747109275,0.08405692385159422,0.20693013707220123,0.088909721718084,ACQ2
485,USA,IRN,Nego,5.14,1.68,1,1,0.14365342265389744,0.12118336236446396,0.22482694880364723,0.03273626957942625,0.06561185837173296,0.08535693439645581,0.21013048450245533,0.11650071932792092,ACQ2,0.12675440203648317,0.09539706485713863,0.2506847759471568,0.09719404704624919,0.05007292747109275,0.08405692385159422,0.20693013707220123,0.088909721718084,ACQ2
485,USA,IRN,Nego,5.14,1.69,1,1,0.14447216120063006,0.12231532828529397,0.22129297898550057,0.03272268383343913,0.06629326278201289,0.0852718747887393,0.20992108597253564,0.11771062415184874,ACQ2,0.12675440203648317,0.09539706485713863,0.2506847759471568,0.09719404704624919,0.05007292747109275,0.08405692385159422,0.20693013707220123,0.088909721718084,ACQ2
485,USA,IRN,Nego,5.14,1.7,1,1,0.14527443077073346,0.12344700228023385,0.21774528869588214,0.03271355232643272,0.06698519890358252,0.08518588943581112,0.20970940845624886,0.11893922913107555,ACQ2,0.12675440203648317,0.09539706485713863,0.2506847759471568,0.09719404704624919,0.05007292747109275,0.08405692385159422,0.20693013707220123,0.088909721718084,ACQ2
485,USA,IRN,Nego,5.14,1.71,1,1,0.14605895037023992,0.12457759695370889,0.21418589155070006,0.032709153485141765,0.06768757605427374,0.08509898643890808,0.20949547189710369,0.12018637324992396,ACQ2,0.12675440203648317,0.09539706485713863,0.2506847759471568,0.09719404704624919,0.05007292747109275,0.08405692385159422,0.20693013707220123,0.088909721718084,ACQ2
485,USA,IRN,Nego,5.14,1.72,1,1,0.14682442555667755,0.1257063005827988,0.21061682551259653,0.0327097861039867,0.06840029363299749,0.08501117984776664,0.20927931088254137,0.12145187788063479,ACQ2,0.12675440203648317,0.09539706485713863,0.2506847759471568,0.09719404704624919,0.05007292747109275,0.08405692385159422,0.20693013707220123,0.088909721718084,ACQ2
485,USA,IRN,Nego,5.14,1.73,1,1,0.14756955127621882,0.12683227772190495,0.20704015005214477,0.03271576992529485,0.06912324079251875,0.08492248958118867,0.20906097444838462,0.12273554620234457,WAR1,0.12675440203648317,0.09539706485713863,0.2506847759471568,0.09719404704624919,0.05007292747109275,0.08405692385159422,0.20693013707220123,0.088909721718084,ACQ2
485,USA,IRN,Nego,5.14,1.74,1,1,0.1482930149120984,0.12795466989783952,0.2034579431478546,0.032727446205012264,0.06985629611524227,0.08483294130879748,0.20884052578774598,0.12403716262540941,WAR1,0.12675440203648317,0.09539706485713863,0.2506847759471568,0.09719404704624919,0.05007292747109275,0.08405692385159422,0.20693013707220123,0.088909721718084,ACQ2
485,USA,IRN,Nego,5.14,1.75,1,1,0.14899349953924865,0.12907259639350574,0.19987229813547522,0.032745178262651456,0.07059932729227386,0.08474256629309451,0.20861804186220614,0.12535649222154452,WAR1,0.12675440203648317,0.09539706485713863,0.2506847759471568,0.09719404704624919,0.05007292747109275,0.08405692385159422,0.20693013707220123,0.088909721718084,ACQ2
485,USA,IRN,Nego,5.14,1.76,1,1,0.14966968737795164,0.13018515511726392,0.1962853204189712,0.03276935201441951,0.07135219080596178,0.08465140119130041,0.20839361291398803,0.12669328016014336,WAR1,0.12675440203648317,0.09539706485713863,0.2506847759471568,0.09719404704624919,0.05007292747109275,0.08405692385159422,0.20693013707220123,0.088909721718084,ACQ2
485,USA,IRN,Nego,5.14,1.77,1,1,0.15032026343704563,0.13129142355396706,0.19269912405743825,0.03280037648868237,0.07211473161606405,0.08455948781688108,0.2081673418788865,0.1280472511510349,WAR1,0.12675440203648317,0.09539706485713863,0.2506847759471568,0.09719404704624919,0.05007292747109275,0.08405692385159422,0.20693013707220123,0.088909721718084,ACQ2
485,USA,IRN,Nego,5.14,1.78,1,1,0.15094391933491647,0.1323904597925082,0.1891158282440564,0.03283868432312922,0.07288678284963253,0.08446687286110832,0.20793934370080858,0.1294181088938402,WAR1,0.12675440203648317,0.09539706485713863,0.2506847759471568,0.09719404704624919,0.05007292747109275,0.08405692385159422,0.20693013707220123,0.088909721718084,ACQ2
485,USA,IRN,Nego,5.14,1.79,1,1,0.15153935728412776,0.13348130362357694,0.18553755369495564,0.03288473224320042,0.07366816549465584,0.08437360757549099,0.20770974454998842,0.1308055355340036,WAR1,0.12675440203648317,0.09539706485713863,0.2506847759471568,0.09719404704624919,0.05007292747109275,0.08405692385159422,0.20693013707220123,0.088909721718084,ACQ2
485,USA,IRN,Nego,5.14,1.8,1,1,0.1521052942231972,0.13456297770020548,0.1819664189675037,0.032939001521514785,0.07445868809746645,0.08427974741642184,0.20747868094818347,0.13220919112550705,WAR1,0.12675440203648317,0.09539706485713863,0.2506847759471568,0.09719404704624919,0.05007292747109275,0.08405692385159422,0.20693013707220123,0.088909721718084,ACQ2
485,USA,IRN,Nego,5.14,1.81,1,1,0.15264046607669304,0.135634488752613,0.1784045367290204,0.03300199841816472,0.07525814646389677,0.08418535165391088,0.2072462988054594,0.13362871310024182,WAR1,0.12675440203648317,0.09539706485713863,0.2506847759471568,0.09719404704624919,0.05007292747109275,0.08405692385159422,0.20693013707220123,0.088909721718084,ACQ2
485,USA,IRN,Nego,5.14,1.82,1,1,0.15314363212259663,0.13669482884788745,0.1748540099982115,0.03307425460182335,0.07606632336416858,0.08409048294681275,0.20701275237449157,0.13506371574400836,WAR1,0.12675440203648317,0.09539706485713863,0.2506847759471568,0.09719404704624919,0.05007292747109275,0.08405692385159422,0.20693013707220123,0.088909721718084,ACQ2
485,USA,IRN,Nego,5.14,1.83,1,1,0.15361357944376772,0.13774297668418975,0.17131692838264073,0.033156327551603686,0.07688298824152727,0.08399520688748756,0.20677820312961703,0.13651378967916647,WAR1,0.12675440203648317,0.09539706485713863,0.2506847759471568,0.09719404704624919,0.05007292747109275,0.08405692385159422,0.20693013707220123,0.088909721718084,ACQ2
485,USA,IRN,Nego,5.14,1.84,1,1,0.15404912743843574,0.13877789890848355,0.16779536433632183,0.03324880093951167,0.07770789692469297,0.08389959151934932,0.20654281857914286,0.13797850135406178,WAR1,0.12675440203648317,0.09539706485713863,0.2506847759471568,0.09719404704624919,0.05007292747109275,0.08405692385159422,0.20693013707220123,0.088909721718084,ACQ2
485,USA,IRN,Nego,5.14,1.85,1,1,0.15444913236295865,0.13979855144633035,0.16429136946190837,0.033352284993111964,0.07854079134429874,0.08380370683124506,0.20630677102061476,0.13945739253953207,WAR1,0.12675440203648317,0.09539706485713863,0.2506847759471568,0.09719404704624919,0.05007292747109275,0.08405692385159422,0.20693013707220123,0.088909721718084,ACQ2
485,USA,IRN,Nego,5.14,1.86,1,1,0.15481249187870147,0.14080388083206422,0.16080697088200094,0.03346741683766648,0.0793813992536312,0.08370762423304594,0.20607023624983611,0.1409499798330534,WAR1,0.12675440203648317,0.09539706485713863,0.2506847759471568,0.09719404704624919,0.05007292747109275,0.08405692385159422,0.20693013707220123,0.088909721718084,ACQ2
485,USA,IRN,Nego,5.14,1.87,1,1,0.15513814957383884,0.14179282552775793,0.15734416770371093,0.033594860816479645,0.08022943395418777,0.08361141601721783,0.20583339223536884,0.14245575417143802,WAR1,0.12675440203648317,0.09539706485713863,0.2506847759471568,0.09719404704624919,0.05007292747109275,0.08405692385159422,0.20693013707220123,0.088909721718084,ACQ2
485,USA,IRN,Nego,5.14,1.88,1,1,0.15542509943022498,0.14276431721981137,0.15390492759979468,0.03373530878747718,0.08108459402681775,0.08351515481143665,0.20559641777099041,0.14397418035344708,WAR1,0.12675440203648317,0.09539706485713863,0.2506847759471568,0.09719404704624919,0.05007292747109275,0.08405692385159422,0.20693013707220123,0.088909721718084,ACQ2
485,USA,IRN,Nego,5.14,1.89,1,1,0.15567239020524518,0.14371728208280718,0.1504911835283823,0.03388948039313997,0.08194656306953631,0.08341891302753034,0.20535949111910662,0.14550469657425225,WAR1,0.12675440203648317,0.09539706485713863,0.2506847759471568,0.09719404704624919,0.05007292747109275,0.08405692385159422,0.20693013707220123,0.088909721718084,ACQ2
485,USA,IRN,Nego,5.14,1.9,1,1,0.15587912969879777,0.1446506420015016,0.14710483061155533,0.0340581232997941,0.08281500944348821,0.08332276231212783,0.2051227886583675,0.14704671397436772,WAR1,0.12675440203648317,0.09539706485713863,0.2506847759471568,0.09719404704624919,0.05007292747109275,0.08405692385159422,0.20693013707220123,0.088909721718084,ACQ2
485,USA,IRN,Nego,5.14,1.91,1,1,0.1560444888762755,0.14556331574348458,0.14374772319077078,0.03424201340092005,0.08368958602899772,0.0832267730043766,0.2048864835486838,0.14859961620649095,WAR1,0.12675440203648317,0.09539706485713863,0.2506847759471568,0.09719404704624919,0.05007292747109275,0.08405692385159422,0.20693013707220123,0.088909721718084,ACQ2
485,USA,IRN,Nego,5.14,1.92,1,1,0.15616770581963943,0.14645422007716857,0.14042167207440415,0.03444195497758524,0.08456992999417448,0.08313101360593295,0.20465074442645653,0.1501627590246384,WAR1,0.12675440203648317,0.09539706485713863,0.2506847759471568,0.09719404704624919,0.05007292747109275,0.08405692385159422,0.20693013707220123,0.088909721718084,ACQ2
485,USA,IRN,Nego,5.14,1.93,1,1,0.15624808948039415,0.1473222708323452,0.13712844198951116,0.03465878080733452,0.08545566257915321,0.08303555026812891,0.20441573414209213,0.15173546990104084,WAR1,0.12675440203648317,0.09539706485713863,0.2506847759471568,0.09719404704624919,0.05007292747109275,0.08405692385159422,0.20693013707220123,0.088909721718084,ACQ2
485,USA,IRN,Nego,5.14,1.94,1,1,0.15628502321047277,0.1481663839035824,0.13386974924633066,0.034893352210911756,0.0863463888997174,0.08294044630076745,0.2041816085507612,0.15331704767745616,WAR1,0.12675440203648317,0.09539706485713863,0.2506847759471568,0.09719404704624919,0.05007292747109275,0.08405692385159422,0.20693013707220123,0.088909721718084,ACQ2
485,USA,IRN,Nego,5.14,1.95,1,1,0.15627796804967267,0.14898547620018393,0.1306472596201315,0.035146559024064765,0.0872416977747994,0.08284576170639434,0.2039485153658756,0.15490676225887798,WAR1,0.12675440203648317,0.09539706485713863,0.2506847759471568,0.09719404704624919,0.05007292747109275,0.08405692385159422,0.20693013707220123,0.088909721718084,ACQ2
485,USA,IRN,Nego,5.14,1.96,1,1,0.1562264657513083,0.1497784665502466,0.1274625864508123,0.03541931947944736,0.08814116158313533,0.08275155274313999,0.20371659308289902,0.15650385435901137,WAR1,0.12675440203648317,0.09539706485713863,0.2506847759471568,0.09719404704624919,0.05007292747109275,0.08405692385159422,0.20693013707220123,0.088909721718084,ACQ2
485,USA,IRN,Nego,5.14,1.97,1,1,0.15613014153108074,0.15054427657046257,0.12431728895630531,0.03571257998134077,0.08904433615518716,0.08265787151833609,0.20348596997891785,0.15810753530836938,WAR1,0.12675440203648317,0.09539706485713863,0.2506847759471568,0.09719404704624919,0.05007292747109275,0.08405692385159422,0.20693013707220123,0.088909721718084,ACQ2
485,USA,IRN,Nego,5.14,1.98,1,1,0.15598870652771119,0.1512818315176252,0.12121287075140351,0.03602731475363876,0.08995076070728963,0.08256476561409334,0.20325676319089422,0.15971698693734387,WAR1,0.12675440203648317,0.09539706485713863,0.2506847759471568,0.09719404704624919,0.05007292747109275,0.08405692385159422,0.20693013707220123,0.088909721718084,ACQ2
485,USA,IRN,Nego,5.14,1.99,1,1,0.15580195996754523,0.1519900611421845,0.11815077855927247,0.036364525339373226,0.0908599578258269,0.08247227774491216,0.20302907787277596,0.16133136154810931,WAR1,0.12675440203648317,0.09539706485713863,0.2506847759471568,0.09719404704624919,0.05007292747109275,0.08405692385159422,0.20693013707220123,0.088909721718084,ACQ2
485,USA,IRN,Nego,5.15,1.5,1,1,0.12692642762278233,0.10210380722800688,0.28196511175676164,0.03377015876659163,0.05561635348322302,0.08691048740080784,0.21395499914573538,0.09875265459609125,ACQ2,0.12675440203648317,0.09539706485713863,0.2506847759471568,0.09719404704624919,0.05007292747109275,0.08405692385159422,0.20693013707220123,0.088909721718084,ACQ2
485,USA,IRN,Nego,5.15,1.51,1,1,0.12785271158747885,0.10314789454085216,0.27893167798436663,0.033708315593916544,0.0561135832397472,0.08683676604306219,0.21377351295798974,0.09963553805258651,ACQ2,0.12675440203648317,0.09539706485713863,0.2506847759471568,0.09719404704624919,0.05007292747109275,0.08405692385159422,0.20693013707220123,0.088909721718084,ACQ2
485,USA,IRN,Nego,5.15,1.52,1,1,0.1287809143158771,0.10420148799905679,0.27585532927748335,0.033648713892747394,0.05662173967513114,0.08676273282705585,0.21359125904202272,0.10053782297062575,ACQ2,0.12675440203648317,0.09539706485713863,0.2506847759471568,0.09719404704624919,0.05007292747109275,0.08405692385159422,0.20693013707220123,0.088909721718084,ACQ2
485,USA,IRN,Nego,5.15,1.53,1,1,0.12971023058045167,0.10526422986429333,0.27273740089456866,0.03359137947185323,0.05714085030562132,0.08668830846550327,0.21340804220952497,0.10145955820818353,ACQ2,0.12675440203648317,0.09539706485713863,0.2506847759471568,0.09719404704624919,0.05007292747109275,0.08405692385159422,0.20693013707220123,0.088909721718084,ACQ2
485,USA,IRN,Nego,5.15,1.54,1,1,0.1306398227039092,0.10633573933640678,0.26957927459904224,0.03353634825322824,0.05767093821877205,0.08661341690231457,0.2132236752266987,0.10240078475962808,ACQ2,0.12675440203648317,0.09539706485713863,0.2506847759471568,0.09719404704624919,0.05007292747109275,0.08405692385159422,0.20693013707220123,0.088909721718084,ACQ2
485,USA,IRN,Nego,5.15,1.55,1,1,0.13156882035989814,0.1074156119587999,0.26638237874618786,0.03348366684240146,0.058212021760641296,0.08653798560288324,0.21303797952888298,0.10336153520030489,ACQ2,0.12675440203648317,0.09539706485713863,0.2506847759471568,0.09719404704624919,0.05007292747109275,0.08405692385159422,0.20693013707220123,0.088909721718084,ACQ2
485,USA,IRN,Nego,5.15,1.56,1,1,0.13249632048132434,0.10850341905601868,0.26314818824231817,0.033433393114064014,0.05876411421728124,0.08646194584103704,0.21285078592696688,0.10434183312098966,ACQ2,0.12675440203648317,0.09539706485713863,0.2506847759471568,0.09719404704624919,0.05007292747109275,0.08405692385159422,0.20693013707220123,0.088909721718084,ACQ2
485,USA,IRN,Nego,5.15,1.57,1,1,0.13342138728596772,0.10959870720829083,0.25987822436779695,0.033385596811833375,0.05932722349097903,0.08638523298088278,0.21266193530122957,0.10534169255301998,ACQ2,0.12675440203648317,0.09539706485713863,0.2506847759471568,0.09719404704624919,0.05007292747109275,0.08405692385159422,0.20693013707220123,0.088909721718084,ACQ2
485,USA,IRN,Nego,5.15,1.58,1,1,0.1343430524292447,0.11070099776791653,0.2565740544557226,0.033340360160828024,0.05990135177173748,0.08630778675164368,0.21247127927793202,0.10636111738497502,ACQ2,0.12675440203648317,0.09539706485713863,0.2506847759471568,0.09719404704624919,0.05007292747109275,0.08405692385159422,0.20693013707220123,0.088909721718084,ACQ2
485,USA,IRN,Nego,5.15,1.59,1,1,0.1352603152940417,0.11180978642252895,0.25323729141834295,0.03329777849158261,0.06048649520452045,0.08622955151346806,0.21227868088368038,0.10740010077183479,ACQ2,0.12675440203648317,0.09539706485713863,0.2506847759471568,0.09719404704624919,0.05007292747109275,0.08405692385159422,0.20693013707220123,0.088909721718084,ACQ2
485,USA,IRN,Nego,5.15,1.6,1,1,0.13617214342754252,0.11292454281031301,0.2498695931136546,0.03325796087369384,0.06108264355281761,0.08615047651207217,0.21208401517230202,0.10845862453760412,ACQ2,0.12675440203648317,0.09539706485713863,0.2506847759471568,0.09719404704624919,0.05007292747109275,0.08405692385159422,0.20693013707220123,0.088909721718084,ACQ2
485,USA,IRN,Nego,5.15,1.61,1,1,0.13707747313487081,0.11404471019229934,0.2464726615451215,0.0332210307574589,0.06168977985911018,0.08607051611997933,0.21188716981872563,0.10953665857243422,ACQ2,0.12675440203648317,0.09539706485713863,0.2506847759471568,0.09719404704624919,0.05007292747109275,0.08405692385159422,0.20693013707220123,0.088909721718084,ACQ2
485,USA,IRN,Nego,5.15,1.62,1,1,0.13797521023915932,0.1151697051868287,0.24304824188803853,0.0331871266216456,0.06230788010284351,0.08598963006203006,0.21168804567413732,0.11063416022531714,ACQ2,0.12675440203648317,0.09539706485713863,0.2506847759471568,0.09719404704624919,0.05007292747109275,0.08405692385159422,0.20693013707220123,0.088909721718084,ACQ2
485,USA,IRN,Nego,5.15,1.63,1,1,0.1388642310173332,0.11629891757119383,0.239598121336772,0.03315640262542718,0.06293691285652907,0.08590778362276705,0.2114865572765192,0.11175107369345877,ACQ2,0.12675440203648317,0.09539706485713863,0.2506847759471568,0.09719404704624919,0.05007292747109275,0.08405692385159422,0.20693013707220123,0.088909721718084,ACQ2
485,USA,IRN,Nego,5.15,1.64,1,1,0.13974338332043745,0.11743171015531711,0.23612412776795422,0.033129029262423275,0.06357683894061097,0.08582494783325055,0.21128263331054822,0.11288732940945848,ACQ2,0.12675440203648317,0.09539706485713863,0.2506847759471568,0.09719404704624919,0.05007292747109275,0.08405692385159422,0.20693013707220123,0.088909721718084,ACQ2
485,USA,IRN,Nego,5.15,1.65,1,1,0.14061148788674277,0.11856741873209992,0.2326281282156475,0.03310519401471597,0.0642276110777398,0.08574109963483618,0.21107621701078239,0.11404284342743572,ACQ2,0.12675440203648317,0.09539706485713863,0.2506847759471568,0.09719404704624919,0.05007292747109275,0.08405692385159422,0.20693013707220123,0.088909721718084,ACQ2
485,USA,IRN,Nego,5.15,1.66,1,1,0.1414673398551207,0.11970535210877886,0.22911202715560014,0.033085102004658924,0.06488917354709385,0.0856562220174476,0.21086726650205828,0.11521751680924175,ACQ2,0.12675440203648317,0.09539706485713863,0.2506847759471568,0.09719404704624919,0.05007292747109275,0.08405692385159422,0.20693013707220123,0.088909721718084,ACQ2
485,USA,IRN,Nego,5.15,1.67,1,1,0.14230971048527824,0.12084479222323896,0.22557776459691814,0.033068976642271514,0.06556146183938213,0.08557030412991345,0.2106557550711166,0.11641123501188097,ACQ2,0.12675440203648317,0.09539706485713863,0.2506847759471568,0.09719404704624919,0.05007292747109275,0.08405692385159422,0.20693013707220123,0.088909721718084,ACQ2
485,USA,IRN,Nego,5.15,1.68,1,1,0.14313734909037654,0.12198499434876384,0.2220273139808269,0.033057060266009505,0.06624440231314681,0.08548334136000289,0.21044167136363362,0.11762386727724006,ACQ2,0.12675440203648317,0.09539706485713863,0.2506847759471568,0.09719404704624919,0.05007292747109275,0.08405692385159422,0.20693013707220123,0.088909721718084,ACQ2
485,USA,IRN,Nego,5.15,1.69,1,1,0.1439489851863263,0.12312518739013957,0.2184626798876566,0.033049614774731936,0.06693791185296055,0.0853953353819034,0.2102250195010999,0.11885526602518173,ACQ2,0.12675440203648317,0.09539706485713863,0.2506847759471568,0.09719404704624919,0.05007292747109275,0.08405692385159422,0.20693013707220123,0.088909721718084,ACQ2
485,USA,IRN,Nego,5.15,1.7,1,1,0.1447433308606525,0.12426457427337669,0.21488589555476995,0.033046922248741666,0.06764189753008372,0.08530629416902548,0.21000581911234395,0.12010526625100579,ACQ2,0.12675440203648317,0.09539706485713863,0.2506847759471568,0.09719404704624919,0.05007292747109275,0.08405692385159422,0.20693013707220123,0.088909721718084,ACQ2
485,USA,IRN,Nego,5.15,1.71,1,1,0.14551908336224806,0.1254023324305661,0.21129902020983304,0.03304928555786335,0.06835625626610725,0.08521623197021028,0.20978410527495972,0.12137368492821218,ACQ2,0.12675440203648317,0.09539706485713863,0.2506847759471568,0.09719404704624919,0.05007292747109275,0.08405692385159422,0.20693013707220123,0.088909721718084,ACQ2
485,USA,IRN,Nego,5.15,1.72,1,1,0.14627492791160077,0.12653761438055364,0.20770413622560974,0.03305702895463913,0.06908087450006421,0.08512516924764424,0.20955992836246598,0.12266032041742252,WAR1,0.12675440203648317,0.09539706485713863,0.2506847759471568,0.09719404704624919,0.05007292747109275,0.08405692385159422,0.20693013707220123,0.088909721718084,ACQ2
485,USA,IRN,Nego,5.15,1.73,1,1,0.14700954072918918,0.12766954840519543,0.20410334610430983,0.03307049865086512,0.06981562785944133,0.08503313257506379,0.20933335379370877,0.12396495188222673,WAR1,0.12675440203648317,0.09539706485713863,0.2506847759471568,0.09719404704624919,0.05007292747109275,0.08405692385159422,0.20693013707220123,0.088909721718084,ACQ2
485,USA,IRN,Nego,5.15,1.74,1,1,0.1477215922777012,0.12879723931996295,0.2004987693014304,0.03309006337585755,0.07056038083546733,0.08494015449515324,0.2091044616818041,0.1252873387126235,WAR1,0.12675440203648317,0.09539706485713863,0.2506847759471568,0.09719404704624919,0.05007292747109275,0.08405692385159422,0.20693013707220123,0.088909721718084,ACQ2
485,USA,IRN,Nego,5.15,1.75,1,1,0.14840975071156742,0.12991976933660368,0.19689253890095676,0.03311611491502308,0.0713149864629989,0.08484627333540334,0.20887334638082258,0.12662721995662435,WAR1,0.12675440203648317,0.09539706485713863,0.2506847759471568,0.09719404704624919,0.05007292747109275,0.08405692385159422,0.20693013707220123,0.088909721718084,ACQ2
485,USA,IRN,Nego,5.15,1.76,1,1,0.149072685525029,0.13103619901445368,0.19328679815573507,0.03314906862750545,0.07207928600526554,0.08475153298210836,0.20864011592941775,0.12798431376048508,WAR1,0.12675440203648317,0.09539706485713863,0.2506847759471568,0.09719404704624919,0.05007292747109275,0.08405692385159422,0.20693013707220123,0.088909721718084,ACQ2
485,USA,IRN,Nego,5.15,1.77,1,1,0.14970907138760484,0.13214556829585408,0.18968369690872008,0.03318936394187937,0.07285310864368244,0.08465598261262278,0.20840489139170038,0.12935831681793597,WAR1,0.12675440203648317,0.09539706485713863,0.2506847759471568,0.09719404704624919,0.05007292747109275,0.08405692385159422,0.20693013707220123,0.088909721718084,ACQ2
485,USA,IRN,Nego,5.15,1.78,1,1,0.15031759215342416,0.13324689761996505,0.18608538791264512,0.03323746482905833,0.0736362711728895,0.08455967638648244,0.20816780609684316,0.13074890382869206,WAR1,0.12675440203648317,0.09539706485713863,0.2506847759471568,0.09719404704624919,0.05007292747109275,0.08405692385159422,0.20693013707220123,0.088909721718084,ACQ2
485,USA,IRN,Nego,5.15,1.79,1,1,0.1508969450284666,0.13433918910813913,0.18249402306738127,0.03329386025175437,0.07442857770113875,0.08446267309650168,0.20792900478015927,0.13215572696645903,WAR1,0.12675440203648317,0.09539706485713863,0.2506847759471568,0.09719404704624919,0.05007292747109275,0.08405692385159422,0.20693013707220123,0.088909721718084,ACQ2
485,USA,IRN,Nego,5.15,1.8,1,1,0.15144584487737284,0.135421427812915,0.17891174959583747,0.03335906458996787,0.07522981935612527,0.08436503578148849,0.20768864262968711,0.13357841535660586,WAR1,0.12675440203648317,0.09539706485713863,0.2506847759471568,0.09719404704624919,0.05007292747109275,0.08405692385159422,0.20693013707220123,0.088909721718084,ACQ2
485,USA,IRN,Nego,5.15,1.81,1,1,0.1519630286491612,0.136492583021685,0.17534070618063058,0.03343361804207246,0.07603977399635631,0.08426683130276005,0.20744688424366467,0.13501657456367017,WAR1,0.12675440203648317,0.09539706485713863,0.2506847759471568,0.09719404704624919,0.05007292747109275,0.08405692385159422,0.20693013707220123,0.088909721718084,ACQ2
485,USA,IRN,Nego,5.15,1.82,1,1,0.15244725989899288,0.1375516096051915,0.17178301908490914,0.033518087001077036,0.07685820592817032,0.08416812988717991,0.20720390250558335,0.13646978608889568,WAR1,0.12675440203648317,0.09539706485713863,0.2506847759471568,0.09719404704624919,0.05007292747109275,0.08405692385159422,0.20693013707220123,0.088909721718084,ACQ2
485,USA,IRN,Nego,5.15,1.83,1,1,0.15289733338110215,0.13859744940026963,0.16824079828156868,0.03361306440557563,0.07768486562857388,0.08406900463997063,0.20695987738483848,0.1379376068781009,WAR1,0.12675440203648317,0.09539706485713863,0.2506847759471568,0.09719404704624919,0.05007292747109275,0.08405692385159422,0.20693013707220123,0.088909721718084,ACQ2
485,USA,IRN,Nego,5.15,1.84,1,1,0.15331207968620253,0.13962903261571338,0.16471613361563697,0.033719170064711285,0.07851948947415069,0.08396953103105281,0.2067149946722047,0.13941956884032794,WAR1,0.12675440203648317,0.09539706485713863,0.2506847759471568,0.09719404704624919,0.05007292747109275,0.08405692385159422,0.20693013707220123,0.088909721718084,ACQ2
485,USA,IRN,Nego,5.15,1.85,1,1,0.1536903698951578,0.14064527924985123,0.16121109102477027,0.03383705095616678,0.07936179947643365,0.08386978635912813,0.20646944466052394,0.14091517837796821,WAR1,0.12675440203648317,0.09539706485713863,0.2506847759471568,0.09719404704624919,0.05007292747109275,0.08405692385159422,0.20693013707220123,0.088909721718084,ACQ2
485,USA,IRN,Nego,5.15,1.86,1,1,0.15403112021950446,0.14164510050840687,0.15772770884255802,0.03396738149572674,0.08021150302431324,0.08376984919812794,0.2062234207819808,0.14242391592938175,WAR1,0.12675440203648317,0.09539706485713863,0.2506847759471568,0.09719404704624919,0.05007292747109275,0.08405692385159422,0.20693013707220123,0.088909721718084,ACQ2
485,USA,IRN,Nego,5.15,1.87,1,1,0.1543332965985967,0.14262740021154388,0.15426799420865425,0.034110863776316266,0.0810682926342961,0.08366979883098044,0.2059771182141577,0.14394523552545485,WAR1,0.12675440203648317,0.09539706485713863,0.2506847759471568,0.09719404704624919,0.05007292747109275,0.08405692385159422,0.20693013707220123,0.088909721718084,ACQ2
485,USA,IRN,Nego,5.15,1.88,1,1,0.15459591922273594,0.14359107617968586,0.1508339196086025,0.034268227773594534,0.08193184570973083,0.0835697146758961,0.20573073246767346,0.14547856436208062,WAR1,0.12675440203648317,0.09539706485713863,0.2506847759471568,0.09719404704624919,0.05007292747109275,0.08405692385159422,0.20693013707220123,0.088909721718084,ACQ2
485,USA,IRN,Nego,5.15,1.89,1,1,0.15481806695170497,0.14453502158879547,0.1474274195646051,0.034440231514153735,0.08280182431048624,0.08346967571051053,0.20548445796854536,0.14702330239119835,WAR1,0.12675440203648317,0.09539706485713863,0.2506847759471568,0.09719404704624919,0.05007292747109275,0.08405692385159422,0.20693013707220123,0.088909721718084,ACQ2
485,USA,IRN,Nego,5.15,1.9,1,1,0.15499888159865532,0.14545812628731553,0.14405038749636856,0.03462766120113643,0.08367787493500398,0.0833697598992436,0.2052384866484712,0.1485788219338053,WAR1,0.12675440203648317,0.09539706485713863,0.2506847759471568,0.09719404704624919,0.05007292747109275,0.08405692385159422,0.20693013707220123,0.088909721718084,ACQ2
485,USA,IRN,Nego,5.15,1.91,1,1,0.15513757205032558,0.1463592780689442,0.14070467276858664,0.034831331290639936,0.08455962831715924,0.08327004362912659,0.20499300655595595,0.15014446731926165,WAR1,0.12675440203648317,0.09539706485713863,0.2506847759471568,0.09719404704624919,0.05007292747109275,0.08405692385159422,0.20693013707220123,0.088909721718084,ACQ2
485,USA,IRN,Nego,5.15,1.92,1,1,0.15523341819608608,0.14723736389782718,0.13739207793858477,0.03505208451063252,0.08544669924094071,0.08317060115909795,0.2047482005005956,0.151719554556235,WAR1,0.12675440203648317,0.09539706485713863,0.2506847759471568,0.09719404704624919,0.05007292747109275,0.08405692385159422,0.20693013707220123,0.088909721718084,ACQ2
485,USA,IRN,Nego,5.15,1.93,1,1,0.15528577464031068,0.148091271085597,0.13411435621421514,0.035290791812277025,0.08633868637660676,0.08307150408736853,0.20450424474184545,0.15330337104177935,WAR1,0.12675440203648317,0.09539706485713863,0.2506847759471568,0.09719404704624919,0.05007292747109275,0.08405692385159422,0.20693013707220123,0.088909721718084,ACQ2
485,USA,IRN,Nego,5.15,1.94,1,1,0.15529407417501243,0.14891988842295298,0.13087320912829536,0.035548352241582544,0.08723517214268373,0.08297282084091465,0.20426130773226042,0.15489517531629754,WAR1,0.12675440203648317,0.09539706485713863,0.2506847759471568,0.09719404704624919,0.05007292747109275,0.08405692385159422,0.20693013707220123,0.088909721718084,ACQ2
485,USA,IRN,Nego,5.15,1.95,1,1,0.1552578309925249,0.14972210727208163,0.12767028443181686,0.035825692717213725,0.08813572259892694,0.08287461619046226,0.2040195489234903,0.15649419687348334,WAR1,0.12675440203648317,0.09539706485713863,0.2506847759471568,0.09719404704624919,0.05007292747109275,0.08405692385159422,0.20693013707220123,0.088909721718084,ACQ2
485,USA,IRN,Nego,5.15,1.96,1,1,0.1551766436211701,0.15049682263013034,0.1245071742038908,0.03612376769815084,0.08903988737615874,0.0827769507934949,0.2037791176412636,0.15809963603574081,WAR1,0.12675440203648317,0.09539706485713863,0.2506847759471568,0.09719404704624919,0.05007292747109275,0.08405692385159422,0.20693013707220123,0.088909721718084,ACQ2
485,USA,IRN,Nego,5.15,1.97,1,1,0.15505019757025215,0.1512429341780427,0.12138541317206786,0.03644355872277198,0.08994719964970989,0.08267988076686944,0.20354015203325884,0.15971066390702734,WAR1,0.12675440203648317,0.09539706485713863,0.2506847759471568,0.09719404704624919,0.05007292747109275,0.08405692385159422,0.20693013707220123,0.088909721718084,ACQ2
485,USA,IRN,Nego,5.15,1.98,1,1,0.1548782676742438,0.1519593473332459,0.1183064772323775,0.03678607379891218,0.0908571761639966,0.08258345728956781,0.2033027780911642,0.1613264224164919,WAR1,0.12675440203648317,0.09539706485713863,0.2506847759471568,0.09719404704624919,0.05007292747109275,0.08405692385159422,0.20693013707220123,0.088909721718084,ACQ2
485,USA,IRN,Nego,5.15,1.99,1,1,0.15466072012957324,0.1526449743288072,0.11527178215433005,0.03715234662264074,0.09176931731654038,0.08248772623498835,0.20306710874545778,0.1629460244676621,WAR1,0.12675440203648317,0.09539706485713863,0.2506847759471568,0.09719404704624919,0.05007292747109275,0.08405692385159422,0.20693013707220123,0.088909721718084,ACQ2
485,USA,IRN,Nego,5.16,1.5,1,1,0.1264456527561957,0.1027161649980768,0.27987074776113996,0.03401494831264049,0.05604317809215323,0.08706453944951743,0.2143342422835406,0.09951052634673577,ACQ2,0.12675440203648317,0.09539706485713863,0.2506847759471568,0.09719404704624919,0.05007292747109275,0.08405692385159422,0.20693013707220123,0.088909721718084,ACQ2
485,USA,IRN,Nego,5.16,1.51,1,1,0.12737509058930904,0.10377276898212527,0.2767870125843668,0.03395703559099369,0.05655209355022617,0.08699031705742466,0.21415152265658036,0.10041415898897381,ACQ2,0.12675440203648317,0.09539706485713863,0.2506847759471568,0.09719404704624919,0.05007292747109275,0.08405692385159422,0.20693013707220123,0.088909721718084,ACQ2
485,USA,IRN,Nego,5.16,1.52,1,1,0.1283060630586735,0.10483882998538481,0.27366112553232025,0.0339013918278631,0.057072011845866175,0.08691561853373699,0.21396763089564622,0.10133732832050887,ACQ2,0.12675440203648317,0.09539706485713863,0.2506847759471568,0.09719404704624919,0.05007292747109275,0.08405692385159422,0.20693013707220123,0.088909721718084,ACQ2
485,USA,IRN,Nego,5.16,1.53,1,1,0.12923774131427046,0.1059139709608583,0.27049446558852425,0.03384805224180997,0.0576029564317099,0.08684036490178274,0.2137823725770932,0.10228007598395122,ACQ2,0.12675440203648317,0.09539706485713863,0.2506847759471568,0.09719404704624919,0.05007292747109275,0.08405692385159422,0.20693013707220123,0.088909721718084,ACQ2
485,USA,IRN,Nego,5.16,1.54,1,1,0.130169263340027,0.10699779073039481,0.2672884592924421,0.033797062861309506,0.0581449459272404,0.08676448075133801,0.2135955620571074,0.10324243504014098,ACQ2,0.12675440203648317,0.09539706485713863,0.2506847759471568,0.09719404704624919,0.05007292747109275,0.08405692385159422,0.20693013707220123,0.088909721718084,ACQ2
485,USA,IRN,Nego,5.16,1.55,1,1,0.13109973380547932,0.10808986337807214,0.2640445807609699,0.03374848112609469,0.058697993791649736,0.0866878945390848,0.21340702321136773,0.10422442938728202,ACQ2,0.12675440203648317,0.09539706485713863,0.2506847759471568,0.09719404704624919,0.05007292747109275,0.08405692385159422,0.20693013707220123,0.088909721718084,ACQ2
485,USA,IRN,Nego,5.16,1.56,1,1,0.13202822403333506,0.10918973767939844,0.2607643515735335,0.033702376503418625,0.059262107991204724,0.08661053888474023,0.21321659016405464,0.10522607317031443,ACQ2,0.12675440203648317,0.09539706485713863,0.2506847759471568,0.09719404704624919,0.05007292747109275,0.08405692385159422,0.20693013707220123,0.088909721718084,ACQ2
485,USA,IRN,Nego,5.16,1.57,1,1,0.1329537720930233,0.11029693657140284,0.2574493405121985,0.03365883111786504,0.059837290661635206,0.08653235086094167,0.2130241080014833,0.10624737018145008,ACQ2,0.12675440203648317,0.09539706485713863,0.2506847759471568,0.09719404704624919,0.05007292747109275,0.08405692385159422,0.20693013707220123,0.088909721718084,ACQ2
485,USA,IRN,Nego,5.16,1.58,1,1,0.13387538303043717,0.11141095666882665,0.2541011631484472,0.03361794039317883,0.06042353776610257,0.08645327227483438,0.2128294334653137,0.10728831325285962,ACQ2,0.12675440203648317,0.09539706485713863,0.2506847759471568,0.09719404704624919,0.05007292747109275,0.08405692385159422,0.20693013707220123,0.088909721718084,ACQ2
485,USA,IRN,Nego,5.16,1.59,1,1,0.13479202924410935,0.11253126783173047,0.25072148126862737,0.03357981370443609,0.06102083874934343,0.08637324993919279,0.21263243561999184,0.1083488836425685,ACQ2,0.12675440203648317,0.09539706485713863,0.2506847759471568,0.09719404704624919,0.05007292747109275,0.08405692385159422,0.20693013707220123,0.088909721718084,ACQ2
485,USA,IRN,Nego,5.16,1.6,1,1,0.135702651017996,0.11365731278988826,0.24731200213051435,0.03354457503872572,0.06162917618861424,0.0862922359307894,0.21243299648879926,0.10942905041467271,ACQ2,0.12675440203648317,0.09539706485713863,0.2506847759471568,0.09719404704624919,0.05007292747109275,0.08405692385159422,0.20693013707220123,0.088909721718084,ACQ2
485,USA,IRN,Nego,5.16,1.61,1,1,0.1366061572208754,0.1147885068293458,0.24387447754400302,0.03351236366237751,0.06224852544209287,0.0862101878336272,0.21223101165263913,0.11052876981503892,ACQ2,0.12675440203648317,0.09539706485713863,0.2506847759471568,0.09719404704624919,0.05007292747109275,0.08405692385159422,0.20693013707220123,0.088909721718084,ACQ2
485,USA,IRN,Nego,5.16,1.62,1,1,0.1375014261820871,0.11592423754646984,0.24041070276961468,0.03348333479264569,0.06287885429541606,0.08612706896457371,0.2120263908054988,0.11164798464369449,ACQ2,0.12675440203648317,0.09539706485713863,0.2506847759471568,0.09719404704624919,0.05007292747109275,0.08405692385159422,0.20693013707220123,0.088909721718084,ACQ2
485,USA,IRN,Nego,5.16,1.63,1,1,0.13838730675291053,0.11706386467469404,0.23692251522931612,0.03345766027164624,0.06352012260705098,0.08604284857886861,0.21181905826036546,0.11278662362514814,ACQ2,0.12675440203648317,0.09539706485713863,0.2506847759471568,0.09719404704624919,0.05007292747109275,0.08405692385159422,0.20693013707220123,0.088909721718084,ACQ2
485,USA,IRN,Nego,5.16,1.64,1,1,0.13926261956233735,0.11820671998897822,0.2334117930250827,0.03343552924025339,0.0641722819532109,0.08595750205294485,0.21160895339929264,0.11394460077790003,ACQ2,0.12675440203648317,0.09539706485713863,0.2506847759471568,0.09719404704624919,0.05007292747109275,0.08405692385159422,0.20693013707220123,0.088909721718084,ACQ2
485,USA,IRN,Nego,5.16,1.65,1,1,0.14012615847527699,0.1193521072927307,0.22988045326169448,0.033417148809588224,0.06483527527303094,0.08587101104198751,0.21139603106127663,0.11512181478441436,ACQ2,0.12675440203648317,0.09539706485713863,0.2506847759471568,0.09719404704624919,0.05007292747109275,0.08405692385159422,0.20693013707220123,0.088909721718084,ACQ2
485,USA,IRN,Nego,5.16,1.66,1,1,0.14097669226037368,0.12049930249158843,0.22633045017146713,0.03340274472768434,0.06550903651471837,0.08578336360968068,0.21118026186166505,0.1163181483628224,ACQ2,0.12675440203648317,0.09539706485713863,0.2506847759471568,0.09719404704624919,0.05007292747109275,0.08405692385159422,0.20693013707220123,0.088909721718084,ACQ2
485,USA,IRN,Nego,5.16,1.67,1,1,0.141812966473583,0.1216475537580134,0.22276377303993666,0.033392562038892314,0.0661934902833824,0.08569455432764193,0.21096163243694313,0.11753346764160727,ACQ2,0.12675440203648317,0.09539706485713863,0.2506847759471568,0.09719404704624919,0.05007292747109275,0.08405692385159422,0.20693013707220123,0.088909721718084,ACQ2
485,USA,IRN,Nego,5.16,1.68,1,1,0.14263370556245136,0.1227960817901282,0.2191824439329866,0.033386865733590634,0.06688855149123243,0.08560458434213933,0.21074014560897755,0.11876762153849416,ACQ2,0.12675440203648317,0.09539706485713863,0.2506847759471568,0.09719404704624919,0.05007292747109275,0.08405692385159422,0.20693013707220123,0.088909721718084,ACQ2
485,USA,IRN,Nego,5.16,1.69,1,1,0.1434376151946675,0.12394408016758993,0.2155885152274803,0.03338594138580471,0.06759412501080624,0.08551346140581598,0.21051582046311434,0.12002044114472088,ACQ2,0.12675440203648317,0.09539706485713863,0.2506847759471568,0.09719404704624919,0.05007292747109275,0.08405692385159422,0.20693013707220123,0.088909721718084,ACQ2
485,USA,IRN,Nego,5.16,1.7,1,1,0.1442233848129053,0.1250907158065792,0.21198406694915642,0.03339009577640166,0.06831010533186074,0.08542119987232134,0.21028869233496347,0.12129173911581176,ACQ2,0.12675440203648317,0.09539706485713863,0.2506847759471568,0.09719404704624919,0.05007292747109275,0.08405692385159422,0.20693013707220123,0.088909721718084,ACQ2
485,USA,IRN,Nego,5.16,1.71,1,1,0.14498969041625304,0.126235129515171,0.20837120392333905,0.03339965749962137,0.06903637622251392,0.08532782065196796,0.21005881270123414,0.12258130906989916,WAR1,0.12675440203648317,0.09539706485713863,0.2506847759471568,0.09719404704624919,0.05007292747109275,0.08405692385159422,0.20693013707220123,0.088909721718084,ACQ2
485,USA,IRN,Nego,5.16,1.72,1,1,0.14573519756664566,0.1273764366494519,0.20475205274588704,0.03341497755082897,0.06977281039518396,0.0852333511267961,0.20982624897064278,0.1238889249945638,WAR1,0.12675440203648317,0.09539706485713863,0.2506847759471568,0.09719404704624919,0.05007292747109275,0.08405692385159422,0.20693013707220123,0.088909721718084,ACQ2
485,USA,IRN,Nego,5.16,1.73,1,1,0.1464585646166703,0.12851372786976506,0.20112875858374715,0.03343642989352017,0.07051926917781787,0.0851378250237391,0.20959108417167333,0.12521434066306675,WAR1,0.12675440203648317,0.09539706485713863,0.2506847759471568,0.09719404704624919,0.05007292747109275,0.08405692385159422,0.20693013707220123,0.088909721718084,ACQ2
485,USA,IRN,Nego,5.16,1.74,1,1,0.1471584461529499,0.12964606999541875,0.1975034818164509,0.033464412003782175,0.07127560219084991,0.08504128224494013,0.2093534165348529,0.12655728906075542,WAR1,0.12675440203648317,0.09539706485713863,0.2506847759471568,0.09719404704624919,0.05007292747109275,0.08405692385159422,0.20693013707220123,0.088909721718084,ACQ2
485,USA,IRN,Nego,5.16,1.75,1,1,0.14783349664700846,0.13077250695507495,0.19387839453187822,0.0334993453905951,0.07204164703027194,0.08494376865466716,0.2091133589681828,0.1279174818223211,WAR1,0.12675440203648317,0.09539706485713863,0.2506847759471568,0.09719404704624919,0.05007292747109275,0.08405692385159422,0.20693013707220123,0.088909721718084,ACQ2
485,USA,IRN,Nego,5.16,1.76,1,1,0.14848237430314706,0.13189206082889893,0.19025567689158202,0.033541676090552405,0.07281722895714567,0.0848453358227189,0.20887103842545846,0.1292946086804967,WAR1,0.12675440203648317,0.09539706485713863,0.2506847759471568,0.09719404704624919,0.05007292747109275,0.08405692385159422,0.20693013707220123,0.088909721718084,ACQ2
485,USA,IRN,Nego,5.16,1.77,1,1,0.14910374509040314,0.1330037329773737,0.1866375133828651,0.03359187513576525,0.07360216059383796,0.08474604072468667,0.20862659516837845,0.13068833692668963,WAR1,0.12675440203648317,0.09539706485713863,0.2506847759471568,0.09719404704624919,0.05007292747109275,0.08405692385159422,0.20693013707220123,0.088909721718084,ACQ2
485,USA,IRN,Nego,5.16,1.78,1,1,0.14969628694320788,0.13410650525053308,0.1830260889766176,0.03365043899389168,0.07439624162721879,0.08464594539994955,0.20838018192460198,0.1320983108839794,WAR1,0.12675440203648317,0.09539706485713863,0.2506847759471568,0.09719404704624919,0.05007292747109275,0.08405692385159422,0.20693013707220123,0.088909721718084,ACQ2
485,USA,IRN,Nego,5.16,1.79,1,1,0.150258694112884,0.1351993412702402,0.1794235852115878,0.03371788997937437,0.07519925851903547,0.08454511656880803,0.20813196294521394,0.13352415139285623,WAR1,0.12675440203648317,0.09539706485713863,0.2506847759471568,0.09719404704624919,0.05007292747109275,0.08405692385159422,0.20693013707220123,0.088909721718084,ACQ2
485,USA,IRN,Nego,5.16,1.8,1,1,0.15078968164973805,0.13628118777709175,0.17583217622724778,0.03379477663507259,0.0760109842236677,0.08444362521070954,0.20788211296640616,0.13496545531006648,WAR1,0.12675440203648317,0.09539706485713863,0.2506847759471568,0.09719404704624919,0.05007292747109275,0.08405692385159422,0.20693013707220123,0.088909721718084,ACQ2
485,USA,IRN,Nego,5.16,1.81,1,1,0.1512879899932001,0.13735097603257884,0.17225402476867183,0.03388167408351143,0.07683117791348312,0.0843415461060678,0.20763081608153544,0.1364217950209515,WAR1,0.12675440203648317,0.09539706485713863,0.2506847759471568,0.09719404704624919,0.05007292747109275,0.08405692385159422,0.20693013707220123,0.088909721718084,ACQ2
485,USA,IRN,Nego,5.16,1.82,1,1,0.15175238964533205,0.1384076232663422,0.16869127818783014,0.03397918434692627,0.07765958471205582,0.08423895734471809,0.20737826453104524,0.13789271796575017,WAR1,0.12675440203648317,0.09539706485713863,0.2506847759471568,0.09719404704624919,0.05007292747109275,0.08405692385159422,0.20693013707220123,0.088909721718084,ACQ2
485,USA,IRN,Nego,5.16,1.83,1,1,0.15218168590109488,0.1394500341577464,0.16514606446635888,0.03408793663513758,0.07849593543559268,0.08413593980457161,0.2071246574190244,0.13937774618047372,WAR1,0.12675440203648317,0.09539706485713863,0.2506847759471568,0.09719404704624919,0.05007292747109275,0.08405692385159422,0.20693013707220123,0.088909721718084,ACQ2
485,USA,IRN,Nego,5.16,1.84,1,1,0.1525747236071044,0.14047710234062083,0.16162048828517162,0.03420858760002118,0.07933994634303138,0.08403257660451294,0.2068701993663585,0.14087637585317897,WAR1,0.12675440203648317,0.09539706485713863,0.2506847759471568,0.09719404704624919,0.05007292747109275,0.08405692385159422,0.20693013707220123,0.088909721718084,ACQ2
485,USA,IRN,Nego,5.16,1.85,1,1,0.15293039191925578,0.14148771191991336,0.15811662716617503,0.03434182155493073,0.08019131889544713,0.08392895253601673,0.20661509911149126,0.14238807689676983,WAR1,0.12675440203648317,0.09539706485713863,0.2506847759471568,0.09719404704624919,0.05007292747109275,0.08405692385159422,0.20693013707220123,0.088909721718084,ACQ2
485,USA,IRN,Nego,5.16,1.86,1,1,0.15324762902860917,0.1424807389892135,0.15463652771081013,0.0344883506568589,0.08104973952562677,0.08382515347832163,0.20635956807070824,0.1439122925398516,WAR1,0.12675440203648317,0.09539706485713863,0.2506847759471568,0.09719404704624919,0.05007292747109275,0.08405692385159422,0.20693013707220123,0.088909721718084,ACQ2
485,USA,IRN,Nego,5.16,1.87,1,1,0.15352542682435744,0.1434550531386739,0.15118220195915477,0.03464891504837526,0.08191487941895395,0.08372126580227769,0.20610381887053722,0.1454484389376698,WAR1,0.12675440203648317,0.09539706485713863,0.2506847759471568,0.09719404704624919,0.05007292747109275,0.08405692385159422,0.20693013707220123,0.088909721718084,ACQ2
485,USA,IRN,Nego,5.16,1.88,1,1,0.15376283546256048,0.14440951894381363,0.14775562389183663,0.034824282955443125,0.08278639430709708,0.08361737576816378,0.20584806386530313,0.14699590480578192,WAR1,0.12675440203648317,0.09539706485713863,0.2506847759471568,0.09719404704624919,0.05007292747109275,0.08405692385159422,0.20693013707220123,0.088909721718084,ACQ2
485,USA,IRN,Nego,5.16,1.89,1,1,0.15395896780967447,0.14534299742706172,0.144358726095061,0.03501525073608405,0.08366392427640645,0.08351356892283397,0.20559251365303194,0.14855405107984632,WAR1,0.12675440203648317,0.09539706485713863,0.2506847759471568,0.09719404704624919,0.05007292747109275,0.08405692385159422,0.20693013707220123,0.088909721718084,ACQ2
485,USA,IRN,Nego,5.16,1.9,1,1,0.15411300373073444,0.1462543474857025,0.14099339660661628,0.03522264287352705,0.08454709359341035,0.08340992950149141,0.20533737560274648,0.15012221060577166,WAR1,0.12675440203648317,0.09539706485713863,0.2506847759471568,0.09719404704624919,0.05007292747109275,0.08405692385159422,0.20693013707220123,0.088909721718084,ACQ2
485,USA,IRN,Nego,5.16,1.91,1,1,0.15422419419337086,0.14714242728212373,0.13766147595784564,0.035447311905961176,0.08543551055035133,0.08330653983918918,0.20508285240570648,0.1516996878654516,WAR1,0.12675440203648317,0.09539706485713863,0.2506847759471568,0.09719404704624919,0.05007292747109275,0.08405692385159422,0.20693013707220123,0.088909721718084,ACQ2
485,USA,IRN,Nego,5.16,1.92,1,1,0.15429186516064403,0.14800609559493563,0.13436475442326562,0.035690138283315936,0.08632876733432066,0.08320347979681436,0.20482914066230576,0.15328575874439815,WAR1,0.12675440203648317,0.09539706485713863,0.2506847759471568,0.09719404704624919,0.05007292747109275,0.08405692385159422,0.20693013707220123,0.088909721718084,ACQ2
485,USA,IRN,Nego,5.16,1.93,1,1,0.15431542124793088,0.1488442131325879,0.1311049694858557,0.03595203013965951,0.08722643992422116,0.08310082620582439,0.20457642951513114,0.1548796703487891,WAR1,0.12675440203648317,0.09539706485713863,0.2506847759471568,0.09719404704624919,0.05007292747109275,0.08405692385159422,0.20693013707220123,0.088909721718084,ACQ2
485,USA,IRN,Nego,5.16,1.94,1,1,0.1542943491217566,0.14965564381453061,0.12788380352209416,0.036233922967865234,0.08812808802051288,0.08299865233537368,0.20432489933714257,0.15648064088072405,WAR1,0.12675440203648317,0.09539706485713863,0.2506847759471568,0.09719404704624919,0.05007292747109275,0.08405692385159422,0.20693013707220123,0.088909721718084,ACQ2
485,USA,IRN,Nego,5.16,1.95,1,1,0.15422822062145272,0.15043925602866026,0.12470288170666591,0.03653677918121055,0.08903325501345036,0.08289702738469902,0.204074720482035,0.1580878595818261,WAR1,0.12675440203648317,0.09539706485713863,0.2506847759471568,0.09719404704624919,0.05007292747109275,0.08405692385159422,0.20693013707220123,0.088909721718084,ACQ2
485,USA,IRN,Nego,5.16,1.96,1,1,0.15411669558777624,0.15119392387768296,0.12156377013252413,0.03686158754460535,0.08994146799629583,0.08279601600274751,0.20382605210166477,0.1597004867567034,WAR1,0.12675440203648317,0.09539706485713863,0.2506847759471568,0.09719404704624919,0.05007292747109275,0.08405692385159422,0.20693013707220123,0.088909721718084,ACQ2
485,USA,IRN,Nego,5.16,1.97,1,1,0.15395952438602112,0.15191852843100848,0.1184679741377771,0.037209362456280204,0.09085223783075648,0.0826956778360371,0.2035790410329797,0.16131765388913982,WAR1,0.12675440203648317,0.09539706485713863,0.2506847759471568,0.09719404704624919,0.05007292747109275,0.08405692385159422,0.20693013707220123,0.088909721718084,ACQ2
485,USA,IRN,Nego,5.16,1.98,1,1,0.15375655011460304,0.15261195900270497,0.11541693682680644,0.037581143059095365,0.0917650592726333,0.08259606710468002,0.20333382075427936,0.16293846386519767,WAR1,0.12675440203648317,0.09539706485713863,0.2506847759471568,0.09719404704624919,0.05007292747109275,0.08405692385159422,0.20693013707220123,0.088909721718084,ACQ2
485,USA,IRN,Nego,5.16,1.99,1,1,0.15350771049345743,0.15327311447976769,0.1124120377692785,0.03797799215926081,0.09267941116633577,0.08249723220539201,0.20309051040790874,0.16456199131859892,WAR1,0.12675440203648317,0.09539706485713863,0.2506847759471568,0.09719404704624919,0.05007292747109275,0.08405692385159422,0.20693013707220123,0.088909721718084,ACQ2
485,USA,IRN,Nego,5.17,1.5,1,1,0.12598378074056274,0.10334022263738153,0.2777163059262197,0.034265351287917356,0.05648087496910479,0.08721676717170646,0.2147089943203196,0.10028770294678785,ACQ2,0.12675440203648317,0.09539706485713863,0.2506847759471568,0.09719404704624919,0.05007292747109275,0.08405692385159422,0.20693013707220123,0.088909721718084,ACQ2
485,USA,IRN,Nego,5.17,1.51,1,1,0.12691618724692533,0.10440940804856323,0.2745827356985413,0.034211464254371514,0.05700156878398308,0.0871418420211514,0.21452454465259344,0.10121224929387096,ACQ2,0.12675440203648317,0.09539706485713863,0.2506847759471568,0.09719404704624919,0.05007292747109275,0.08405692385159422,0.20693013707220123,0.088909721718084,ACQ2
485,USA,IRN,Nego,5.17,1.52,1,1,0.12784972422640262,0.10548798409568089,0.2714078198201586,0.03415988297498962,0.05753333807899731,0.08706627489949029,0.21433851458954822,0.1021564613147326,ACQ2,0.12675440203648317,0.09539706485713863,0.2506847759471568,0.09719404704624919,0.05007292747109275,0.08405692385159422,0.20693013707220123,0.088909721718084,ACQ2
485,USA,IRN,Nego,5.17,1.53,1,1,0.12878353825184607,0.10657555312302007,0.2681929825689051,0.03411065283063315,0.0580762017975233,0.0869899874786077,0.2141507113041462,0.10312037264531843,ACQ2,0.12675440203648317,0.09539706485713863,0.2506847759471568,0.09719404704624919,0.05007292747109275,0.08405692385159422,0.20693013707220123,0.088909721718084,ACQ2
485,USA,IRN,Nego,5.17,1.54,1,1,0.12971674202774186,0.10767169222980086,0.26493969681144713,0.0340638307493347,0.05863017362380862,0.08691290535168458,0.2139609516227406,0.10410400758344183,ACQ2,0.12675440203648317,0.09539706485713863,0.2506847759471568,0.09719404704624919,0.05007292747109275,0.08405692385159422,0.20693013707220123,0.088909721718084,ACQ2
485,USA,IRN,Nego,5.17,1.55,1,1,0.13064841429953847,0.1087759526536481,0.2616494839516021,0.03401948583894256,0.05919526164132749,0.08683495834359,0.2137690627891942,0.10510738048215704,ACQ2,0.12675440203648317,0.09539706485713863,0.2506847759471568,0.09719404704624919,0.05007292747109275,0.08405692385159422,0.20693013707220123,0.088909721718084,ACQ2
485,USA,IRN,Nego,5.17,1.56,1,1,0.1315775998876964,0.10988785919390885,0.25832391373316316,0.033977700034073,0.059771467985922956,0.08675608081580986,0.2135748832155487,0.10613049513387679,ACQ2,0.12675440203648317,0.09539706485713863,0.2506847759471568,0.09719404704624919,0.05007292747109275,0.08405692385159422,0.20693013707220123,0.088909721718084,ACQ2
485,USA,IRN,Nego,5.17,1.57,1,1,0.13250330985693734,0.11100690968022053,0.25496460388846165,0.03393856875578676,0.06035878849432818,0.08667621196383943,0.21337826321414083,0.10717334414628535,ACQ2,0.12675440203648317,0.09539706485713863,0.2506847759471568,0.09719404704624919,0.05007292747109275,0.08405692385159422,0.20693013707220123,0.088909721718084,ACQ2
485,USA,IRN,Nego,5.17,1.58,1,1,0.13342452183124778,0.11213257449186995,0.2515732196242171,0.03390220158223865,0.06095721234869993,0.0865952961048297,0.21317906570572664,0.1082359083111701,ACQ2,0.12675440203648317,0.09539706485713863,0.2506847759471568,0.09719404704624919,0.05007292747109275,0.08405692385159422,0.20693013707220123,0.088909721718084,ACQ2
485,USA,IRN,Nego,5.17,1.59,1,1,0.13434018046516172,0.11326429613356905,0.2481514729366342,0.03386872292838704,0.06156672171783638,0.08651328295316096,0.21297716689788426,0.10931815596736658,ACQ2,0.12675440203648317,0.09539706485713863,0.2506847759471568,0.09719404704624919,0.05007292747109275,0.08405692385159422,0.20693013707220123,0.088909721718084,ACQ2
485,USA,IRN,Nego,5.17,1.6,1,1,0.13524919808172578,0.11440148887330776,0.24470112174823277,0.03383827273269378,0.06218729139578383,0.08643012788150245,0.21277245692768681,0.11042004235906677,ACQ2,0.12675440203648317,0.09539706485713863,0.2506847759471568,0.09719404704624919,0.05007292747109275,0.08405692385159422,0.20693013707220123,0.088909721718084,ACQ2
485,USA,IRN,Nego,5.17,1.61,1,1,0.13615045548729898,0.11554353844793173,0.24122396885955052,0.03381100714860269,0.06281888843857114,0.08634579216482711,0.2125648404624149,0.11154150899080312,ACQ2,0.12675440203648317,0.09539706485713863,0.2506847759471568,0.09719404704624919,0.05007292747109275,0.08405692385159422,0.20693013707220123,0.088909721718084,ACQ2
485,USA,IRN,Nego,5.17,1.62,1,1,0.13704280297296606,0.11668980184199695,0.2377218607096326,0.03378709923845223,0.06346147179982993,0.08626024320477585,0.2123542372518923,0.11268248298045397,ACQ2,0.12675440203648317,0.09539706485713863,0.2506847759471568,0.09719404704624919,0.05007292747109275,0.08405692385159422,0.20693013707220123,0.088909721718084,ACQ2
485,USA,IRN,Nego,5.17,1.63,1,1,0.13792506151183037,0.1178396071453104,0.23419668594012716,0.03376673966736623,0.06411499196608295,0.0861734547317145,0.21214058262590826,0.11384287641166,ACQ2,0.12675440203648317,0.09539706485713863,0.2506847759471568,0.09719404704624919,0.05007292747109275,0.08405692385159422,0.20693013707220123,0.088909721718084,ACQ2
485,USA,IRN,Nego,5.17,1.64,1,1,0.13879602416078063,0.11899225349431616,0.23065037375885405,0.03375013739457122,0.06477939059249108,0.08608540698180472,0.21192382793012746,0.1150225856870549,ACQ2,0.12675440203648317,0.09539706485713863,0.2506847759471568,0.09719404704624919,0.05007292747109275,0.08405692385159422,0.20693013707220123,0.088909721718084,ACQ2
485,USA,IRN,Nego,5.17,1.65,1,1,0.13965445767449866,0.12014701110218083,0.22708489209989158,0.03373752035951938,0.0654546001398568,0.08599608684641602,0.2117039408939099,0.11622149088372698,ACQ2,0.12675440203648317,0.09539706485713863,0.2506847759471568,0.09719404704624919,0.05007292747109275,0.08405692385159422,0.20693013707220123,0.088909721718084,ACQ2
485,USA,IRN,Nego,5.17,1.66,1,1,0.140499104338487,0.12130312138201813,0.2235022455785435,0.03372913616014926,0.0661405435136784,0.08590548799124455,0.21148090592355687,0.11743945511232237,ACQ2,0.12675440203648317,0.09539706485713863,0.2506847759471568,0.09719404704624919,0.05007292747109275,0.08405692385159422,0.20693013707220123,0.088909721718084,ACQ2
485,USA,IRN,Nego,5.17,1.67,1,1,0.14132868402671225,0.12245979716719027,0.219904473241,0.03372525272060015,0.06683713370603775,0.08581361094258576,0.2112547243146946,0.11867632388117903,ACQ2,0.12675440203648317,0.09539706485713863,0.2506847759471568,0.09719404704624919,0.05007292747109275,0.08405692385159422,0.20693013707220123,0.088909721718084,ACQ2
485,USA,IRN,Nego,5.17,1.68,1,1,0.14214189648812162,0.12361622303203172,0.21629364611008906,0.033726158945706304,0.06754427344108642,0.08572046313832098,0.2110254143777939,0.11993192446685023,ACQ2,0.12675440203648317,0.09539706485713863,0.2506847759471568,0.09719404704624919,0.05007292747109275,0.08405692385159422,0.20693013707220123,0.088909721718084,ACQ2
485,USA,IRN,Nego,5.17,1.69,1,1,0.14293742386475533,0.12477155571564269,0.21267186453020592,0.03373216535964053,0.06826185482486716,0.08562605894134301,0.21079301147121904,0.1212060652923263,ACQ2,0.12675440203648317,0.09539706485713863,0.2506847759471568,0.09719404704624919,0.05007292747109275,0.08405692385159422,0.20693013707220123,0.088909721718084,ACQ2
485,USA,IRN,Nego,5.17,1.7,1,1,0.14371393344247693,0.1259249246506138,0.2090412553163256,0.03374360472614891,0.0689897590001739,0.08553041961334781,0.21055756793671054,0.12249853531420224,WAR1,0.12675440203648317,0.09539706485713863,0.2506847759471568,0.09719404704624919,0.05007292747109275,0.08405692385159422,0.20693013707220123,0.088909721718084,ACQ2
485,USA,IRN,Nego,5.17,1.71,1,1,0.14447008063346306,0.1270754325976599,0.20540396871388814,0.033760832647921374,0.06972785580711029,0.08543357324717446,0.21031915293281886,0.1238091034199637,WAR1,0.12675440203648317,0.09539706485713863,0.2506847759471568,0.09719404704624919,0.05007292747109275,0.08405692385159422,0.20693013707220123,0.088909721718084,ACQ2
485,USA,IRN,Nego,5.17,1.72,1,1,0.14520451218755973,0.12822215638617615,0.20176217517832884,0.03378422814277135,0.07047600344996105,0.08533555465617132,0.21007785216254898,0.12513751783648253,WAR1,0.12675440203648317,0.09539706485713863,0.2506847759471568,0.09719404704624919,0.05007292747109275,0.08405692385159422,0.20693013707220123,0.088909721718084,ACQ2
485,USA,IRN,Nego,5.17,1.73,1,1,0.14591586962742695,0.1293641477596851,0.1981180619850323,0.03381419419445256,0.07123404817093791,0.08523640521941779,0.20983376749232882,0.1264835055507184,WAR1,0.12675440203648317,0.09539706485713863,0.2506847759471568,0.09719404704624919,0.05007292747109275,0.08405692385159422,0.20693013707220123,0.088909721718084,ACQ2
485,USA,IRN,Nego,5.17,1.74,1,1,0.14660279290008307,0.13050043432404126,0.19447382968253285,0.03385115827611113,0.07200182393130919,0.08513617268201747,0.20958701646037384,0.1278467717435311,WAR1,0.12675440203648317,0.09539706485713863,0.2506847759471568,0.09719404704624919,0.05007292747109275,0.08405692385159422,0.20693013707220123,0.088909721718084,ACQ2
485,USA,IRN,Nego,5.17,1.75,1,1,0.14726392423504558,0.13163002059510343,0.19083168840380738,0.033895572844553884,0.07277915210036771,0.08503491091011665,0.20933773167359532,0.12922699923741027,WAR1,0.12675440203648317,0.09539706485713863,0.2506847759471568,0.09719404704624919,0.05007292747109275,0.08405692385159422,0.20693013707220123,0.088909721718084,ACQ2
485,USA,IRN,Nego,5.17,1.76,1,1,0.14789791219677592,0.13275188914141167,0.18719385405248556,0.0339479158036971,0.0735658411526437,0.08493267960077554,0.20908606009336503,0.1306238479588456,WAR1,0.12675440203648317,0.09539706485713863,0.2506847759471568,0.09719404704624919,0.05007292747109275,0.08405692385159422,0.20693013707220123,0.088909721718084,ACQ2
485,USA,IRN,Nego,5.17,1.77,1,1,0.1485034159166137,0.13386500181622604,0.1835625443826957,0.03400869093573451,0.07436168637372703,0.08482954394732464,0.20883216221169495,0.1320369544159833,WAR1,0.12675440203648317,0.09539706485713863,0.2506847759471568,0.09719404704624919,0.05007292747109275,0.08405692385159422,0.20693013707220123,0.088909721718084,ACQ2
485,USA,IRN,Nego,5.17,1.78,1,1,0.14907910948685305,0.1349683010721321,0.17993997499302603,0.0340784282987146,0.07516646957503222,0.08472557426137463,0.2085762111207059,0.1334659311921612,WAR1,0.12675440203648317,0.09539706485713863,0.2506847759471568,0.09719404704624919,0.05007292747109275,0.08405692385159422,0.20693013707220123,0.088909721718084,ACQ2
485,USA,IRN,Nego,5.17,1.79,1,1,0.14962368649713573,0.13606071135033085,0.1763283552566726,0.034157684589330384,0.07597995881782692,0.08462084555319649,0.20831839147961417,0.13491036645589302,WAR1,0.12675440203648317,0.09539706485713863,0.2506847759471568,0.09719404704624919,0.05007292747109275,0.08405692385159422,0.20693013707220123,0.088909721718084,ACQ2
485,USA,IRN,Nego,5.17,1.8,1,1,0.15013586469094323,0.13714114053573126,0.17272988421121768,0.03424704346978365,0.07680190814685163,0.08451543707274994,0.20805889838484076,0.13636982348788185,WAR1,0.12675440203648317,0.09539706485713863,0.2506847759471568,0.09719404704624919,0.05007292747109275,0.08405692385159422,0.20693013707220123,0.088909721718084,ACQ2
485,USA,IRN,Nego,5.17,1.81,1,1,0.15061439071772192,0.13820848146810974,0.16914674643258867,0.03434711585757118,0.07763205733389557,0.08440943181418906,0.20779793615021142,0.13784384022571244,WAR1,0.12675440203648317,0.09539706485713863,0.2506847759471568,0.09719404704624919,0.05007292747109275,0.08405692385159422,0.20693013707220123,0.088909721718084,ACQ2
485,USA,IRN,Nego,5.17,1.82,1,1,0.15105804495412486,0.13926161349891172,0.1655811079185372,0.03445854017693239,0.07847013163176152,0.08430291598721132,0.20753571700553075,0.13933192882699025,WAR1,0.12675440203648317,0.09539706485713863,0.2506847759471568,0.09719404704624919,0.05007292747109275,0.08405692385159422,0.20693013707220123,0.088909721718084,ACQ2
485,USA,IRN,Nego,5.17,1.83,1,1,0.15146564636604648,0.14029940408281086,0.1620351120074243,0.03458198257047924,0.07931584153916314,0.08419597845912156,0.20727245972306296,0.14083357525189144,WAR1,0.12675440203648317,0.09539706485713863,0.2506847759471568,0.09719404704624919,0.05007292747109275,0.08405692385159422,0.20693013707220123,0.088909721718084,ACQ2
485,USA,IRN,Nego,5.17,1.84,1,1,0.1518360573816299,0.14132071039293456,0.1585108753581383,0.03471813706917794,0.08016888257725192,0.08408871017193616,0.2070083881825677,0.14234823886636375,WAR1,0.12675440203648317,0.09539706485713863,0.2506847759471568,0.09719404704624919,0.05007292747109275,0.08405692385159422,0.20693013707220123,0.088909721718084,ACQ2
485,USA,IRN,Nego,5.17,1.85,1,1,0.15216818874427038,0.1423243809487733,0.15501048401658415,0.0348677257183497,0.08102893507868071,0.08398120353924692,0.20674372988650824,0.1438753520675866,WAR1,0.12675440203648317,0.09539706485713863,0.2506847759471568,0.09719404704624919,0.05007292747109275,0.08405692385159422,0.20693013707220123,0.088909721718084,ACQ2
485,USA,IRN,Nego,5.17,1.86,1,1,0.15246100431389123,0.1433092572462228,0.15153598959334733,0.03503149865669316,0.08189566399037254,0.08387355182787977,0.20647871443782742,0.14541431993376588,WAR1,0.12675440203648317,0.09539706485713863,0.2506847759471568,0.09719404704624919,0.05007292747109275,0.08405692385159422,0.20693013707220123,0.088909721718084,ACQ2
485,USA,IRN,Nego,5.17,1.87,1,1,0.15271352578444802,0.14427417538003762,0.14808940557581057,0.03521023414448375,0.08276871869149098,0.08376584852959611,0.20621357199321086,0.1469645199009221,WAR1,0.12675440203648317,0.09539706485713863,0.2506847759471568,0.09719404704624919,0.05007292747109275,0.08405692385159422,0.20693013707220123,0.088909721718084,ACQ2
485,USA,IRN,Nego,5.17,1.88,1,1,0.1529248372857654,0.14521796765018977,0.14467270379620564,0.03540473853607834,0.08364773282849923,0.08365818672820033,0.20594853170504138,0.1485253014700202,WAR1,0.12675440203648317,0.09539706485713863,0.2506847759471568,0.09719404704624919,0.05007292747109275,0.08405692385159422,0.20693013707220123,0.088909721718084,ACQ2
485,USA,IRN,Nego,5.17,1.89,1,1,0.15309408983844577,0.14613946414526538,0.14128781107480526,0.03561584619063342,0.08453232416965073,0.08355065846739737,0.20568382016519987,0.1500959859486021,WAR1,0.12675440203648317,0.09539706485713863,0.2506847759471568,0.09719404704624919,0.05007292747109275,0.08405692385159422,0.20693013707220123,0.088909721718084,ACQ2
485,USA,IRN,Nego,5.17,1.9,1,1,0.1532205056317133,0.14703749429809948,0.1379366060547217,0.03584441931355459,0.08542209448177832,0.08344335412460173,0.2054196598635172,0.15167586623201373,WAR1,0.12675440203648317,0.09539706485713863,0.2506847759471568,0.09719404704624919,0.05007292747109275,0.08405692385159422,0.20693013707220123,0.088909721718084,ACQ2
485,USA,IRN,Nego,5.17,1.91,1,1,0.153303382095657,0.14791088841132086,0.13462091624162728,0.036091347719631864,0.08631662943283139,0.0833363617956109,0.2051562676729723,0.15326420663034857,WAR1,0.12675440203648317,0.09539706485713863,0.2506847759471568,0.09719404704624919,0.05007292747109275,0.08405692385159422,0.20693013707220123,0.088909721718084,ACQ2
485,USA,IRN,Nego,5.17,1.92,1,1,0.1533420957414046,0.14875847915335527,0.1313425152581813,0.03635754850712522,0.08721549852425234,0.08322976669462867,0.2048938533726771,0.15486024274837581,WAR1,0.12675440203648317,0.09539706485713863,0.2506847759471568,0.09719404704624919,0.05007292747109275,0.08405692385159422,0.20693013707220123,0.088909721718084,ACQ2
485,USA,IRN,Nego,5.17,1.93,1,1,0.15333610574522488,0.14957910302863692,0.12810312031912274,0.03664396563027162,0.08811825505796965,0.08312365057355293,0.2046326182182889,0.15646318142693266,WAR1,0.12675440203648317,0.09539706485713863,0.2506847759471568,0.09719404704624919,0.05007292747109275,0.08405692385159422,0.20693013707220123,0.088909721718084,ACQ2
485,USA,IRN,Nego,5.17,1.94,1,1,0.1532849572553888,0.15037160182927958,0.12490438992894978,0.03695156935585016,0.0890244361435037,0.08301809116373822,0.20437275356774826,0.15807220075554165,WAR1,0.12675440203648317,0.09539706485713863,0.2506847759471568,0.09719404704624919,0.05007292747109275,0.08405692385159422,0.20693013707220123,0.088909721718084,ACQ2
485,USA,IRN,Nego,5.17,1.95,1,1,0.15318828440371332,0.15113482407913542,0.12174792179995116,0.0372813555876254,0.08993356275141563,0.08291316164262044,0.20411443956822395,0.15968645016731461,WAR1,0.12675440203648317,0.09539706485713863,0.2506847759471568,0.09719404704624919,0.05007292747109275,0.08405692385159422,0.20693013707220123,0.088909721718084,ACQ2
485,USA,IRN,Nego,5.17,1.96,1,1,0.15304581300699768,0.15186762648494764,0.11863525098421018,0.037634345040771684,0.09084513982005794,0.08280893012666252,0.20385784390785328,0.16130505062849915,WAR1,0.12675440203648317,0.09539706485713863,0.2506847759471568,0.09719404704624919,0.05007292747109275,0.08405692385159422,0.20693013707220123,0.088909721718084,ACQ2
485,USA,IRN,Nego,5.17,1.97,1,1,0.15285736294691013,0.15256887541302636,0.11556784820919451,0.038011582246850535,0.09175865642327802,0.08270545919107866,0.20360312063340702,0.16292709493625476,WAR1,0.12675440203648317,0.09539706485713863,0.2506847759471568,0.09719404704624919,0.05007292747109275,0.08405692385159422,0.20693013707220123,0.088909721718084,ACQ2
485,USA,IRN,Nego,5.17,1.98,1,1,0.15262285022019098,0.15323744841341577,0.11254711840280596,0.038414134368672526,0.09267358600736217,0.08260280541575046,0.2033504090324313,0.16455164813937087,WAR1,0.12675440203648317,0.09539706485713863,0.2506847759471568,0.09719404704624919,0.05007292747109275,0.08405692385159422,0.20693013707220123,0.088909721718084,ACQ2
485,USA,IRN,Nego,5.17,1.99,1,1,0.15234228865417354,0.1538722358167018,0.10957439939044725,0.0388430898035302,0.09358938670604011,0.08250101895569197,0.20309983257582445,0.16617774809759056,WAR1,0.12675440203648317,0.09539706485713863,0.2506847759471568,0.09719404704624919,0.05007292747109275,0.08405692385159422,0.20693013707220123,0.088909721718084,ACQ2
485,USA,IRN,Nego,5.18,1.5,1,1,0.12554065330840614,0.1039761100108024,0.27550209962900696,0.034521540247478236,0.05692955004878484,0.08736695346487794,0.2150787207962397,0.10108437249440362,ACQ2,0.12675440203648317,0.09539706485713863,0.2506847759471568,0.09719404704624919,0.05007292747109275,0.08405692385159422,0.20693013707220123,0.088909721718084,ACQ2
485,USA,IRN,Nego,5.18,1.51,1,1,0.12647582498679208,0.10505792391652541,0.2723192054708805,0.034471783873511845,0.0574621115301782,0.08729112116812152,0.2148920379289246,0.10202999112506567,ACQ2,0.12675440203648317,0.09539706485713863,0.2506847759471568,0.09719404704624919,0.05007292747109275,0.08405692385159422,0.20693013707220123,0.088909721718084,ACQ2
485,USA,IRN,Nego,5.18,1.52,1,1,0.1274117019177329,0.10614904337183498,0.2690958168971955,0.03442438013407843,0.05800581715110008,0.08721447982465841,0.21470336336195833,0.10299539734144134,ACQ2,0.12675440203648317,0.09539706485713863,0.2506847759471568,0.09719404704624919,0.05007292747109275,0.08405692385159422,0.20693013707220123,0.088909721718084,ACQ2
485,USA,IRN,Nego,5.18,1.53,1,1,0.12834740513181161,0.10724904874471178,0.26583340506658476,0.03437938536950867,0.058560680873011604,0.08713695211918276,0.2145125067616229,0.10398061593356571,ACQ2,0.12675440203648317,0.09539706485713863,0.2506847759471568,0.09719404704624919,0.05007292747109275,0.08405692385159422,0.20693013707220123,0.088909721718084,ACQ2
485,USA,IRN,Nego,5.18,1.54,1,1,0.12928202110827117,0.10835749400031733,0.2625334907347449,0.03433686824577447,0.05912671095019559,0.08705846503253149,0.2143192883703834,0.10498566155778144,ACQ2,0.12675440203648317,0.09539706485713863,0.2506847759471568,0.09719404704624919,0.05007292747109275,0.08405692385159422,0.20693013707220123,0.088909721718084,ACQ2
485,USA,IRN,Nego,5.18,1.55,1,1,0.1302146017493217,0.10947390607710257,0.2591976441212118,0.03429691041847292,0.059703909573505756,0.08697895016164464,0.21412353979456172,0.10601053810417857,ACQ2,0.12675440203648317,0.09539706485713863,0.2506847759471568,0.09719404704624919,0.05007292747109275,0.08405692385159422,0.20693013707220123,0.088909721718084,ACQ2
485,USA,IRN,Nego,5.18,1.56,1,1,0.131144164488543,0.11059778430723857,0.25582748462108784,0.034259607210262645,0.060292272509276185,0.08689834403277057,0.21392510477538096,0.1070552380554403,ACQ2,0.12675440203648317,0.09539706485713863,0.2506847759471568,0.09719404704624919,0.05007292747109275,0.08405692385159422,0.20693013707220123,0.088909721718084,ACQ2
485,USA,IRN,Nego,5.18,1.57,1,1,0.13206969254423878,0.11172859988712795,0.2524246803528113,0.03422506829993378,0.06089178873406228,0.08681658840567529,0.21372383993786295,0.10811974183828746,ACQ2,0.12675440203648317,0.09539706485713863,0.2506847759471568,0.09719404704624919,0.05007292747109275,0.08405692385159422,0.20693013707220123,0.088909721718084,ACQ2
485,USA,IRN,Nego,5.18,1.58,1,1,0.1329901353286223,0.11286579540387685,0.24899094753343837,0.034193418421114015,0.06150244006593039,0.08673363056648327,0.21351961551174045,0.10920401716879444,ACQ2,0.12675440203648317,0.09539706485713863,0.2506847759471568,0.09719404704624919,0.05007292747109275,0.08405692385159422,0.20693013707220123,0.088909721718084,ACQ2
485,USA,IRN,Nego,5.18,1.59,1,1,0.13390440902361841,0.11400878442367432,0.2455280496733972,0.0341647980684406,0.06212420079305239,0.08664942360665569,0.21331231601824105,0.11030801839292032,ACQ2,0.12675440203648317,0.09539706485713863,0.2506847759471568,0.09719404704624919,0.05007292747109275,0.08405692385159422,0.20693013707220123,0.088909721718084,ACQ2
485,USA,IRN,Nego,5.18,1.6,1,1,0.13481139733386974,0.11515695114804314,0.24203779658329733,0.03413936420886543,0.06275703730039964,0.08656392668550872,0.2131018409163515,0.11143168582366456,ACQ2,0.12675440203648317,0.09539706485713863,0.2506847759471568,0.09719404704624919,0.05007292747109275,0.08405692385159422,0.20693013707220123,0.088909721718084,ACQ2
485,USA,IRN,Nego,5.18,1.61,1,1,0.13570995242719863,0.1163096501438728,0.23852204318611533,0.03411729099561012,0.0634009076953605,0.0864771052735849,0.21288810520194545,0.11257494507631219,ACQ2,0.12675440203648317,0.09539706485713863,0.2506847759471568,0.09719404704624919,0.05007292747109275,0.08405692385159422,0.20693013707220123,0.088909721718084,ACQ2
485,USA,IRN,Nego,5.18,1.62,1,1,0.13659889607230172,0.11746620615302285,0.2349826881289606,0.034098770482153276,0.06405576143313277,0.08638893137413221,0.21267103995301784,0.11373770640327863,ACQ2,0.12675440203648317,0.09539706485713863,0.2506847759471568,0.09719404704624919,0.05007292747109275,0.08405692385159422,0.20693013707220123,0.088909721718084,ACQ2
485,USA,IRN,Nego,5.18,1.63,1,1,0.137477020982828,0.11862591398708996,0.23142167218964552,0.03408401333351685,0.06472153894276066,0.08629938371990171,0.21245059281415832,0.11491986403009902,ACQ2,0.12675440203648317,0.09539706485713863,0.2506847759471568,0.09719404704624919,0.05007292747109275,0.08405692385159422,0.20693013707220123,0.088909721718084,ACQ2
485,USA,IRN,Nego,5.18,1.64,1,1,0.13834309237620582,0.11978803851264051,0.2278409764744424,0.034073249532023786,0.06539817125469648,0.08620844794247258,0.2122267284133934,0.11612129549412528,ACQ2,0.12675440203648317,0.09539706485713863,0.2506847759471568,0.09719404704624919,0.05007292747109275,0.08405692385159422,0.20693013707220123,0.088909721718084,ACQ2
485,USA,IRN,Nego,5.18,1.65,1,1,0.1391958497546179,0.12095181473184517,0.22424262040471035,0.03406672907463276,0.06608557963077347,0.08611611671133569,0.21199942870458022,0.11734186098750428,ACQ2,0.12675440203648317,0.09539706485713863,0.2506847759471568,0.09719404704624919,0.05007292747109275,0.08405692385159422,0.20693013707220123,0.088909721718084,ACQ2
485,USA,IRN,Nego,5.18,1.66,1,1,0.14003400891439333,0.12211644796297559,0.22062865949151983,0.03406472265891229,0.06678367519747093,0.08602238984003142,0.2117686932286951,0.1185814027060014,ACQ2,0.12675440203648317,0.09539706485713863,0.2506847759471568,0.09719404704624919,0.05007292747109275,0.08405692385159422,0.20693013707220123,0.088909721718084,ACQ2
485,USA,IRN,Nego,5.18,1.67,1,1,0.14085626418875802,0.12328111412466122,0.21700118289897752,0.034067522354706004,0.06749235858333807,0.08592727435673966,0.21153453928761098,0.11983974420520876,ACQ2,0.12675440203648317,0.09539706485713863,0.2506847759471568,0.09719404704624919,0.05007292747109275,0.08405692385159422,0.20693013707220123,0.088909721718084,ACQ2
485,USA,IRN,Nego,5.18,1.68,1,1,0.1416612909273866,0.1244449601271374,0.2133623107986562,0.034075442258560844,0.06821151956142572,0.08583078453686709,0.2112970020243207,0.12111668976564541,ACQ2,0.12675440203648317,0.09539706485713863,0.2506847759471568,0.09719404704624919,0.05007292747109275,0.08405692385159422,0.20693013707220123,0.088909721718084,ACQ2
485,USA,IRN,Nego,5.18,1.69,1,1,0.14244774821450515,0.12560710437295222,0.20971419151935708,0.034088819128039155,0.06894103669754267,0.08573294189536919,0.211056134404035,0.12241202376819954,WAR1,0.12675440203648317,0.09539706485713863,0.2506847759471568,0.09719404704624919,0.05007292747109275,0.08405692385159422,0.20693013707220123,0.088909721718084,ACQ2
485,USA,IRN,Nego,5.18,1.7,1,1,0.14321428182543208,0.12676663736873517,0.20605899849834433,0.034108012993118685,0.06968077700511711,0.08563377513678205,0.21081200709117176,0.12372551008129874,WAR1,0.12675440203648317,0.09539706485713863,0.2506847759471568,0.09719404704624919,0.05007292747109275,0.08405692385159422,0.20693013707220123,0.088909721718084,ACQ2
485,USA,IRN,Nego,5.18,1.71,1,1,0.14395952741940457,0.12792262244868563,0.2023989270421986,0.03413340774199475,0.07043059560740152,0.08553332006122942,0.21056470821796536,0.12505689146111998,WAR1,0.12675440203648317,0.09539706485713863,0.2506847759471568,0.09719404704624919,0.05007292747109275,0.08405692385159422,0.20693013707220123,0.088909721718084,ACQ2
485,USA,IRN,Nego,5.18,1.72,1,1,0.14468211396435027,0.1290740966094018,0.19873619090748945,0.03416541167873569,0.07119033540771035,0.08543161942500387,0.21031434304124716,0.1264058889660613,WAR1,0.12675440203648317,0.09539706485713863,0.2506847759471568,0.09719404704624919,0.05007292747109275,0.08405692385159422,0.20693013707220123,0.088909721718084,ACQ2
485,USA,IRN,Nego,5.18,1.73,1,1,0.14538066738693045,0.13022007145457118,0.1950730187135562,0.03420445805040147,0.07195982676832777,0.08532872275470615,0.21006103348489732,0.1277722013866095,WAR1,0.12675440203648317,0.09539706485713863,0.2506847759471568,0.09719404704624919,0.05007292747109275,0.08405692385159422,0.20693013707220123,0.088909721718084,ACQ2
485,USA,IRN,Nego,5.18,1.74,1,1,0.14605381443874044,0.13135953424688915,0.19141165020177747,0.034251005541406455,0.07273888719867128,0.08522468611435514,0.2098049175665183,0.12915550469164197,WAR1,0.12675440203648317,0.09539706485713863,0.2506847759471568,0.09719404704624919,0.05007292747109275,0.08405692385159422,0.20693013707220123,0.088909721718084,ACQ2
485,USA,IRN,Nego,5.18,1.75,1,1,0.14670018676702043,0.13249144906338023,0.18775433235775837,0.03430553873308857,0.07352732105324832,0.08511957182534859,0.2095461487080389,0.1305554514921167,WAR1,0.12675440203648317,0.09539706485713863,0.2506847759471568,0.09719404704624919,0.05007292747109275,0.08405692385159422,0.20693013707220123,0.088909721718084,ACQ2
485,USA,IRN,Nego,5.18,1.76,1,1,0.14731842517565136,0.13361475804910158,0.1841033154148406,0.03436856852661911,0.07432491923989674,0.08501344813966366,0.20928489493120353,0.13197167052302314,WAR1,0.12675440203648317,0.09539706485713863,0.2506847759471568,0.09719404704624919,0.05007292747109275,0.08405692385159422,0.20693013707220123,0.088909721718084,ACQ2
485,USA,IRN,Nego,5.18,1.77,1,1,0.14790718405961045,0.13472838276302504,0.18046084875920407,0.0344406325275471,0.07513145893876919,0.08490638886721834,0.2090213379402165,0.1334037661444093,WAR1,0.12675440203648317,0.09539706485713863,0.2506847759471568,0.09719404704624919,0.05007292747109275,0.08405692385159422,0.20693013707220123,0.088909721718084,ACQ2
485,USA,IRN,Nego,5.18,1.78,1,1,0.14846513599350084,0.13583122560876076,0.17682917675852067,0.03452229539039769,0.07594670333250018,0.0847984729588734,0.20875567209518128,0.1348513178622651,WAR1,0.12675440203648317,0.09539706485713863,0.2506847759471568,0.09719404704624919,0.05007292747109275,0.08405692385159422,0.20693013707220123,0.088909721718084,ACQ2
485,USA,IRN,Nego,5.18,1.79,1,1,0.1489909764522771,0.1369221713417448,0.1732105345376134,0.0346141491218245,0.07677040134799823,0.08468978404712048,0.20848810328137396,0.1363138798700476,WAR1,0.12675440203648317,0.09539706485713863,0.2506847759471568,0.09719404704624919,0.05007292747109275,0.08405692385159422,0.20693013707220123,0.088909721718084,ACQ2
485,USA,IRN,Nego,5.18,1.8,1,1,0.14948342863993008,0.13800008864358215,0.169607143725803,0.034716813340829655,0.07760228741032944,0.08458040994706968,0.20821884768078083,0.13779098061167527,WAR1,0.12675440203648317,0.09539706485713863,0.2506847759471568,0.09719404704624919,0.05007292747109275,0.08405692385159422,0.20693013707220123,0.088909721718084,ACQ2
485,USA,IRN,Nego,5.18,1.81,1,1,0.14994124839971493,0.13906383175348294,0.16602120820155875,0.03483093549449719,0.0784420812092204,0.0844704421209015,0.2079481304536946,0.13928212236692963,WAR1,0.12675440203648317,0.09539706485713863,0.2506847759471568,0.09719404704624919,0.05007292747109275,0.08405692385159422,0.20693013707220123,0.088909721718084,ACQ2
485,USA,IRN,Nego,5.18,1.82,1,1,0.15036322917756165,0.14011224214617413,0.16245490986064703,0.034957191027514885,0.07928948747880205,0.08435997510947618,0.20767618433945711,0.1407867808603672,WAR1,0.12675440203648317,0.09539706485713863,0.2506847759471568,0.09719404704624919,0.05007292747109275,0.08405692385159422,0.20693013707220123,0.088909721718084,ACQ2
485,USA,IRN,Nego,5.18,1.83,1,1,0.1507482070086484,0.14114415024536212,0.15891040443417342,0.03509628350346627,0.08014419579135582,0.0842491059352734,0.2074032481866261,0.14230440489509447,WAR1,0.12675440203648317,0.09539706485713863,0.2506847759471568,0.09719404704624919,0.05007292747109275,0.08405692385159422,0.20693013707220123,0.088909721718084,ACQ2
485,USA,IRN,Nego,5.18,1.84,1,1,0.15109506549580612,0.14215837716181126,0.1553898173826772,0.035248944675444545,0.0810058803660158,0.0841379334812618,0.2071295654238844,0.14383441601309863,WAR1,0.12675440203648317,0.09539706485713863,0.2506847759471568,0.09719404704624919,0.05007292747109275,0.08405692385159422,0.20693013707220123,0.088909721718084,ACQ2
485,USA,IRN,Nego,5.18,1.85,1,1,0.15140274074748736,0.14315373644541562,0.1518952398917576,0.03541593450295379,0.08187419989362069,0.08402655785064354,0.20685538248386823,0.14537620818425329,WAR1,0.12675440203648317,0.09539706485713863,0.2506847759471568,0.09719404704624919,0.05007292747109275,0.08405692385159422,0.20693013707220123,0.088909721718084,ACQ2
485,USA,IRN,Nego,5.18,1.86,1,1,0.1516702262425269,0.14412903584131292,0.14842872499355264,0.03559804111131095,0.08274879737921492,0.08391507971268217,0.2065809471927359,0.14692914752666367,WAR1,0.12675440203648317,0.09539706485713863,0.2506847759471568,0.09719404704624919,0.05007292747109275,0.08405692385159422,0.20693013707220123,0.088909721718084,ACQ2
485,USA,IRN,Nego,5.18,1.87,1,1,0.15189657758888359,0.14508307904116138,0.14499228383675594,0.03579608068883635,0.08362930000406393,0.08380359963997218,0.206306507138667,0.14849257206165944,WAR1,0.12675440203648317,0.09539706485713863,0.2506847759471568,0.09719404704624919,0.05007292747109275,0.08405692385159422,0.20693013707220123,0.088909721718084,ACQ2
485,USA,IRN,Nego,5.18,1.88,1,1,0.1520809171439779,0.1460146674221687,0.1415878821257292,0.03601089731601771,0.08451531900947674,0.08369221744254507,0.20603230803257458,0.15006579150750993,WAR1,0.12675440203648317,0.09539706485713863,0.2506847759471568,0.09719404704624919,0.05007292747109275,0.08405692385159422,0.20693013707220123,0.088909721718084,ACQ2
485,USA,IRN,Nego,5.18,1.89,1,1,0.1522224384651683,0.14692260176834265,0.1382174367466977,0.0362433627195642,0.085406449605221,0.08358103150411542,0.2057585920740847,0.15164808711680564,WAR1,0.12675440203648317,0.09539706485713863,0.2506847759471568,0.09719404704624919,0.05007292747109275,0.08405692385159422,0.20693013707220123,0.088909721718084,ACQ2
485,USA,IRN,Nego,5.18,1.9,1,1,0.15232041056032014,0.14780568397072943,0.13488281259599666,0.03649437594284036,0.0863022709058691,0.08347013812553894,0.20548559633527144,0.15323871156343377,WAR1,0.12675440203648317,0.09539706485713863,0.2506847759471568,0.09719404704624919,0.05007292747109275,0.08405692385159422,0.20693013707220123,0.088909721718084,ACQ2
485,USA,IRN,Nego,5.18,1.91,1,1,0.1523741819102807,0.14866271870606954,0.13158581962195195,0.03676486292261878,0.08720234589901812,0.0833596308801864,0.20521355117372533,0.15483688888614935,WAR1,0.12675440203648317,0.09539706485713863,0.2506847759471568,0.09719404704624919,0.05007292747109275,0.08405692385159422,0.20693013707220123,0.088909721718084,ACQ2
485,USA,IRN,Nego,5.18,1.92,1,1,0.15238318423737585,0.14949251509631128,0.12832821008827539,0.03705577596044495,0.0881062214499765,0.08324959998543037,0.20494267868528834,0.15644181449689748,WAR1,0.12675440203648317,0.09539706485713863,0.2506847759471568,0.09719404704624919,0.05007292747109275,0.08405692385159422,0.20693013707220123,0.088909721718084,ACQ2
485,USA,IRN,Nego,5.18,1.93,1,1,0.15234693599669827,0.15029388835470883,0.12511167606292,0.03736809307522282,0.08901342834819258,0.08314013169379955,0.20467319120520616,0.15805265526325138,WAR1,0.12675440203648317,0.09539706485713863,0.2506847759471568,0.09719404704624919,0.05007292747109275,0.08405692385159422,0.20693013707220123,0.088909721718084,ACQ2
485,USA,IRN,Nego,5.18,1.94,1,1,0.15226504556991285,0.1510656614277068,0.12193784713228292,0.03770281722196216,0.08992348140139254,0.08303130770659667,0.20440528986458148,0.15966854967556454,WAR1,0.12675440203648317,0.09539706485713863,0.2506847759471568,0.09719404704624919,0.05007292747109275,0.08405692385159422,0.20693013707220123,0.088909721718084,ACQ2
485,USA,IRN,Nego,5.18,1.95,1,1,0.15213721414446477,0.1518066666453874,0.1188082883365597,0.03806097536005644,0.09083587958408461,0.08292320461191094,0.20413916320688055,0.16128860811065546,WAR1,0.12675440203648317,0.09539706485713863,0.2506847759471568,0.09719404704624919,0.05007292747109275,0.08405692385159422,0.20693013707220123,0.088909721718084,ACQ2
485,USA,IRN,Nego,5.18,1.96,1,1,0.151963238264342,0.15251574739678722,0.11572449831809639,0.03844361735306887,0.09175010624774053,0.08281589334801841,0.20387498586694022,0.1629119132050065,WAR1,0.12675440203648317,0.09539706485713863,0.2506847759471568,0.09719404704624919,0.05007292747109275,0.08405692385159422,0.20693013707220123,0.088909721718084,ACQ2
485,USA,IRN,Nego,5.18,1.97,1,1,0.15174301204179416,0.1531917598497512,0.11268790767085705,0.03885181468088621,0.09266562940055727,0.08270943869216991,0.2036129173124736,0.16453752035151087,WAR1,0.12675440203648317,0.09539706485713863,0.2506847759471568,0.09719404704624919,0.05007292747109275,0.08405692385159422,0.20693013707220123,0.088909721718084,ACQ2
485,USA,IRN,Nego,5.18,1.98,1,1,0.15147652902253667,0.15383357473801398,0.1096998774757931,0.03928665894436413,0.09358190206520361,0.08260389877377307,0.20335310064562764,0.16616445833468796,WAR1,0.12675440203648317,0.09539706485713863,0.2506847759471568,0.09719404704624919,0.05007292747109275,0.08405692385159422,0.20693013707220123,0.088909721718084,ACQ2
485,USA,IRN,Nego,5.18,1.99,1,1,0.15116388369984488,0.1544400792407127,0.10676169800409613,0.03974926014233801,0.09449836272332193,0.08249932460999794,0.20309566145974453,0.16779173011994378,WAR1,0.12675440203648317,0.09539706485713863,0.2506847759471568,0.09719404704624919,0.05007292747109275,0.08405692385159422,0.20693013707220123,0.088909721718084,ACQ2
485,USA,IRN,Nego,5.19,1.5,1,1,0.12511609158358203,0.10462393626799665,0.27322849221683676,0.03478369842900118,0.05738930573045254,0.08751487847764902,0.2154428804843003,0.10190071681018148,ACQ2,0.12675440203648317,0.09539706485713863,0.2506847759471568,0.09719404704624919,0.05007292747109275,0.08405692385159422,0.20693013707220123,0.088909721718084,ACQ2
485,USA,IRN,Nego,5.19,1.51,1,1,0.12605380570307617,0.10571840651977,0.2699968319461489,0.034738188178087846,0.05793382036375631,0.08743793229872743,0.21525345547774716,0.10286755951268597,ACQ2,0.12675440203648317,0.09539706485713863,0.2506847759471568,0.09719404704624919,0.05007292747109275,0.08405692385159422,0.20693013707220123,0.088909721718084,ACQ2
485,USA,IRN,Nego,5.19,1.52,1,1,0.12699177774994477,0.10682207700387322,0.2667255753929986,0.03469508834702015,0.05848954331474968,0.08736000912244747,0.21506162531302223,0.10385430375594396,ACQ2,0.12675440203648317,0.09539706485713863,0.2506847759471568,0.09719404704624919,0.05007292747109275,0.08405692385159422,0.20693013707220123,0.088909721718084,ACQ2
485,USA,IRN,Nego,5.19,1.53,1,1,0.12792910224120452,0.10793450467663453,0.2634162421951129,0.0346544670781288,0.059056483062425454,0.08728103303777524,0.21486720311342447,0.10486096459529418,ACQ2,0.12675440203648317,0.09539706485713863,0.2506847759471568,0.09719404704624919,0.05007292747109275,0.08405692385159422,0.20693013707220123,0.088909721718084,ACQ2
485,USA,IRN,Nego,5.19,1.54,1,1,0.12886483848489433,0.10905521889120684,0.260070402563565,0.03461640565946618,0.05963464190798304,0.08720093282495461,0.2146700135511732,0.105887546116757,ACQ2,0.12675440203648317,0.09539706485713863,0.2506847759471568,0.09719404704624919,0.05007292747109275,0.08405692385159422,0.20693013707220123,0.088909721718084,ACQ2
485,USA,IRN,Nego,5.19,1.55,1,1,0.12979801062732246,0.11018372076938322,0.2566896770589967,0.03458099921990055,0.06022401560396807,0.08711964228452243,0.21446989365737362,0.10693404077853284,ACQ2,0.12675440203648317,0.09539706485713863,0.2506847759471568,0.09719404704624919,0.05007292747109275,0.08405692385159422,0.20693013707220123,0.088909721718084,ACQ2
485,USA,IRN,Nego,5.19,1.56,1,1,0.130727607844344,0.11131948262270017,0.2532757362027842,0.034548357436530744,0.06082459297904483,0.08703710055810382,0.21426669361174577,0.10800042874474632,ACQ2,0.12675440203648317,0.09539706485713863,0.2506847759471568,0.09719404704624919,0.05007292747109275,0.08405692385159422,0.20693013707220123,0.088909721718084,ACQ2
485,USA,IRN,Nego,5.19,1.57,1,1,0.1316525846878931,0.1124619474289558,0.24983029991411781,0.03451860525234207,0.061436355559162506,0.08695325243857126,0.21406027750617004,0.10908667721278725,ACQ2,0.12675440203648317,0.09539706485713863,0.2506847759471568,0.09719404704624919,0.05007292747109275,0.08405692385159422,0.20693013707220123,0.088909721718084,ACQ2
485,USA,IRN,Nego,5.19,1.58,1,1,0.13257186159893877,0.11361052837038003,0.246355136764437,0.03449188360183497,0.06205927718592387,0.08686804866702108,0.21385052407577965,0.11019273973568455,ACQ2,0.12675440203648317,0.09539706485713863,0.2506847759471568,0.09719404704624919,0.05007292747109275,0.08405692385159422,0.20693013707220123,0.088909721718084,ACQ2
485,USA,IRN,Nego,5.19,1.59,1,1,0.13348432559788048,0.1147646084397351,0.24285206304122942,0.03446835014217471,0.06269332363300775,0.08678144621390445,0.21363732739104419,0.11131855554102388,ACQ2,0.12675440203648317,0.09539706485713863,0.2506847759471568,0.09719404704624919,0.05007292747109275,0.08405692385159422,0.20693013707220123,0.088909721718084,ACQ2
485,USA,IRN,Nego,5.19,1.6,1,1,0.13438883116310432,0.11592354012061475,0.2393229416139242,0.034448179987242346,0.06333845222153442,0.08669340854154875,0.2134205975040423,0.11246404884798901,ACQ2,0.12675440203648317,0.09539706485713863,0.2506847759471568,0.09719404704624919,0.05007292747109275,0.08405692385159422,0.20693013707220123,0.088909721718084,ACQ2
485,USA,IRN,Nego,5.19,1.61,1,1,0.1352842013079912,0.1170866451481213,0.23576968059545472,0.034431566441809267,0.0639946114352973,0.08660390584523053,0.21320026104193043,0.11362912818416512,ACQ2,0.12675440203648317,0.09539706485713863,0.2506847759471568,0.09719404704624919,0.05007292747109275,0.08405692385159422,0.20693013707220123,0.088909721718084,ACQ2
485,USA,IRN,Nego,5.19,1.62,1,1,0.13616922886608518,0.11825321435593802,0.2321942317940614,0.034418721732921424,0.06466174053680802,0.08651291526990755,0.2129762617404916,0.1148136857037868,ACQ2,0.12675440203648317,0.09539706485713863,0.2506847759471568,0.09719404704624919,0.05007292747109275,0.08405692385159422,0.20693013707220123,0.088909721718084,ACQ2
485,USA,IRN,Nego,5.19,1.63,1,1,0.1370426779933781,0.11942250761556422,0.22859858895104,0.034409877735462134,0.06533976918512253,0.0864204210996966,0.2127485609105882,0.11601759650914832,ACQ2,0.12675440203648317,0.09539706485713863,0.2506847759471568,0.09719404704624919,0.05007292747109275,0.08405692385159422,0.20693013707220123,0.088909721718084,ACQ2
485,USA,IRN,Nego,5.19,1.64,1,1,0.13790328589574832,0.12059375387314433,0.224984785761426,0.03440528668877107,0.06602861705642687,0.08632641491719387,0.21251713783037576,0.1172407179769139,ACQ2,0.12675440203648317,0.09539706485713863,0.2506847759471568,0.09719404704624919,0.05007292747109275,0.08405692385159422,0.20693013707220123,0.088909721718084,ACQ2
485,USA,IRN,Nego,5.19,1.65,1,1,0.13874976478848597,0.12176615128888421,0.22135489367604064,0.03440522190113031,0.06672819346836215,0.0862308957297833,0.21228199005624596,0.11848288909106748,ACQ2,0.12675440203648317,0.09539706485713863,0.2506847759471568,0.09719404704624919,0.05007292747109275,0.08405692385159422,0.20693013707220123,0.088909721718084,ACQ2
485,USA,IRN,Nego,5.19,1.66,1,1,0.13958080409354687,0.12293886748351486,0.2177110194848843,0.034409978438896274,0.06743839700906465,0.08613387006016619,0.2120431336456921,0.11974392978423468,ACQ2,0.12675440203648317,0.09539706485713863,0.2506847759471568,0.09719404704624919,0.05007292747109275,0.08405692385159422,0.20693013707220123,0.088909721718084,ACQ2
485,USA,IRN,Nego,5.19,1.67,1,1,0.1403950728786994,0.12411103989562632,0.21405530268358247,0.03441987379704876,0.06815911517187996,0.08603535199847717,0.21180060328560668,0.12102364028907933,ACQ2,0.12675440203648317,0.09539706485713863,0.2506847759471568,0.09719404704624919,0.05007292747109275,0.08405692385159422,0.20693013707220123,0.088909721718084,ACQ2
485,USA,IRN,Nego,5.19,1.68,1,1,0.14119122254105484,0.12528177625295708,0.21038991262640758,0.034435248547959096,0.06889022399668722,0.08593536321353014,0.2115544523199671,0.12232180050143701,WAR1,0.12675440203648317,0.09539706485713863,0.2506847759471568,0.09719404704624919,0.05007292747109275,0.08405692385159422,0.20693013707220123,0.088909721718084,ACQ2
485,USA,IRN,Nego,5.19,1.69,1,1,0.14196788973562288,0.12645015515988176,0.20671704547134606,0.03445646696523987,0.06963158771873834,0.08583393292096321,0.21130475267141452,0.1236381693567931,WAR1,0.12675440203648317,0.09539706485713863,0.2506847759471568,0.09719404704624919,0.05007292747109275,0.08405692385159422,0.20693013707220123,0.088909721718084,ACQ2
485,USA,IRN,Nego,5.19,1.7,1,1,0.14272369954749306,0.1276152268024111,0.2030389209247056,0.03448391761962879,0.07038305842587769,0.08573109780632769,0.2110515946519166,0.12497248422163938,WAR1,0.12675440203648317,0.09539706485713863,0.2506847759471568,0.09719404704624919,0.05007292747109275,0.08405692385159422,0.20693013707220123,0.088909721718084,ACQ2
485,USA,IRN,Nego,5.19,1.71,1,1,0.1434572689040516,0.12877601377098993,0.19935777879485608,0.03451801394398168,0.07114447572496146,0.08562690190149211,0.2107950866584995,0.12632446030116776,WAR1,0.12675440203648317,0.09539706485713863,0.2506847759471568,0.09719404704624919,0.05007292747109275,0.08405692385159422,0.20693013707220123,0.088909721718084,ACQ2
485,USA,IRN,Nego,5.19,1.72,1,1,0.14416721022129203,0.1299315120002879,0.19567587536684078,0.034559194764592016,0.07191566641825045,0.08552139641310509,0.21053535475096086,0.12769379006467088,WAR1,0.12675440203648317,0.09539706485713863,0.2506847759471568,0.09719404704624919,0.05007292747109275,0.08405692385159422,0.20693013707220123,0.088909721718084,ACQ2
485,USA,IRN,Nego,5.19,1.73,1,1,0.14485213527580612,0.13108069182401438,0.19199547961173843,0.03460792479621983,0.07269644419049424,0.08541463950228512,0.21027254210951357,0.12908014268992807,WAR1,0.12675440203648317,0.09539706485713863,0.2506847759471568,0.09719404704624919,0.05007292747109275,0.08405692385159422,0.20693013707220123,0.088909721718084,ACQ2
485,USA,IRN,Nego,5.19,1.74,1,1,0.14551065929147167,0.1322224991415906,0.18831886924678806,0.03466469509838374,0.07348660930737937,0.08530669601516813,0.21000680837145042,0.130483163527768,WAR1,0.12675440203648317,0.09539706485713863,0.2506847759471568,0.09719404704624919,0.05007292747109275,0.08405692385159422,0.20693013707220123,0.088909721718084,ACQ2
485,USA,IRN,Nego,5.19,1.75,1,1,0.1461414052272156,0.1333558566922915,0.1846483266643475,0.03473002349064748,0.07428594832596443,0.0851976371644488,0.20973832884716836,0.13190247358791646,WAR1,0.12675440203648317,0.09539706485713863,0.2506847759471568,0.09719404704624919,0.05007292747109275,0.08405692385159422,0.20693013707220123,0.088909721718084,ACQ2
485,USA,IRN,Nego,5.19,1.76,1,1,0.14674300824956862,0.13447966543125883,0.18098613474971495,0.03480445492479439,0.07509423381769209,0.08508754016258953,0.20946729361720687,0.13333766904717456,WAR1,0.12675440203648317,0.09539706485713863,0.2506847759471568,0.09719404704624919,0.05007292747109275,0.08405692385159422,0.20693013707220123,0.088909721718084,ACQ2
485,USA,IRN,Nego,5.19,1.77,1,1,0.14731412037107605,0.13559280600061183,0.17733457260964616,0.03488856181192492,0.07591122410454008,0.0849764878079315,0.20919390651334205,0.1347883207809276,WAR1,0.12675440203648317,0.09539706485713863,0.2506847759471568,0.09719404704624919,0.05007292747109275,0.08405692385159422,0.20693013707220123,0.088909721718084,ACQ2
485,USA,IRN,Nego,5.19,1.78,1,1,0.1478534152330445,0.13669414028778243,0.17369591123501116,0.03498294430261219,0.07673666300886926,0.08486456802551694,0.20891838398818946,0.13625397391897417,WAR1,0.12675440203648317,0.09539706485713863,0.2506847759471568,0.09719404704624919,0.05007292747109275,0.08405692385159422,0.20693013707220123,0.088909721718084,ACQ2
485,USA,IRN,Nego,5.19,1.79,1,1,0.14835959300863275,0.13778251306221526,0.17007240912239452,0.03508823051829467,0.07757027961754445,0.08475187336501483,0.20864095387920548,0.13773414742669793,WAR1,0.12675440203648317,0.09539706485713863,0.2506847759471568,0.09719404704624919,0.05007292747109275,0.08405692385159422,0.20693013707220123,0.088909721718084,ACQ2
485,USA,IRN,Nego,5.19,1.8,1,1,0.1488313853999807,0.13885675368072983,0.16646630788051267,0.03520507673205722,0.07841178806094957,0.08463850045871073,0.20836185407437324,0.1392283337126858,WAR1,0.12675440203648317,0.09539706485713863,0.2506847759471568,0.09719404704624919,0.05007292747109275,0.08405692385159422,0.20693013707220123,0.088909721718084,ACQ2
485,USA,IRN,Nego,5.19,1.81,1,1,0.14926756070099131,0.1399156778512014,0.16287982784805513,0.035334167496827565,0.07926088730760089,0.0845245494430688,0.20808133108821283,0.14073599826404204,WAR1,0.12675440203648317,0.09539706485713863,0.2506847759471568,0.09719404704624919,0.05007292747109275,0.08405692385159422,0.20693013707220123,0.088909721718084,ACQ2
485,USA,IRN,Nego,5.19,1.82,1,1,0.14966692889556127,0.1409580894438054,0.15931516374990265,0.035476215718783996,0.08011726097518657,0.08441012334788424,0.2077996385580059,0.14225657931087005,WAR1,0.12675440203648317,0.09539706485713863,0.2506847759471568,0.09719404704624919,0.05007292747109275,0.08405692385159422,0.20693013707220123,0.088909721718084,ACQ2
485,USA,IRN,Nego,5.19,1.83,1,1,0.15002834675957483,0.1419827823389352,0.15577448041860725,0.03563196267340896,0.08098057715903104,0.08429532745750112,0.20751703567124966,0.14378948752169196,WAR1,0.12675440203648317,0.09539706485713863,0.2506847759471568,0.09719404704624919,0.05007292747109275,0.08405692385159422,0.20693013707220123,0.088909721718084,ACQ2
485,USA,IRN,Nego,5.19,1.84,1,1,0.15035072293386093,0.14298854230108798,0.15225990860749958,0.035802177961119105,0.08185048827920448,0.08418026864895199,0.20723378553629976,0.14533410573197617,WAR1,0.12675440203648317,0.09539706485713863,0.2506847759471568,0.09719404704624919,0.05007292747109275,0.08405692385159422,0.20693013707220123,0.088909721718084,ACQ2
485,USA,IRN,Nego,5.19,1.85,1,1,0.15063302293462094,0.1439741488685371,0.14877354092079917,0.035987659398743446,0.08272663094777881,0.08406505471218087,0.20695015350890397,0.14688978870843594,WAR1,0.12675440203648317,0.09539706485713863,0.2506847759471568,0.09719404704624919,0.05007292747109275,0.08405692385159422,0.20693013707220123,0.088909721718084,ACQ2
485,USA,IRN,Nego,5.19,1.86,1,1,0.15087427406759776,0.14493837724952127,0.14531742788462423,0.03618923284229955,0.0836086258580692,0.08394979365770558,0.2066664054878157,0.14845586295236654,WAR1,0.12675440203648317,0.09539706485713863,0.2506847759471568,0.09719404704624919,0.05007292747109275,0.08405692385159422,0.20693013707220123,0.088909721718084,ACQ2
485,USA,IRN,Nego,5.19,1.87,1,1,0.1510735702124824,0.14588000021697786,0.14189357418085033,0.03640775193553043,0.08449607769810157,0.08383459301716605,0.20638280619289348,0.15003162654599764,WAR1,0.12675440203648317,0.09539706485713863,0.2506847759471568,0.09719404704624919,0.05007292747109275,0.08405692385159422,0.20693013707220123,0.088909721718084,ACQ2
485,USA,IRN,Nego,5.19,1.88,1,1,0.15123007644478512,0.1467977899955473,0.13850393506333397,0.03664409777752015,0.08538857509100614,0.08371955914216195,0.20609961743898936,0.15161634904665572,WAR1,0.12675440203648317,0.09539706485713863,0.2506847759471568,0.09719404704624919,0.05007292747109275,0.08405692385159422,0.20693013707220123,0.088909721718084,ACQ2
485,USA,IRN,Nego,5.19,1.89,1,1,0.15134303346360528,0.1476905201366798,0.13515041297316274,0.03689917850141336,0.08628569056555721,0.08360479650661423,0.2058170964185131,0.15320927143445445,WAR1,0.12675440203648317,0.09539706485713863,0.2506847759471568,0.09719404704624919,0.05007292747109275,0.08405692385159422,0.20693013707220123,0.088909721718084,ACQ2
485,USA,IRN,Nego,5.19,1.9,1,1,0.15141176179540672,0.14855696738013666,0.1318348543663437,0.037173928754854924,0.0871869805606466,0.08349040701757682,0.20553549400479723,0.15480960612023748,WAR1,0.12675440203648317,0.09539706485713863,0.2506847759471568,0.09719404704624919,0.05007292747109275,0.08405692385159422,0.20693013707220123,0.088909721718084,ACQ2
485,USA,IRN,Nego,5.19,1.91,1,1,0.15143566574602588,0.1493959135029907,0.12855904676375893,0.03746930907126373,0.08809198546809448,0.08337648933897795,0.2052550530872943,0.15641653702159422,WAR1,0.12675440203648317,0.09539706485713863,0.2506847759471568,0.09719404704624919,0.05007292747109275,0.08405692385159422,0.20693013707220123,0.088909721718084,ACQ2
485,USA,IRN,Nego,5.19,1.92,1,1,0.1514142370756253,0.1502061471603026,0.1253247160294034,0.037786305119520094,0.08900022971883902,0.08326313823219625,0.20497600694821555,0.1580292197158977,WAR1,0.12675440203648317,0.09539706485713863,0.2506847759471568,0.09719404704624919,0.05007292747109275,0.08405692385159422,0.20693013707220123,0.088909721718084,ACQ2
485,USA,IRN,Nego,5.19,1.93,1,1,0.1513470583741255,0.15098646572492602,0.12213352387893915,0.03812592681812516,0.08991122191820392,0.0831504439166801,0.20469857768851313,0.1596467816804871,WAR1,0.12675440203648317,0.09539706485713863,0.2506847759471568,0.09719404704624919,0.05007292747109275,0.08405692385159422,0.20693013707220123,0.088909721718084,ACQ2
485,USA,IRN,Nego,5.19,1.94,1,1,0.15123380611768283,0.15173567713726435,0.11898706561659515,0.03848920729846264,0.09082445503658873,0.08303849145301785,0.20442297470913093,0.16126832263125745,WAR1,0.12675440203648317,0.09539706485713863,0.2506847759471568,0.09719404704624919,0.05007292747109275,0.08405692385159422,0.20693013707220123,0.088909721718084,ACQ2
485,USA,IRN,Nego,5.19,1.95,1,1,0.151074253389964,0.1524526017791461,0.11588686809451518,0.03887720170053535,0.09173940666254117,0.08292736014998908,0.2041493932512924,0.16289291497201683,WAR1,0.12675440203648317,0.09539706485713863,0.2506847759471568,0.09719404704624919,0.05007292747109275,0.08405692385159422,0.20693013707220123,0.088909721718084,ACQ2
485,USA,IRN,Nego,5.19,1.96,1,1,0.15086827225517138,0.15313607438916832,0.11283438788494547,0.03929098578355564,0.09265553932572453,0.0828171229961938,0.20387801299729227,0.1645196043679485,WAR1,0.12675440203648317,0.09539706485713863,0.2506847759471568,0.09719404704624919,0.05007292747109275,0.08405692385159422,0.20693013707220123,0.088909721718084,ACQ2
485,USA,IRN,Nego,5.19,1.97,1,1,0.15061583577289062,0.15378494603973197,0.10983100965230257,0.03973165433313455,0.09357230089775552,0.08270784611590959,0.20360899673093497,0.16614741045734,WAR1,0.12675440203648317,0.09539706485713863,0.2506847759471568,0.09719404704624919,0.05007292747109275,0.08405692385159422,0.20693013707220123,0.088909721718084,ACQ2
485,USA,IRN,Nego,5.19,1.98,1,1,0.15031701964775057,0.15439808619838064,0.10687804470929416,0.04020031934664624,0.09448912507922166,0.08259958824790019,0.20334248905447186,0.1677753277163344,WAR1,0.12675440203648317,0.09539706485713863,0.2506847759471568,0.09719404704624919,0.05007292747109275,0.08405692385159422,0.20693013707220123,0.088909721718084,ACQ2
485,USA,IRN,Nego,5.19,1.99,1,1,0.1499720035094857,0.15497438489780183,0.10397672973902806,0.04069810797873969,0.09540543198136271,0.08249240024503776,0.20307861515677875,0.16940232649176556,WAR1,0.12675440203648317,0.09539706485713863,0.2506847759471568,0.09719404704624919,0.05007292747109275,0.08405692385159422,0.20693013707220123,0.088909721718084,ACQ2
485,USA,IRN,Nego,5.2,1.5,1,1,0.12470989559822668,0.10528378831201288,0.2708958987751665,0.03505202042209977,0.05786024038458137,0.08766031988320527,0.2158009260635183,0.10273691056118933,ACQ2,0.12675440203648317,0.09539706485713863,0.2506847759471568,0.09719404704624919,0.05007292747109275,0.08405692385159422,0.20693013707220123,0.088909721718084,ACQ2
485,USA,IRN,Nego,5.2,1.51,1,1,0.12564990923955885,0.10639092193042134,0.26761607889585937,0.03501088304729263,0.0584167893185603,0.08758205108730671,0.21560824505734255,0.10372512142365842,ACQ2,0.12675440203648317,0.09539706485713863,0.2506847759471568,0.09719404704624919,0.05007292747109275,0.08405692385159422,0.20693013707220123,0.088909721718084,ACQ2
485,USA,IRN,Nego,5.2,1.52,1,1,0.12658971030936295,0.10750712862251365,0.26429760969023286,0.0349722256474115,0.058984605736932996,0.08750263686160022,0.21541274424839144,0.10473333888355474,ACQ2,0.12675440203648317,0.09539706485713863,0.2506847759471568,0.09719404704624919,0.05007292747109275,0.08405692385159422,0.20693013707220123,0.088909721718084,ACQ2
485,USA,IRN,Nego,5.2,1.53,1,1,0.12752836583862004,0.10863194043016927,0.26094206087898936,0.03493612905510946,0.05956369210694243,0.0874220031188006,0.2152142412496424,0.10576156732172615,ACQ2,0.12675440203648317,0.09539706485713863,0.2506847759471568,0.09719404704624919,0.05007292747109275,0.08405692385159422,0.20693013707220123,0.088909721718084,ACQ2
485,USA,IRN,Nego,5.2,1.54,1,1,0.12846490702372662,0.10976486055094499,0.25755105369246173,0.03490268811055787,0.0601540442244628,0.0873400808784792,0.21501256624605913,0.10680979927330757,ACQ2,0.12675440203648317,0.09539706485713863,0.2506847759471568,0.09719404704624919,0.05007292747109275,0.08405692385159422,0.20693013707220123,0.088909721718084,ACQ2
485,USA,IRN,Nego,5.2,1.55,1,1,0.1293983293553157,0.11090536270924567,0.25412626054659915,0.03487201238711365,0.06075565082863365,0.08725680660445426,0.21480756282517494,0.10787801474346302,ACQ2,0.12675440203648317,0.09539706485713863,0.2506847759471568,0.09719404704624919,0.05007292747109275,0.08405692385159422,0.20693013707220123,0.088909721718084,ACQ2
485,USA,IRN,Nego,5.2,1.56,1,1,0.1303275929016259,0.11205289058227944,0.25066940454342734,0.03484422692786255,0.06136849321271448,0.08717212253230658,0.21459908878336628,0.10896618051641745,ACQ2,0.12675440203648317,0.09539706485713863,0.2506847759471568,0.09719404704624919,0.05007292747109275,0.08405692385159422,0.20693013707220123,0.088909721718084,ACQ2
485,USA,IRN,Nego,5.2,1.57,1,1,0.13125162275797062,0.11320685728731514,0.2471822587868791,0.03481947299067282,0.06199254483201926,0.08708597698442166,0.21438701690141793,0.11007424945930361,ACQ2,0.12675440203648317,0.09539706485713863,0.2506847759471568,0.09719404704624919,0.05007292747109275,0.08405692385159422,0.20693013707220123,0.088909721718084,ACQ2
485,USA,IRN,Nego,5.2,1.58,1,1,0.13216930967374502,0.11436664493684037,0.24366664550544231,0.03479790879919329,0.0626277709098407,0.08699832466983065,0.21417123568266863,0.111202159822439,ACQ2,0.12675440203648317,0.09539706485713863,0.2506847759471568,0.09719404704624919,0.05007292747109275,0.08405692385159422,0.20693013707220123,0.088909721718084,ACQ2
485,USA,IRN,Nego,5.2,1.59,1,1,0.13307951086816144,0.1155316042682457,0.24012443497375008,0.03477971029703903,0.06327412804231897,0.08690912696601144,0.21395165004674388,0.11234983453772932,ACQ2,0.12675440203648317,0.09539706485713863,0.2506847759471568,0.09719404704624919,0.05007292747109275,0.08405692385159422,0.20693013707220123,0.088909721718084,ACQ2
485,USA,IRN,Nego,5.2,1.6,1,1,0.13398105104551575,0.11670105435460378,0.23655754422605427,0.03476507190223141,0.06393156380324923,0.08681835217971873,0.21372818197166407,0.11351718051696272,ACQ2,0.12675440203648317,0.09539706485713863,0.2506847759471568,0.09719404704624919,0.05007292747109275,0.08405692385159422,0.20693013707220123,0.088909721718084,ACQ2
485,USA,IRN,Nego,5.2,1.61,1,1,0.1348727236202477,0.11787428240299395,0.23296793555548662,0.034754207258798374,0.0646000163498566,0.08672597578384628,0.2135007710769485,0.11470408795182198,ACQ2,0.12675440203648317,0.09539706485713863,0.2506847759471568,0.09719404704624919,0.05007292747109275,0.08405692385159422,0.20693013707220123,0.088909721718084,ACQ2
485,USA,IRN,Nego,5.2,1.62,1,1,0.13575329216134865,0.11905054364660443,0.22935761479412659,0.03474734998230244,0.06527941403059292,0.08663198062728845,0.2132693751402501,0.11591042961748654,ACQ2,0.12675440203648317,0.09539706485713863,0.2506847759471568,0.09719404704624919,0.05007292747109275,0.08405692385159422,0.20693013707220123,0.088909721718084,ACQ2
485,USA,IRN,Nego,5.2,1.63,1,1,0.13662149206479193,0.12022906133654787,0.22572862937015617,0.034744754395946854,0.06596967499602756,0.08653635711476255,0.2130339705400383,0.11713606018172862,ACQ2,0.12675440203648317,0.09539706485713863,0.2506847759471568,0.09719404704624919,0.05007292747109275,0.08405692385159422,0.20693013707220123,0.088909721718084,ACQ2
485,USA,IRN,Nego,5.2,1.64,1,1,0.13747603246158643,0.12140902683892049,0.2220830661398067,0.03474669625382208,0.06667070681391592,0.08643910335358626,0.21279455261693508,0.1183808155214271,ACQ2,0.12675440203648317,0.09539706485713863,0.2506847759471568,0.09719404704624919,0.05007292747109275,0.08405692385159422,0.20693013707220123,0.088909721718084,ACQ2
485,USA,IRN,Nego,5.2,1.65,1,1,0.1383155983678025,0.12258959984213698,0.21842304899335535,0.03475347344779536,0.06738240608952777,0.08634022526447893,0.21255113594648273,0.1196445120484205,ACQ2,0.12675440203648317,0.09539706485713863,0.2506847759471568,0.09719404704624919,0.05007292747109275,0.08405692385159422,0.20693013707220123,0.088909721718084,ACQ2
485,USA,IRN,Nego,5.2,1.66,1,1,0.139138853081463,0.12376990867896677,0.21475073623614532,0.0347654066945187,0.06810465809231218,0.08623973665356953,0.21230375451641295,0.12092694604661172,ACQ2,0.12675440203648317,0.09539706485713863,0.2506847759471568,0.09719404704624919,0.05007292747109275,0.08405692385159422,0.20693013707220123,0.088909721718084,ACQ2
485,USA,IRN,Nego,5.2,1.67,1,1,0.1399444408295421,0.12494905076698268,0.21106831774743745,0.0347828401990352,0.06883733638995516,0.08613765924296049,0.21205246180188786,0.12222789302219897,WAR1,0.12675440203648317,0.09539706485713863,0.2506847759471568,0.09719404704624919,0.05007292747109275,0.08405692385159422,0.20693013707220123,0.088909721718084,ACQ2
485,USA,IRN,Nego,5.2,1.68,1,1,0.14073098966647296,0.12612609317031898,0.2073780119218599,0.034806142291505006,0.06958030249086247,0.08603402265740683,0.21179733073270698,0.12354710706886661,WAR1,0.12675440203648317,0.09539706485713863,0.2506847759471568,0.09719404704624919,0.05007292747109275,0.08405692385159422,0.20693013707220123,0.088909721718084,ACQ2
485,USA,IRN,Nego,5.2,1.69,1,1,0.1414971146235372,0.12730007328471993,0.20368206240027764,0.03483570603364132,0.07033340549606408,0.0859288643649337,0.21153845354712061,0.12488432024970536,WAR1,0.12675440203648317,0.09539706485713863,0.2506847759471568,0.09719404704624919,0.05007292747109275,0.08405692385159422,0.20693013707220123,0.088909721718084,ACQ2
485,USA,IRN,Nego,5.2,1.7,1,1,0.14224142110630408,0.12846999964684613,0.19998273459904534,0.03487194979155339,0.07109648176149605,0.08582222956953073,0.2112759415276662,0.12623924199755804,WAR1,0.12675440203648317,0.09539706485713863,0.2506847759471568,0.09719404704624919,0.05007292747109275,0.08405692385159422,0.20693013707220123,0.088909721718084,ACQ2
485,USA,IRN,Nego,5.2,1.71,1,1,0.14296250853492481,0.12963485286771906,0.19628231204879182,0.03491531777182127,0.07186935457156977,0.08571417105442511,0.21100992461534035,0.1276115585354077,WAR1,0.12675440203648317,0.09539706485713863,0.2506847759471568,0.09719404704624919,0.05007292747109275,0.08405692385159422,0.20693013707220123,0.088909721718084,ACQ2
485,USA,IRN,Nego,5.2,1.72,1,1,0.14365897421958754,0.1307935866890169,0.19258309255610384,0.0349662805177825,0.0726518338248864,0.08560474897485103,0.21074055089944063,0.12900093231833096,WAR1,0.12675440203648317,0.09539706485713863,0.2506847759471568,0.09719404704624919,0.05007292747109275,0.08405692385159422,0.20693013707220123,0.088909721718084,ACQ2
485,USA,IRN,Nego,5.2,1.73,1,1,0.14432941746082578,0.13194512915972698,0.18888738420366513,0.03502533536317787,0.07344371573290799,0.08549403059969242,0.21046798598154726,0.13040700149845685,WAR1,0.12675440203648317,0.09539706485713863,0.2506847759471568,0.09719404704624919,0.05007292747109275,0.08405692385159422,0.20693013707220123,0.088909721718084,ACQ2
485,USA,IRN,Nego,5.2,1.74,1,1,0.1449724438616813,0.13308838392941613,0.1851975012065709,0.03509300684047866,0.07424478253234541,0.08538209000188023,0.21019241221334564,0.1318293794142817,WAR1,0.12675440203648317,0.09539706485713863,0.2506847759471568,0.09719404704624919,0.05007292747109275,0.08405692385159422,0.20693013707220123,0.088909721718084,ACQ2
485,USA,IRN,Nego,5.2,1.75,1,1,0.14558666983599464,0.13422223165314004,0.18151575964457894,0.03516984704138976,0.0750548022119862,0.0852690076979623,0.20991402780932578,0.13326765410562277,WAR1,0.12675440203648317,0.09539706485713863,0.2506847759471568,0.09719404704624919,0.05007292747109275,0.08405692385159422,0.20693013707220123,0.088909721718084,ACQ2
485,USA,IRN,Nego,5.2,1.76,1,1,0.1461707272943558,0.1353455315017897,0.17784447309198345,0.035256435927174194,0.07587352825465202,0.0851548702378302,0.20963304583677683,0.1347213878554378,WAR1,0.12675440203648317,0.09539706485713863,0.2506847759471568,0.09719404704624919,0.05007292747109275,0.08405692385159422,0.20693013707220123,0.088909721718084,ACQ2
485,USA,IRN,Nego,5.2,1.77,1,1,0.1467232684865707,0.13645712277052982,0.1741859481685255,0.03535338158656903,0.07670069939496633,0.08503976974617435,0.209349693086949,0.13619011675971518,WAR1,0.12675440203648317,0.09539706485713863,0.2506847759471568,0.09719404704624919,0.05007292747109275,0.08405692385159422,0.20693013707220123,0.088909721718084,ACQ2
485,USA,IRN,Nego,5.2,1.78,1,1,0.14724297097690578,0.13755582657691243,0.1705424800362488,0.035461320439135476,0.07753603939361615,0.08492380341782911,0.20906420883269994,0.13767335032665245,WAR1,0.12675440203648317,0.09539706485713863,0.2506847759471568,0.09719404704624919,0.05007292747109275,0.08405692385159422,0.20693013707220123,0.088909721718084,ACQ2
485,USA,IRN,Nego,5.2,1.79,1,1,0.14772854272593824,0.1386404476393447,0.1669163478684227,0.035580917381896136,0.07837925682882954,0.08480707296976005,0.20877684347940578,0.13917057110640293,WAR1,0.12675440203648317,0.09539706485713863,0.2506847759471568,0.09719404704624919,0.05007292747109275,0.08405692385159422,0.20693013707220123,0.088909721718084,ACQ2
485,USA,IRN,Nego,5.2,1.8,1,1,0.1481787272506092,0.13970977612583907,0.16330981031753902,0.03571286587704052,0.07923004490585704,0.08468968405301493,0.20848785711731016,0.14068123435278984,WAR1,0.12675440203648317,0.09539706485713863,0.2506847759471568,0.09719404704624919,0.05007292747109275,0.08405692385159422,0.20693013707220123,0.088909721718084,ACQ2
485,USA,IRN,Nego,5.2,1.81,1,1,0.1485923088321049,0.1407625895624631,0.15972510100989298,0.03585788797830547,0.08008808128535203,0.08457174562849556,0.20819751798480804,0.14220476771857782,WAR1,0.12675440203648317,0.09539706485713863,0.2506847759471568,0.09719404704624919,0.05007292747109275,0.08405692385159422,0.20693013707220123,0.088909721718084,ACQ2
485,USA,IRN,Nego,5.2,1.82,1,1,0.14896811773953592,0.14179765479064635,0.15616442409435824,0.03601673429334891,0.08095302793169534,0.08445336931089595,0.2079061008533621,0.14374057098615728,WAR1,0.12675440203648317,0.09539706485713863,0.2506847759471568,0.09719404704624919,0.05007292747109275,0.08405692385159422,0.20693013707220123,0.088909721718084,ACQ2
485,USA,IRN,Nego,5.2,1.83,1,1,0.149305035436091,0.14281372996254793,0.1526299498726142,0.036190183879012516,0.0818245309825116,0.08433466868557506,0.20761388534579045,0.14528801583585715,WAR1,0.12675440203648317,0.09539706485713863,0.2506847759471568,0.09719404704624919,0.05007292747109275,0.08405692385159422,0.20693013707220123,0.088909721718084,ACQ2
485,USA,IRN,Nego,5.2,1.84,1,1,0.14960199973346083,0.1438095665640682,0.14912381053726187,0.03637904406580406,0.08270222064087776,0.08421575860347427,0.20732115420050345,0.1468464456545496,WAR1,0.12675440203648317,0.09539706485713863,0.2506847759471568,0.09719404704624919,0.05007292747109275,0.08405692385159422,0.20693013707220123,0.088909721718084,ACQ2
485,USA,IRN,Nego,5.2,1.85,1,1,0.14985800985988287,0.14478391145583142,0.14564809604296383,0.03658415020721151,0.08358571109203657,0.08409675445943372,0.20702819149487367,0.1484151753877664,WAR1,0.12675440203648317,0.09539706485713863,0.2506847759471568,0.09719404704624919,0.05007292747109275,0.08405692385159422,0.20693013707220123,0.088909721718084,ACQ2
485,USA,IRN,Nego,5.2,1.86,1,1,0.150072131407198,0.1457355089235906,0.14220485013395173,0.03680636534859105,0.08447460044679816,0.0839777714594027,0.20673528084126533,0.14999349143920257,WAR1,0.12675440203648317,0.09539706485713863,0.2506847759471568,0.09719404704624919,0.05007292747109275,0.08405692385159422,0.20693013707220123,0.088909721718084,ACQ2
485,USA,IRN,Nego,5.2,1.87,1,1,0.15024350112282434,0.14666310273102554,0.13879606654898538,0.03704657980934832,0.08536847071424182,0.08385892388205103,0.2064427035692789,0.15158065162224485,WAR1,0.12675440203648317,0.09539706485713863,0.2506847759471568,0.09719404704624919,0.05007292747109275,0.08405692385159422,0.20693013707220123,0.088909721718084,ACQ2
485,USA,IRN,Nego,5.2,1.88,1,1,0.15037133151356943,0.14756543816980197,0.13542368542214112,0.037305710670976266,0.08626688780681162,0.08374032434017872,0.20615073690750013,0.1531758851690205,WAR1,0.12675440203648317,0.09539706485713863,0.2506847759471568,0.09719404704624919,0.05007292747109275,0.08405692385159422,0.20693013707220123,0.088909721718084,ACQ2
485,USA,IRN,Nego,5.2,1.89,1,1,0.15045491522968205,0.14844126410403444,0.1320895898946952,0.037584701162239845,0.08716940158143645,0.08362208304707329,0.2058596521774295,0.15477839280340944,WAR1,0.12675440203648317,0.09539706485713863,0.2506847759471568,0.09719404704624919,0.05007292747109275,0.08405692385159422,0.20693013707220123,0.088909721718084,ACQ2
485,USA,IRN,Nego,5.2,1.9,1,1,0.15049362919947973,0.14928933500889077,0.12879560294992443,0.03788451993144386,0.08807554592087466,0.0835043070925812,0.2055697130113249,0.15638734688548056,WAR1,0.12675440203648317,0.09539706485713863,0.2506847759471568,0.09719404704624919,0.05007292747109275,0.08405692385159422,0.20693013707220123,0.088909721718084,ACQ2
485,USA,IRN,Nego,5.2,1.91,1,1,0.15048693848721972,0.15010841300594716,0.12554348447893085,0.03820616019433097,0.08898483886009002,0.08338709973315257,0.2052811736044432,0.15800189163588546,WAR1,0.12675440203648317,0.09539706485713863,0.2506847759471568,0.09719404704624919,0.05007292747109275,0.08405692385159422,0.20693013707220123,0.088909721718084,ACQ2
485,USA,IRN,Nego,5.2,1.92,1,1,0.15043439984954718,0.1508972699009707,0.12233492858171391,0.03855063874478158,0.08989678276307596,0.08327055969948183,0.2049942770106009,0.1596211434498281,WAR1,0.12675440203648317,0.09539706485713863,0.2506847759471568,0.09719404704624919,0.05007292747109275,0.08405692385159422,0.20693013707220123,0.088909721718084,ACQ2
485,USA,IRN,Nego,5.2,1.93,1,1,0.1503356649687827,0.1516546892329805,0.11917156110377242,0.03891899481420059,0.09081086455615364,0.08315478052463456,0.2047092534881656,0.16124419131131013,WAR1,0.12675440203648317,0.09539706485713863,0.2506847759471568,0.09719404704624919,0.05007292747109275,0.08405692385159422,0.20693013707220123,0.088909721718084,ACQ2
485,USA,IRN,Nego,5.2,1.94,1,1,0.15019048334440885,0.15237946834659297,0.11605493740462895,0.03931228876435108,0.09172655602434208,0.08303984989473079,0.204426318901578,0.16287009731936725,WAR1,0.12675440203648317,0.09539706485713863,0.2506847759471568,0.09719404704624919,0.05007292747109275,0.08405692385159422,0.20693013707220123,0.088909721718084,ACQ2
485,USA,IRN,Nego,5.2,1.95,1,1,0.14999870482726718,0.153070420502674,0.11298654035096851,0.03973160059751987,0.09264331417791416,0.08292584902338136,0.20414567318134758,0.1644978973389274,WAR1,0.12675440203648317,0.09539706485713863,0.2506847759471568,0.09719404704624919,0.05007292747109275,0.08405692385159422,0.20693013707220123,0.088909721718084,ACQ2
485,USA,IRN,Nego,5.2,1.96,1,1,0.14976028178410147,0.15372637704503944,0.10996777852370826,0.040178028267366585,0.09356058169667544,0.08281285205017565,0.20386749884325872,0.16612660178967448,WAR1,0.12675440203648317,0.09539706485713863,0.2506847759471568,0.09719404704624919,0.05007292747109275,0.08405692385159422,0.20693013707220123,0.088909721718084,ACQ2
485,USA,IRN,Nego,5.2,1.97,1,1,0.1494752708830363,0.1543461896432255,0.10699998462538408,0.04065268577371728,0.09447778745980615,0.08270092546263898,0.20359195956535367,0.16775519658683805,WAR1,0.12675440203648317,0.09539706485713863,0.2506847759471568,0.09719404704624919,0.05007292747109275,0.08405692385159422,0.20693013707220123,0.088909721718084,ACQ2
485,USA,IRN,Nego,5.2,1.98,1,1,0.1491438344932789,0.15492873263300413,0.10408441407190168,0.04115670102500877,0.09539434716924938,0.0825901275402499,0.20331919881922217,0.16938264424808477,WAR1,0.12675440203648317,0.09539706485713863,0.2506847759471568,0.09719404704624919,0.05007292747109275,0.08405692385159422,0.20693013707220123,0.088909721718084,ACQ2
485,USA,IRN,Nego,5.2,1.99,1,1,0.14876624169466737,0.15547290547721798,0.10122224375105743,0.041691213453160826,0.0963096640745841,0.08248050781837733,0.20304933855032914,0.17100788518060567,WAR1,0.12675440203648317,0.09539706485713863,0.2506847759471568,0.09719404704624919,0.05007292747109275,0.08405692385159422,0.20693013707220123,0.088909721718084,ACQ2
485,USA,IRN,Nego,5.21,1.5,1,1,0.12432184376255748,0.1059557291844644,0.26850478796250865,0.03532671287101709,0.05834244782556376,0.08780305318866787,0.21615230488052448,0.10359312032469642,ACQ2,0.12675440203648317,0.09539706485713863,0.2506847759471568,0.09719404704624919,0.05007292747109275,0.08405692385159422,0.20693013707220123,0.088909721718084,ACQ2
485,USA,IRN,Nego,5.21,1.51,1,1,0.1252638928271739,0.1070755106554705,0.2651774657080017,0.03529008725254064,0.058911107325154706,0.08772325142702486,0.21595585004112838,0.104602834763505,ACQ2,0.12675440203648317,0.09539706485713863,0.2506847759471568,0.09719404704624919,0.05007292747109275,0.08405692385159422,0.20693013707220123,0.088909721718084,ACQ2
485,USA,IRN,Nego,5.21,1.52,1,1,0.126205234560813,0.10820421450679926,0.26181249186393535,0.03525602384342994,0.059491087900906514,0.08764213574798171,0.21575616061860392,0.10563265095753029,ACQ2,0.12675440203648317,0.09539706485713863,0.2506847759471568,0.09719404704624919,0.05007292747109275,0.08405692385159422,0.20693013707220123,0.088909721718084,ACQ2
485,USA,IRN,Nego,5.21,1.53,1,1,0.12714490754047178,0.10934134629656778,0.2584114878363931,0.03522461710088555,0.06008238544956822,0.08755963433617628,0.21555305981891623,0.10668256162102104,ACQ2,0.12675440203648317,0.09539706485713863,0.2506847759471568,0.09719404704624919,0.05007292747109275,0.08405692385159422,0.20693013707220123,0.088909721718084,ACQ2
485,USA,IRN,Nego,5.21,1.54,1,1,0.12808191392241663,0.11048638145909166,0.2549761274284987,0.035195976392906794,0.06068498867970068,0.08747568091912657,0.21534638449341365,0.10775254670484552,ACQ2,0.12675440203648317,0.09539706485713863,0.2506847759471568,0.09719404704624919,0.05007292747109275,0.08405692385159422,0.20693013707220123,0.088909721718084,ACQ2
485,USA,IRN,Nego,5.21,1.55,1,1,0.12901521966192817,0.11163876467970316,0.2515081364057852,0.03517022675364275,0.06129887871203678,0.08739021511212662,0.21513598598788758,0.1088425726868898,ACQ2,0.12675440203648317,0.09539706485713863,0.2506847759471568,0.09719404704624919,0.05007292747109275,0.08405692385159422,0.20693013707220123,0.088909721718084,ACQ2
485,USA,IRN,Nego,5.21,1.56,1,1,0.12994375489868798,0.11279790933043093,0.24800929187510412,0.035147509647824,0.061924028676780506,0.08730318275140796,0.21492173096274514,0.10995259185701964,ACQ2,0.12675440203648317,0.09539706485713863,0.2506847759471568,0.09719404704624919,0.05007292747109275,0.08405692385159422,0.20693013707220123,0.088909721718084,ACQ2
485,USA,IRN,Nego,5.21,1.57,1,1,0.13086641451966227,0.11396319697345735,0.24448142146794716,0.03512798374159626,0.06256040330881149,0.08721453621277678,0.21470350217742443,0.1110825415983242,ACQ2,0.12675440203648317,0.09539706485713863,0.2506847759471568,0.09719404704624919,0.05007292747109275,0.08405692385159422,0.20693013707220123,0.088909721718084,ACQ2
485,USA,IRN,Nego,5.21,1.58,1,1,0.13178205891113998,0.11513397693933425,0.24092640231970053,0.035111825676865605,0.06320795854181603,0.08712423471281139,0.21448119923187933,0.1122323436664529,ACQ2,0.12675440203648317,0.09539706485713863,0.2506847759471568,0.09719404704624919,0.05007292747109275,0.08405692385159422,0.20693013707220123,0.088909721718084,ACQ2
485,USA,IRN,Nego,5.21,1.59,1,1,0.13268951491123562,0.11630956598692033,0.2373461598371236,0.0350992308460685,0.06386664110241194,0.08703224458960084,0.21425473925769734,0.11340190346894194,ACQ2,0.12675440203648317,0.09539706485713863,0.2506847759471568,0.09719404704624919,0.05007292747109275,0.08405692385159422,0.20693013707220123,0.088909721718084,ACQ2
485,USA,IRN,Nego,5.21,1.6,1,1,0.13358757697367574,0.11748924805192318,0.2337426662472877,0.03509041416409424,0.06453638810537699,0.08693853955992376,0.2140240575512187,0.11459110934649958,ACQ2,0.12675440203648317,0.09539706485713863,0.2506847759471568,0.09719404704624919,0.05007292747109275,0.08405692385159422,0.20693013707220123,0.088909721718084,ACQ2
485,USA,IRN,Nego,5.21,1.61,1,1,0.13447500855302025,0.11867227409075042,0.23011793892229024,0.035085610833927625,0.0652171266511231,0.08684310094971423,0.2137891081408941,0.11579983185828006,ACQ2,0.12675440203648317,0.09539706485713863,0.2506847759471568,0.09719404704624919,0.05007292747109275,0.08405692385159422,0.20693013707220123,0.088909721718084,ACQ2
485,USA,IRN,Nego,5.21,1.62,1,1,0.1353505437206276,0.11985786202610911,0.22647403847530456,0.0350850771024373,0.06590877342658616,0.0867459178946426,0.21354986428107153,0.11702792307322113,ACQ2,0.12675440203648317,0.09539706485713863,0.2506847759471568,0.09719404704624919,0.05007292747109275,0.08405692385159422,0.20693013707220123,0.088909721718084,ACQ2
485,USA,IRN,Nego,5.21,1.63,1,1,0.13621288901964543,0.12104519680043517,0.22281306662492867,0.03508909100262359,0.06661123431071753,0.08664698750765447,0.21330631886444162,0.11827521586955331,ACQ2,0.12675440203648317,0.09539706485713863,0.2506847759471568,0.09719404704624919,0.05007292747109275,0.08405692385159422,0.20693013707220123,0.088909721718084,ACQ2
485,USA,IRN,Nego,5.21,1.64,1,1,0.13706072556608276,0.12223343054275945,0.21913716382634787,0.03509795307855485,0.06732440398577223,0.08654631501036911,0.21305848474551234,0.1195415232446014,ACQ2,0.12675440203648317,0.09539706485713863,0.2506847759471568,0.09719404704624919,0.05007292747109275,0.08405692385159422,0.20693013707220123,0.088909721718084,ACQ2
485,USA,IRN,Nego,5.21,1.65,1,1,0.13789271140158976,0.1234216828540473,0.2154485066695331,0.03511198708917006,0.06804816555558708,0.0864439138253403,0.21280639496773543,0.12082663763699698,ACQ2,0.12675440203648317,0.09539706485713863,0.2506847759471568,0.09719404704624919,0.05007292747109275,0.08405692385159422,0.20693013707220123,0.088909721718084,ACQ2
485,USA,IRN,Nego,5.21,1.66,1,1,0.13870748410195302,0.12460904121536326,0.21174930504654393,0.03513154068710879,0.06878239017203099,0.0863398056263296,0.21255010288726797,0.12213033026340236,WAR1,0.12675440203648317,0.09539706485713863,0.2506847759471568,0.09719404704624919,0.05007292747109275,0.08405692385159422,0.20693013707220123,0.088909721718084,ACQ2
485,USA,IRN,Nego,5.21,1.67,1,1,0.13950366364347552,0.1257945615224216,0.20804179909197476,0.03515698606874476,0.06952693667078932,0.08623402034394141,0.21228968218684524,0.1234523504718072,WAR1,0.12675440203648317,0.09539706485713863,0.2506847759471568,0.09719404704624919,0.05007292747109275,0.08405692385159422,0.20693013707220123,0.088909721718084,ACQ2
485,USA,IRN,Nego,5.21,1.68,1,1,0.14027985552739625,0.12697726874918147,0.2043282559026738,0.03518872059165437,0.07028165121761454,0.08612659612421833,0.2120252267738514,0.1247924251134099,WAR1,0.12675440203648317,0.09539706485713863,0.2506847759471568,0.09719404704624919,0.05007292747109275,0.08405692385159422,0.20693013707220123,0.088909721718084,ACQ2
485,USA,IRN,Nego,5.21,1.69,1,1,0.14103465416029112,0.12815615774215422,0.20061096604503276,0.035227167355834865,0.07104636696613821,0.08601757923809907,0.21175685055742338,0.12615025793502652,WAR1,0.12675440203648317,0.09539706485713863,0.2506847759471568,0.09719404704624919,0.05007292747109275,0.08405692385159422,0.20693013707220123,0.088909721718084,ACQ2
485,USA,IRN,Nego,5.21,1.7,1,1,0.14176664648602247,0.1293301941459985,0.19689223986039137,0.03527277574510492,0.07182090372829547,0.08590702393999447,0.21148468710029739,0.12752552899389524,WAR1,0.12675440203648317,0.09539706485713863,0.2506847759471568,0.09719404704624919,0.05007292747109275,0.08405692385159422,0.20693013707220123,0.088909721718084,ACQ2
485,USA,IRN,Nego,5.21,1.71,1,1,0.1424744158622745,0.13049831545981666,0.19317440358137078,0.035326021925263,0.07260506765836498,0.0857949922741476,0.21120888914210603,0.12891789409665638,WAR1,0.12675440203648317,0.09539706485713863,0.2506847759471568,0.09719404704624919,0.05007292747109275,0.08405692385159422,0.20693013707220123,0.088909721718084,ACQ2
485,USA,IRN,Nego,5.21,1.72,1,1,0.14315654617206294,0.1316594322223432,0.1894597952742244,0.03538740929574116,0.07339865095157724,0.08568155382789325,0.2109296279919583,0.13032698426419967,WAR1,0.12675440203648317,0.09539706485713863,0.2506847759471568,0.09719404704624919,0.05007292747109275,0.08405692385159422,0.20693013707220123,0.088909721718084,ACQ2
485,USA,IRN,Nego,5.21,1.73,1,1,0.14381162615786,0.13281242932295131,0.18575076062453472,0.035457468891667995,0.07420143155819482,0.08556678543144018,0.2106470927893673,0.13175240522398363,WAR1,0.12675440203648317,0.09539706485713863,0.2506847759471568,0.09719404704624919,0.05007292747109275,0.08405692385159422,0.20693013707220123,0.088909721718084,ACQ2
485,USA,IRN,Nego,5.21,1.74,1,1,0.1444382539631787,0.13395616743413089,0.18204964858573622,0.035536759733430366,0.07501317291392365,0.08545077080433282,0.21036148963391402,0.1331937369313534,WAR1,0.12675440203648317,0.09539706485713863,0.2506847759471568,0.09719404704624919,0.05007292747109275,0.08405692385159422,0.20693013707220123,0.088909721718084,ACQ2
485,USA,IRN,Nego,5.21,1.75,1,1,0.14503504186363866,0.13508948455982875,0.1783588069119721,0.03562586912099106,0.07583362368748045,0.08533360014932267,0.21007304058544674,0.13465053312131922,WAR1,0.12675440203648317,0.09539706485713863,0.2506847759471568,0.09719404704624919,0.05007292747109275,0.08405692385159422,0.20693013707220123,0.088909721718084,ACQ2
485,USA,IRN,Nego,5.21,1.76,1,1,0.14560062116676056,0.13621119769283285,0.17468057759865305,0.03572541287036293,0.07666251754611803,0.08521536969497485,0.20978198253807506,0.1361223208922227,WAR1,0.12675440203648317,0.09539706485713863,0.2506847759471568,0.09719404704624919,0.05007292747109275,0.08405692385159422,0.20693013707220123,0.088909721718084,ACQ2
485,USA,IRN,Nego,5.21,1.77,1,1,0.14613364725702133,0.1373201045732532,0.17101729225571213,0.03583603548974419,0.0774995729399089,0.08509618118893846,0.20948856597271187,0.13760860032271005,WAR1,0.12675440203648317,0.09539706485713863,0.2506847759471568,0.09719404704624919,0.05007292747109275,0.08405692385159422,0.20693013707220123,0.088909721718084,ACQ2
485,USA,IRN,Nego,5.21,1.78,1,1,0.14663280476015028,0.13841498553915713,0.16737126743991337,0.03595841029286908,0.07834449290561125,0.08497614134441904,0.20919305359440515,0.13910884412347485,WAR1,0.12675440203648317,0.09539706485713863,0.2506847759471568,0.09719404704624919,0.05007292747109275,0.08405692385159422,0.20693013707220123,0.088909721718084,ACQ2
485,USA,IRN,Nego,5.21,1.79,1,1,0.1470968127982568,0.13949460545957124,0.16374479997360597,0.03609323944710543,0.07919696489099046,0.08485536124298076,0.20889571886216646,0.14062249732532295,WAR1,0.12675440203648317,0.09539706485713863,0.2506847759471568,0.09719404704624919,0.05007292747109275,0.08405692385159422,0.20693013707220123,0.088909721718084,ACQ2
485,USA,IRN,Nego,5.21,1.8,1,1,0.1475244303052601,0.14055771573944212,0.1601401622779913,0.03624125395371667,0.08005666060056169,0.08473395569737212,0.2085968444203837,0.14214897700527235,WAR1,0.12675440203648317,0.09539706485713863,0.2506847759471568,0.09719404704624919,0.05007292747109275,0.08405692385159422,0.20693013707220123,0.088909721718084,ACQ2
485,USA,IRN,Nego,5.21,1.81,1,1,0.1479144613702583,0.14160305638575876,0.15655959774923284,0.03640321355748936,0.08092323586384721,0.0846120425785888,0.20829672044219402,0.14368767205263058,WAR1,0.12675440203648317,0.09539706485713863,0.2506847759471568,0.09719404704624919,0.05007292747109275,0.08405692385159422,0.20693013707220123,0.088909721718084,ACQ2
485,USA,IRN,Nego,5.21,1.82,1,1,0.14826576057500102,0.1426293581239516,0.15300531620556446,0.036579906582586,0.081796330527422,0.08448974211184636,0.20799564289631936,0.14523794297730921,WAR1,0.12675440203648317,0.09539706485713863,0.2506847759471568,0.09719404704624919,0.05007292747109275,0.08405692385159422,0.20693013707220123,0.088909721718084,ACQ2
485,USA,IRN,Nego,5.21,1.83,1,1,0.14857723829055175,0.14363534455390628,0.1494794894329043,0.036772149691012224,0.08267556837224617,0.08436717614652117,0.20769391174981788,0.1467991217630404,WAR1,0.12675440203648317,0.09539706485713863,0.2506847759471568,0.09719404704624919,0.05007292747109275,0.08405692385159422,0.20693013707220123,0.088909721718084,ACQ2
485,USA,IRN,Nego,5.21,1.84,1,1,0.14884786589758917,0.14461973433550698,0.14598424685535785,0.0369807875594744,0.0835605570580709,0.08424446740541187,0.20739182911992612,0.14837051176866276,WAR1,0.12675440203648317,0.09539706485713863,0.2506847759471568,0.09719404704624919,0.05007292747109275,0.08405692385159422,0.20693013707220123,0.088909721718084,ACQ2
485,USA,IRN,Nego,5.21,1.85,1,1,0.1490766808946272,0.14558124339457598,0.14252167135537328,0.037206692469646724,0.08445088809703907,0.08412173871886068,0.20708969738862973,0.1499513876812471,WAR1,0.12675440203648317,0.09539706485713863,0.2506847759471568,0.09719404704624919,0.05007292747109275,0.08405692385159422,0.20693013707220123,0.088909721718084,ACQ2
485,USA,IRN,Nego,5.21,1.86,1,1,0.1492627918587486,0.14651858714139893,0.1390937952662174,0.03745076380597144,0.08534613685900004,0.08399911224934818,0.20678781729378223,0.15154099552553302,WAR1,0.12675440203648317,0.09539706485713863,0.2506847759471568,0.09719404704624919,0.05007292747109275,0.08405692385159422,0.20693013707220123,0.088909721718084,ACQ2
485,USA,IRN,Nego,5.21,1.87,1,1,0.14940538322426206,0.14743048269573492,0.13570259655689232,0.0377139274540898,0.08624586261150388,0.08387670871211969,0.2064864860104542,0.1531385527349431,WAR1,0.12675440203648317,0.09539706485713863,0.2506847759471568,0.09719404704624919,0.05007292747109275,0.08405692385159422,0.20693013707220123,0.088909721718084,ACQ2
485,USA,IRN,Nego,5.21,1.88,1,1,0.14950371984597935,0.14831565111427442,0.13234999522665086,0.03799713509187058,0.08714960859793718,0.08375464659721937,0.20618599523574727,0.1547432482903209,WAR1,0.12675440203648317,0.09539706485713863,0.2506847759471568,0.09719404704624919,0.05007292747109275,0.08405692385159422,0.20693013707220123,0.088909721718084,ACQ2
485,USA,IRN,Nego,5.21,1.89,1,1,0.14955715131556527,0.14917281961889947,0.12903784992294567,0.03830136336379106,0.08805690215779668,0.08363304139798869,0.20588662928952348,0.15635424293348976,WAR1,0.12675440203648317,0.09539706485713863,0.2506847759471568,0.09719404704624919,0.05007292747109275,0.08405692385159422,0.20693013707220123,0.088909721718084,ACQ2
485,USA,IRN,Nego,5.21,1.9,1,1,0.14956511600158004,0.15000072382676125,0.12576795479305436,0.03862761292818145,0.08896725489365848,0.08351200485064082,0.20558866324239963,0.15797066946372404,WAR1,0.12675440203648317,0.09539706485713863,0.2506847759471568,0.09719404704624919,0.05007292747109275,0.08405692385159422,0.20693013707220123,0.088909721718084,ACQ2
485,USA,IRN,Nego,5.21,1.91,1,1,0.14952714478635964,0.1507981099860606,0.12254203657582208,0.038976907365613725,0.08988016288997344,0.08339164418895718,0.20529236108097076,0.1595916331262428,WAR1,0.12675440203648317,0.09539706485713863,0.2506847759471568,0.09719404704624919,0.05007292747109275,0.08405692385159422,0.20693013707220123,0.088909721718084,ACQ2
485,USA,IRN,Nego,5.21,1.92,1,1,0.1494428644756947,0.15156373722438438,0.11936175193608975,0.03935029193556788,0.09079510698938446,0.08327206141747819,0.20499797391856023,0.16121621210284048,WAR1,0.12675440203648317,0.09539706485713863,0.2506847759471568,0.09719404704624919,0.05007292747109275,0.08405692385159422,0.20693013707220123,0.088909721718084,ACQ2
485,USA,IRN,Nego,5.21,1.93,1,1,0.14931200086028018,0.15229637981942892,0.116228685040525,0.039748832167512634,0.09171155313279421,0.08315335260580446,0.2047057382579418,0.16284345811571266,WAR1,0.12675440203648317,0.09539706485713863,0.2506847759471568,0.09719404704624919,0.05007292747109275,0.08405692385159422,0.20693013707220123,0.088909721718084,ACQ2
485,USA,IRN,Nego,5.21,1.94,1,1,0.1491343814110269,0.15299482950478924,0.11314434536987367,0.04017361227177996,0.09262895276988749,0.08303560720580645,0.2044158743104552,0.1644723971563812,WAR1,0.12675440203648317,0.09539706485713863,0.2506847759471568,0.09719404704624919,0.05007292747109275,0.08405692385159422,0.20693013707220123,0.088909721718084,ACQ2
485,USA,IRN,Nego,5.21,1.95,1,1,0.14890993759343588,0.1536578978260699,0.11011016575924848,0.0406257333551765,0.09354674334720069,0.08291890739269416,0.20412858437386108,0.1661020303523134,WAR1,0.12675440203648317,0.09539706485713863,0.2506847759471568,0.09719404704624919,0.05007292747109275,0.08405692385159422,0.20693013707220123,0.088909721718084,ACQ2
485,USA,IRN,Nego,5.21,1.96,1,1,0.14863870678924881,0.15428441856473846,0.10712750065507357,0.04110631142626009,0.09446434888110007,0.08280332743006073,0.2038440512692145,0.16773133498430381,WAR1,0.12675440203648317,0.09539706485713863,0.2506847759471568,0.09719404704624919,0.05007292747109275,0.08405692385159422,0.20693013707220123,0.088909721718084,ACQ2
485,USA,IRN,Nego,5.21,1.97,1,1,0.14832083381637703,0.15487325024872564,0.10419762457486124,0.0416164751756974,0.09538118062314449,0.08268893305821866,0.2035624368350798,0.16935926566789591,WAR1,0.12675440203648317,0.09539706485713863,0.2506847759471568,0.09719404704624919,0.05007292747109275,0.08405692385159422,0.20693013707220123,0.088909721718084,ACQ2
485,USA,IRN,Nego,5.21,1.98,1,1,0.14795657204059737,0.15542327876963322,0.1013217307542049,0.042157363518205385,0.09629663782524264,0.08257578090444256,0.20328388047567458,0.1709847557119992,WAR1,0.12675440203648317,0.09539706485713863,0.2506847759471568,0.09719404704624919,0.05007292747109275,0.08405692385159422,0.20693013707220123,0.088909721718084,ACQ2
485,USA,IRN,Nego,5.21,1.99,1,1,0.1475462840746047,0.15593342012639866,0.09850092996434373,0.042730122884334074,0.09721010861172488,0.08246391791315119,0.2030084977580998,0.17260671866734306,WAR1,0.12675440203648317,0.09539706485713863,0.2506847759471568,0.09719404704624919,0.05007292747109275,0.08405692385159422,0.20693013707220123,0.088909721718084,ACQ2
485,USA,IRN,Nego,5.22,1.5,1,1,0.12395169228907255,0.10663979636585107,0.2660556839106717,0.03560799521020002,0.058836016748983797,0.08794285208218959,0.21649645980403864,0.10446950358899235,ACQ2,0.12675440203648317,0.09539706485713863,0.2506847759471568,0.09719404704624919,0.05007292747109275,0.08405692385159422,0.20693013707220123,0.088909721718084,ACQ2
485,USA,IRN,Nego,5.22,1.51,1,1,0.12489549047931049,0.10777218584800362,0.2626815693378443,0.03557603323273867,0.05941685761195575,0.0878613058139624,0.2162957103631981,0.10550084731298658,ACQ2,0.12675440203648317,0.09539706485713863,0.2506847759471568,0.09719404704624919,0.05007292747109275,0.08405692385159422,0.20693013707220123,0.088909721718084,ACQ2
485,USA,IRN,Nego,5.22,1.52,1,1,0.12583806121889476,0.10891332170670369,0.2592708536767316,0.035546729332620965,0.06000906697019257,0.08777827754673546,0.21609131255834302,0.10655237698977801,ACQ2,0.12675440203648317,0.09539706485713863,0.2506847759471568,0.09719404704624919,0.05007292747109275,0.08405692385159422,0.20693013707220123,0.088909721718084,ACQ2
485,USA,IRN,Nego,5.22,1.53,1,1,0.12677841367386045,0.11006268138211665,0.2558252116117363,0.03552019257146534,0.06061263356112271,0.08769369821448514,0.21588309636372077,0.10762407262149262,ACQ2,0.12675440203648317,0.09539706485713863,0.2506847759471568,0.09719404704624919,0.05007292747109275,0.08405692385159422,0.20693013707220123,0.088909721718084,ACQ2
485,USA,IRN,Nego,5.22,1.54,1,1,0.12771552005104744,0.1112197108759868,0.2523463710530972,0.03549654786583264,0.061227538393772825,0.08760750475035349,0.21567090652223936,0.10871590048767016,ACQ2,0.12675440203648317,0.09539706485713863,0.2506847759471568,0.09719404704624919,0.05007292747109275,0.08405692385159422,0.20693013707220123,0.088909721718084,ACQ2
485,USA,IRN,Nego,5.22,1.55,1,1,0.12864831591885514,0.11238382413511218,0.24883611258051463,0.035475936770972265,0.06185375433523549,0.08751964043796984,0.21545460341034578,0.10982781241099472,ACQ2,0.12675440203648317,0.09539706485713863,0.2506847759471568,0.09719404704624919,0.05007292747109275,0.08405692385159422,0.20693013707220123,0.088909721718084,ACQ2
485,USA,IRN,Nego,5.22,1.56,1,1,0.12957570070531335,0.11355440250237772,0.2452962686889406,0.035458518271462194,0.062491245694938566,0.08743005524895558,0.21523406386889077,0.11095974501912123,ACQ2,0.12675440203648317,0.09539706485713863,0.2506847759471568,0.09719404704624919,0.05007292747109275,0.08405692385159422,0.20693013707220123,0.088909721718084,ACQ2
485,USA,IRN,Nego,5.22,1.57,1,1,0.13049653838558622,0.11473079424268134,0.2417287228274299,0.03544446957572417,0.06313996780780308,0.08733870616362396,0.21500918199262226,0.11211161900452879,ACQ2,0.12675440203648317,0.09539706485713863,0.2506847759471568,0.09719404704624919,0.05007292747109275,0.08405692385159422,0.20693013707220123,0.088909721718084,ACQ2
485,USA,IRN,Nego,5.22,1.58,1,1,0.1314096583707301,0.11591231415111464,0.23813540822270363,0.03543398691117252,0.0637998666174304,0.08724555747176592,0.214779869870657,0.11328333838442586,ACQ2,0.12675440203648317,0.09539706485713863,0.2506847759471568,0.09719404704624919,0.05007292747109275,0.08405692385159422,0.20693013707220123,0.088909721718084,ACQ2
485,USA,IRN,Nego,5.22,1.59,1,1,0.13231385660907113,0.11709824325071036,0.23451830647996813,0.03542728631655284,0.06447087826051034,0.08715058105032025,0.21454605827004353,0.11447478976282333,ACQ2,0.12675440203648317,0.09539706485713863,0.2506847759471568,0.09719404704624919,0.05007292747109275,0.08405692385159422,0.20693013707220123,0.088909721718084,ACQ2
485,USA,IRN,Nego,5.22,1.6,1,1,0.13320789691095686,0.11828782858693922,0.23087944595460108,0.035424604427837056,0.06515292865368273,0.08705375661465484,0.21430769725436383,0.11568584159696418,ACQ2,0.12675440203648317,0.09539706485713863,0.2506847759471568,0.09719404704624919,0.05007292747109275,0.08405692385159422,0.20693013707220123,0.088909721718084,ACQ2
485,USA,IRN,Nego,5.22,1.61,1,1,0.13409051250682488,0.11948028312590728,0.22722089988952604,0.03542619925387957,0.06584593308411898,0.08695507194015356,0.21406475672923203,0.1169163434703579,ACQ2,0.12675440203648317,0.09539706485713863,0.2506847759471568,0.09719404704624919,0.05007292747109275,0.08405692385159422,0.20693013707220123,0.088909721718084,ACQ2
485,USA,IRN,Nego,5.22,1.62,1,1,0.13496040784755395,0.12067478576288417,0.22354478431448044,0.03543235093790014,0.06654979580511688,0.08685452305079999,0.2138172269065475,0.11816612537471693,ACQ2,0.12675440203648317,0.09539706485713863,0.2506847759471568,0.09719404704624919,0.05007292747109275,0.08405692385159422,0.20693013707220123,0.088909721718084,ACQ2
485,USA,IRN,Nego,5.22,1.63,1,1,0.1358162606548608,0.12187048144735768,0.2198532557049358,0.03544336250075071,0.06726440963801618,0.0867521143714948,0.2135651186794677,0.11943499700311636,ACQ2,0.12675440203648317,0.09539706485713863,0.2506847759471568,0.09719404704624919,0.05007292747109275,0.08405692385159422,0.20693013707220123,0.088909721718084,ACQ2
485,USA,IRN,Nego,5.22,1.64,1,1,0.13665672422811886,0.12306648143027048,0.21614850840011468,0.03545956056184762,0.06798965558174967,0.08664785884092369,0.21330846390026464,0.12072274705671047,ACQ2,0.12675440203648317,0.09539706485713863,0.2506847759471568,0.09719404704624919,0.05007292747109275,0.08405692385159422,0.20693013707220123,0.088909721718084,ACQ2
485,USA,IRN,Nego,5.22,1.65,1,1,0.13748043001236712,0.12426186363843814,0.21243277178141584,0.035481296033609645,0.06872540243133891,0.0865417779819301,0.21304731555356765,0.1220291425673325,WAR1,0.12675440203648317,0.09539706485713863,0.2506847759471568,0.09719404704624919,0.05007292747109275,0.08405692385159422,0.20693013707220123,0.088909721718084,ACQ2
485,USA,IRN,Nego,5.22,1.66,1,1,0.13828599043046716,0.1254556731803856,0.20870830721453507,0.03550894478523702,0.0694715064066313,0.08643390192652763,0.21278174781793824,0.12335392823827807,WAR1,0.12675440203648317,0.09539706485713863,0.2506847759471568,0.09719404704624919,0.05007292747109275,0.08405692385159422,0.20693013707220123,0.088909721718084,ACQ2
485,USA,IRN,Nego,5.22,1.67,1,1,0.13907200198034994,0.12664692298695499,0.204977404760688,0.03554290827169881,0.07022781079254808,0.08632426939292391,0.21251185600930814,0.12469682580552832,WAR1,0.12675440203648317,0.09539706485713863,0.2506847759471568,0.09719404704624919,0.05007292747109275,0.08405692385159422,0.20693013707220123,0.088909721718084,ACQ2
485,USA,IRN,Nego,5.22,1.68,1,1,0.13983704859608492,0.12783459458905888,0.20124237966454986,0.03558361412386405,0.0709941455920835,0.08621292761221913,0.21223775640052656,0.12605753342161308,WAR1,0.12675440203648317,0.09539706485713863,0.2506847759471568,0.09719404704624919,0.05007292747109275,0.08405692385159422,0.20693013707220123,0.088909721718084,ACQ2
485,USA,IRN,Nego,5.22,1.69,1,1,0.14057970526911182,0.12901763903387048,0.19750556862881505,0.03563151669581424,0.07177032719325081,0.08609993220278646,0.2119595859121119,0.12743572506423922,WAR1,0.12675440203648317,0.09539706485713863,0.2506847759471568,0.09719404704624919,0.05007292747109275,0.08405692385159422,0.20693013707220123,0.088909721718084,ACQ2
485,USA,IRN,Nego,5.22,1.7,1,1,0.14129854192342237,0.13019497793957713,0.19376932588761753,0.035687097565506275,0.07255615805112714,0.08598534699074005,0.2116775016702822,0.12883104997172745,WAR1,0.12675440203648317,0.09539706485713863,0.2506847759471568,0.09719404704624919,0.05007292747109275,0.08405692385159422,0.20693013707220123,0.088909721718084,ACQ2
485,USA,IRN,Nego,5.22,1.71,1,1,0.14199212753579277,0.131365504687588,0.19003601909339898,0.035750865985113386,0.07335142638609739,0.08586924377534678,0.21139168042944942,0.13024313210721325,WAR1,0.12675440203648317,0.09539706485713863,0.2506847759471568,0.09719404704624919,0.05007292747109275,0.08405692385159422,0.20693013707220123,0.088909721718084,ACQ2
485,USA,IRN,Nego,5.22,1.72,1,1,0.14265903448936332,0.13252808574980418,0.1863080250341417,0.035823359277545284,0.07415590589934705,0.08575170203873637,0.21110231785758743,0.13167156965347457,WAR1,0.12675440203648317,0.09539706485713863,0.2506847759471568,0.09719404704624919,0.05007292747109275,0.08405692385159422,0.20693013707220123,0.088909721718084,ACQ2
485,USA,IRN,Nego,5.22,1.73,1,1,0.14329784314600114,0.13368156214725144,0.18258772520012762,0.03590514317583142,0.0749693555066068,0.08563280859980262,0.21080962768421188,0.13311593454016712,WAR1,0.12675440203648317,0.09539706485713863,0.2506847759471568,0.09719404704624919,0.05007292747109275,0.08405692385159422,0.20693013707220123,0.088909721718084,ACQ2
485,USA,IRN,Nego,5.22,1.74,1,1,0.14390714661997533,0.13482475103507036,0.17887750122154322,0.03599681210223325,0.0757915190911081,0.08551265721276768,0.21051384071213033,0.1345757720051716,WAR1,0.12675440203648317,0.09539706485713863,0.2506847759471568,0.09719404704624919,0.05007292747109275,0.08405692385159422,0.20693013707220123,0.088909721718084,ACQ2
485,USA,IRN,Nego,5.22,1.75,1,1,0.14448555573259844,0.13595644740759058,0.17517973020021846,0.03609898938411398,0.0766221252766842,0.08539134811148043,0.21021520369560331,0.13605060019171059,WAR1,0.12675440203648317,0.09539706485713863,0.2506847759471568,0.09719404704624919,0.05007292747109275,0.08405692385159422,0.20693013707220123,0.088909721718084,ACQ2
485,USA,IRN,Nego,5.22,1.76,1,1,0.14503170412466243,0.13707542591602231,0.17149677996056664,0.03621232740373054,0.07746088722193212,0.08526898750114227,0.20991397808908208,0.13753990978286165,WAR1,0.12675440203648317,0.09539706485713863,0.2506847759471568,0.09719404704624919,0.05007292747109275,0.08405692385159422,0.20693013707220123,0.088909721718084,ACQ2
485,USA,IRN,Nego,5.22,1.77,1,1,0.1455442535008079,0.1381804427902054,0.1678310042462982,0.03633750767920025,0.07830750243636622,0.0851456869997769,0.20961043867222626,0.1390431636751189,WAR1,0.12675440203648317,0.09539706485713863,0.2506847759471568,0.09719404704624919,0.05007292747109275,0.08405692385159422,0.20693013707220123,0.088909721718084,ACQ2
485,USA,IRN,Nego,5.22,1.78,1,1,0.14602189897743761,0.1392702378549291,0.1641847378906779,0.03647524087392231,0.07916165261952719,0.08502156303237456,0.2093048720584174,0.1405597966927137,WAR1,0.12675440203648317,0.09539706485713863,0.2506847759471568,0.09719404704624919,0.05007292747109275,0.08405692385159422,0.20693013707220123,0.088909721718084,ACQ2
485,USA,IRN,Nego,5.22,1.79,1,1,0.1464633745034979,0.140343536630587,0.16056029198893848,0.03662626673168158,0.08002300352408155,0.08489673618123544,0.20899757509544375,0.14208921534453425,WAR1,0.12675440203648317,0.09539706485713863,0.2506847759471568,0.09719404704624919,0.05007292747109275,0.08405692385159422,0.20693013707220123,0.088909721718084,ACQ2
485,USA,IRN,Nego,5.22,1.8,1,1,0.14686745832145087,0.14139905250742246,0.15695994910189892,0.036791353934515054,0.08089120484405675,0.08477133049658914,0.20868885316839209,0.14363079762567482,WAR1,0.12675440203648317,0.09539706485713863,0.2506847759471568,0.09719404704624919,0.05007292747109275,0.08405692385159422,0.20693013707220123,0.088909721718084,ACQ2
485,USA,IRN,Nego,5.22,1.81,1,1,0.14723297843409736,0.14243548898238687,0.15338595851984047,0.036971299880165315,0.08176589012951087,0.0846454727720647,0.20837901841601156,0.14518389286592265,WAR1,0.12675440203648317,0.09539706485713863,0.2506847759471568,0.09719404704624919,0.05007292747109275,0.08405692385159422,0.20693013707220123,0.088909721718084,ACQ2
485,USA,IRN,Nego,5.22,1.82,1,1,0.14755881804164228,0.1434515419476989,0.1498405316152287,0.03716693037556724,0.08264667672913557,0.08451929179001666,0.20806838787286658,0.14674782162784406,WAR1,0.12675440203648317,0.09539706485713863,0.2506847759471568,0.09719404704624919,0.05007292747109275,0.08405692385159422,0.20693013707220123,0.088909721718084,ACQ2
485,USA,IRN,Nego,5.22,1.83,1,1,0.14784392091255527,0.14444590202060367,0.14632583731192045,0.03737909924230512,0.08353316576254682,0.08439291754204913,0.2077572815504358,0.1483218756575836,WAR1,0.12675440203648317,0.09539706485713863,0.2506847759471568,0.09719404704624919,0.05007292747109275,0.08405692385159422,0.20693013707220123,0.088909721718084,ACQ2
485,USA,IRN,Nego,5.22,1.84,1,1,0.14808729665140355,0.14541725690459656,0.1428439976970578,0.03760868782933864,0.08442494212432479,0.08426648043032843,0.20744602047091346,0.14990531789203684,WAR1,0.12675440203648317,0.09539706485713863,0.2506847759471568,0.09719404704624919,0.05007292747109275,0.08405692385159422,0.20693013707220123,0.088909721718084,ACQ2
485,USA,IRN,Nego,5.22,1.85,1,1,0.14828802582694933,0.1463642937735131,0.13939708379992188,0.03785660442752108,0.08532157452222297,0.08414011045539622,0.20713492466778002,0.1514973825266954,WAR1,0.12675440203648317,0.09539706485713863,0.2506847759471568,0.09719404704624919,0.05007292747109275,0.08405692385159422,0.20693013707220123,0.088909721718084,ACQ2
485,USA,IRN,Nego,5.22,1.86,1,1,0.14844526492441124,0.1472857016713931,0.13598711155963583,0.038123783579544504,0.08622261555237956,0.08401393639620888,0.20682431116723496,0.15309727514919172,WAR1,0.12675440203648317,0.09539706485713863,0.2506847759471568,0.09719404704624919,0.05007292747109275,0.08405692385159422,0.20693013707220123,0.088909721718084,ACQ2
485,USA,IRN,Nego,5.22,1.87,1,1,0.14855825108689044,0.14818017392288596,0.13261603800079005,0.038411185277949046,0.08712760181481954,0.08388808498800258,0.20651449196427632,0.1547041729443861,WAR1,0.12675440203648317,0.09539706485713863,0.2506847759471568,0.09719404704624919,0.05007292747109275,0.08405692385159422,0.20693013707220123,0.088909721718084,ACQ2
485,USA,IRN,Nego,5.22,1.88,1,1,0.14862630661253132,0.14904641055114706,0.12928575763287672,0.03871979404276977,0.08803605407303136,0.08376268010333406,0.20620577200659856,0.15631722497771114,WAR1,0.12675440203648317,0.09539706485713863,0.2506847759471568,0.09719404704624919,0.05007292747109275,0.08405692385159422,0.20693013707220123,0.088909721718084,ACQ2
485,USA,IRN,Nego,5.22,1.89,1,1,0.1486488431759949,0.14988312070263074,0.12599809908593626,0.039050617869291836,0.08894747746192165,0.08363784194126615,0.2058984471985416,0.15793555256441685,WAR1,0.12675440203648317,0.09539706485713863,0.2506847759471568,0.09719404704624919,0.05007292747109275,0.08405692385159422,0.20693013707220123,0.088909721718084,ACQ2
485,USA,IRN,Nego,5.22,1.9,1,1,0.14862536574520613,0.15068902508084464,0.12275482199111415,0.039404687035297536,0.08986136174898177,0.08351368622916636,0.20559280243608907,0.15955824973330027,WAR1,0.12675440203648317,0.09539706485713863,0.2506847759471568,0.09719404704624919,0.05007292747109275,0.08405692385159422,0.20693013707220123,0.088909721718084,ACQ2
485,USA,IRN,Nego,5.22,1.91,1,1,0.14855547616703946,0.1514628583939105,0.11955761411101218,0.039783052756179084,0.09077718165402517,0.08339032344097926,0.2052891096824233,0.16118438379443129,WAR1,0.12675440203648317,0.09539706485713863,0.2506847759471568,0.09719404704624919,0.05007292747109275,0.08405692385159422,0.20693013707220123,0.088909721718084,ACQ2
485,USA,IRN,Nego,5.22,1.92,1,1,0.14843887639854064,0.15220337182356583,0.11640808872090709,0.040186785675420944,0.0916943972333437,0.08326785803513632,0.20498762609182195,0.16281299602126345,WAR1,0.12675440203648317,0.09539706485713863,0.2506847759471568,0.09719404704624919,0.05007292747109275,0.08405692385159422,0.20693013707220123,0.088909721718084,ACQ2
485,USA,IRN,Nego,5.22,1.93,1,1,0.1482753713633571,0.15290933552593167,0.11330778223821054,0.040616974177313594,0.09261245433457167,0.08314638771450701,0.2046885921878166,0.16444310245829197,WAR1,0.12675440203648317,0.09539706485713863,0.2506847759471568,0.09719404704624919,0.05007292747109275,0.08405692385159422,0.20693013707220123,0.088909721718084,ACQ2
485,USA,IRN,Nego,5.22,1.94,1,1,0.14806487141616448,0.15357954117680536,0.1102581520941102,0.04107472250841762,0.09353078512889396,0.08302600270999741,0.20439223009956564,0.16607369486604528,WAR1,0.12675440203648317,0.09539706485713863,0.2506847759471568,0.09719404704624919,0.05007292747109275,0.08405692385159422,0.20693013707220123,0.088909721718084,ACQ2
485,USA,IRN,Nego,5.22,1.95,1,1,0.14780739440093568,0.15421280457629924,0.1072605748382669,0.041561148694353664,0.09444880872747435,0.08290678508860896,0.20409874185844362,0.16770374181561767,WAR1,0.12675440203648317,0.09539706485713863,0.2506847759471568,0.09719404704624919,0.05007292747109275,0.08405692385159422,0.20693013707220123,0.088909721718084,ACQ2
485,USA,IRN,Nego,5.22,1.96,1,1,0.14750306729178758,0.15480796832915605,0.10431634446488128,0.04207738223902584,0.0953659318890673,0.0827888080860066,0.20380830775496664,0.16933218994510865,WAR1,0.12675440203648317,0.09539706485713863,0.2506847759471568,0.09719404704624919,0.05007292747109275,0.08405692385159422,0.20693013707220123,0.088909721718084,ACQ2
485,USA,IRN,Nego,5.22,1.97,1,1,0.14715212740778313,0.15536390461790947,0.10142667094651239,0.04262456159448022,0.09628154982568692,0.08267213546296212,0.20352108475449382,0.17095796539017183,WAR1,0.12675440203648317,0.09539706485713863,0.2506847759471568,0.09719404704624919,0.05007292747109275,0.08405692385159422,0.20693013707220123,0.088909721718084,ACQ2
485,USA,IRN,Nego,5.22,1.98,1,1,0.14675492319536687,0.15587951808605655,0.09859267896079041,0.04320383139132704,0.09719504711290645,0.08255682088446743,0.2032372049687376,0.17257997540034767,WAR1,0.12675440203648317,0.09539706485713863,0.2506847759471568,0.09719404704624919,0.05007292747109275,0.08405692385159422,0.20693013707220123,0.088909721718084,ACQ2
485,USA,IRN,Nego,5.22,1.99,1,1,0.1463119145740215,0.15635374884747225,0.09581540679474049,0.04381633942207101,0.09810579871082362,0.08244290731989404,0.2029567741790838,0.174197110151893,WAR1,0.12675440203648317,0.09539706485713863,0.2506847759471568,0.09719404704624919,0.05007292747109275,0.08405692385159422,0.20693013707220123,0.088909721718084,ACQ2
485,USA,IRN,Nego,5.23,1.5,1,1,0.12359917457329253,0.10733599999025623,0.26354916818758256,0.03589610043190194,0.05934103013205814,0.08807948881954024,0.2168328301765613,0.10536620768880695,ACQ2,0.12675440203648317,0.09539706485713863,0.2506847759471568,0.09719404704624919,0.05007292747109275,0.08405692385159422,0.20693013707220123,0.088909721718084,ACQ2
485,USA,IRN,Nego,5.23,1.51,1,1,0.1245444123476783,0.10848093143309036,0.2601290263161433,0.03586896790090259,0.05993411706836422,0.08799598577207064,0.21662726356447198,0.10641929559727903,ACQ2,0.12675440203648317,0.09539706485713863,0.2506847759471568,0.09719404704624919,0.05007292747109275,0.08405692385159422,0.20693013707220123,0.088909721718084,ACQ2
485,USA,IRN,Nego,5.23,1.52,1,1,0.1254878760845822,0.10963440608144846,0.25667338862528966,0.03584460394695016,0.06053861311353236,0.08791083354656305,0.21641763702939437,0.1074926415722394,ACQ2,0.12675440203648317,0.09539706485713863,0.2506847759471568,0.09719404704624919,0.05007292747109275,0.08405692385159422,0.20693013707220123,0.088909721718084,ACQ2
485,USA,IRN,Nego,5.23,1.53,1,1,0.12642854460033995,0.11079587156092684,0.25318398465223935,0.03582313326091591,0.061154499226279725,0.08782396633335651,0.2162037885620432,0.10858621180389828,ACQ2,0.12675440203648317,0.09539706485713863,0.2506847759471568,0.09719404704624919,0.05007292747109275,0.08405692385159422,0.20693013707220123,0.088909721718084,ACQ2
485,USA,IRN,Nego,5.23,1.54,1,1,0.1273653592703598,0.11196474271295523,0.24966259791954076,0.035804697372558196,0.06178174807332532,0.08773532479811331,0.21598557209399183,0.1096999577591554,ACQ2,0.12675440203648317,0.09539706485713863,0.2506847759471568,0.09719404704624919,0.05007292747109275,0.08405692385159422,0.20693013707220123,0.088909721718084,ACQ2
485,USA,IRN,Nego,5.23,1.55,1,1,0.12829722446173644,0.11314040099272085,0.24611106524508253,0.035789455460924255,0.062420323602514885,0.08764485643825111,0.215762858375131,0.1108338154236388,ACQ2,0.12675440203648317,0.09539706485713863,0.2506847759471568,0.09719404704624919,0.05007292747109275,0.08405692385159422,0.20693013707220123,0.088909721718084,ACQ2
485,USA,IRN,Nego,5.23,1.56,1,1,0.12922300815543095,0.11432219394201901,0.24253127584244707,0.035777585169028035,0.06307018061477566,0.08755251592323555,0.21553553581139767,0.11198770454166584,ACQ2,0.12675440203648317,0.09539706485713863,0.2506847759471568,0.09719404704624919,0.05007292747109275,0.08405692385159422,0.20693013707220123,0.088909721718084,ACQ2
485,USA,IRN,Nego,5.23,1.57,1,1,0.13014154277033632,0.11550943474478957,0.238925170202608,0.03576928341941383,0.06373126433611558,0.08745826541554166,0.21530351125491198,0.11316152785628272,ACQ2,0.12675440203648317,0.09539706485713863,0.2506847759471568,0.09719404704624919,0.05007292747109275,0.08405692385159422,0.20693013707220123,0.088909721718084,ACQ2
485,USA,IRN,Nego,5.23,1.58,1,1,0.13105162620115238,0.11670140187308566,0.23529473874882068,0.035764767226989395,0.06440350999094134,0.08736207486897747,0.2150667107383867,0.11435517035164623,ACQ2,0.12675440203648317,0.09539706485713863,0.2506847759471568,0.09719404704624919,0.05007292747109275,0.08405692385159422,0.20693013707220123,0.088909721718084,ACQ2
485,USA,IRN,Nego,5.23,1.59,1,1,0.13195202308141155,0.11789733883113401,0.23164202025759595,0.03576427450529995,0.06508684237801837,0.08726392230098066,0.21482508014546342,0.11556849850009618,ACQ2,0.12675440203648317,0.09539706485713863,0.2506847759471568,0.09719404704624919,0.05007292747109275,0.08405692385159422,0.20693013707220123,0.088909721718084,ACQ2
485,USA,IRN,Nego,5.23,1.6,1,1,0.13284146628224694,0.11909645400495576,0.2279691000398278,0.035768064862226744,0.06578117545043932,0.08716379403544897,0.21457858580850844,0.1168013595163459,ACQ2,0.12675440203648317,0.09539706485713863,0.2506847759471568,0.09719404704624919,0.05007292747109275,0.08405692385159422,0.20693013707220123,0.088909721718084,ACQ2
485,USA,IRN,Nego,5.23,1.61,1,1,0.13371865865654328,0.12029792062473299,0.22427810787751606,0.035776420380930415,0.06648641190100155,0.08706168491264532,0.21432721502535448,0.11805358062127604,ACQ2,0.12675440203648317,0.09539706485713863,0.2506847759471568,0.09719404704624919,0.05007292747109275,0.08405692385159422,0.20693013707220123,0.088909721718084,ACQ2
485,USA,IRN,Nego,5.23,1.62,1,1,0.13458227503695186,0.12150087684670892,0.2205712157130527,0.03578964638172609,0.06720244275441598,0.08695759846274592,0.21407097648653933,0.11932496831785902,ACQ2,0.12675440203648317,0.09539706485713863,0.2506847759471568,0.09719404704624919,0.05007292747109275,0.08405692385159422,0.20693013707220123,0.088909721718084,ACQ2
485,USA,IRN,Nego,5.23,1.63,1,1,0.13543096449489903,0.1227044259609074,0.2168506350897359,0.03580807216047605,0.06792914696778705,0.08685154703966724,0.21380990060475802,0.12061530768176942,ACQ2,0.12675440203648317,0.09539706485713863,0.2506847759471568,0.09719404704624919,0.05007292747109275,0.08405692385159422,0.20693013707220123,0.088909721718084,ACQ2
485,USA,IRN,Nego,5.23,1.64,1,1,0.13626335286612515,0.1239076367303283,0.2131186143440307,0.03583205169902146,0.06866639104080212,0.08674355191192301,0.21354403973853478,0.12192436166923437,WAR1,0.12675440203648317,0.09539706485713863,0.2506847759471568,0.09719404704624919,0.05007292747109275,0.08405692385159422,0.20693013707220123,0.088909721718084,ACQ2
485,USA,IRN,Nego,5.23,1.65,1,1,0.13707804554650962,0.1251095438665398,0.20937743555209962,0.0358619643431458,0.06941402863706438,0.08663364330743456,0.21327346830253552,0.12325187044467054,WAR1,0.12675440203648317,0.09539706485713863,0.2506847759471568,0.09719404704624919,0.05007292747109275,0.08405692385159422,0.20693013707220123,0.088909721718084,ACQ2
485,USA,IRN,Nego,5.23,1.66,1,1,0.1378736305599216,0.12630914864573037,0.20562941123525436,0.03589821544357534,0.07017190021798199,0.08652186040943506,0.2129982827574852,0.12459755073061607,WAR1,0.12675440203648317,0.09539706485713863,0.2506847759471568,0.09719404704624919,0.05007292747109275,0.08405692385159422,0.20693013707220123,0.088909721718084,ACQ2
485,USA,IRN,Nego,5.23,1.67,1,1,0.13864868189763294,0.12750541966831277,0.20187688083123465,0.035941236955570645,0.07093983269059967,0.08640825130088951,0.2127186014733414,0.12596109518241855,WAR1,0.12675440203648317,0.09539706485713863,0.2506847759471568,0.09719404704624919,0.05007292747109275,0.08405692385159422,0.20693013707220123,0.088909721718084,ACQ2
485,USA,IRN,Nego,5.23,1.68,1,1,0.13940176312642055,0.1286972937641027,0.19812220694055183,0.03599148799275061,0.07171763907072026,0.08629287285518449,0.21243456446019693,0.1273421717900724,WAR1,0.12675440203648317,0.09539706485713863,0.2506847759471568,0.09719404704624919,0.05007292747109275,0.08405692385159422,0.20693013707220123,0.088909721718084,ACQ2
485,USA,IRN,Nego,5.23,1.69,1,1,0.1401314312599154,0.12988367704392478,0.19436777135953356,0.03604945533091214,0.07250511816261951,0.08617579057123323,0.21214633296234275,0.12874042330951854,WAR1,0.12675440203648317,0.09539706485713863,0.2506847759471568,0.09719404704624919,0.05007292747109275,0.08405692385159422,0.20693013707220123,0.088909721718084,ACQ2
485,USA,IRN,Nego,5.23,1.7,1,1,0.14083624088501923,0.13106344609725384,0.19061597091412774,0.036115653857758466,0.07330205425660707,0.08605707835158347,0.21185408891201754,0.13015546672563263,WAR1,0.12675440203648317,0.09539706485713863,0.2506847759471568,0.09719404704624919,0.05007292747109275,0.08405692385159422,0.20693013707220123,0.088909721718084,ACQ2
485,USA,IRN,Nego,5.23,1.71,1,1,0.14151474853237006,0.1322354493341974,0.18686921311093865,0.036190626964624745,0.07410821684563516,0.08593681822261237,0.21155803424058736,0.13158689274903415,WAR1,0.12675440203648317,0.09539706485713863,0.2506847759471568,0.09719404704624919,0.05007292747109275,0.08405692385159422,0.20693013707220123,0.088909721718084,ACQ2
485,USA,IRN,Nego,5.23,1.72,1,1,0.1421655172768946,0.1333985084687815,0.18312991162432316,0.036274946876476755,0.07492336036210381,0.0858150999964327,0.21125839004623145,0.13303426534875615,WAR1,0.12675440203648317,0.09539706485713863,0.2506847759471568,0.09719404704624919,0.05007292747109275,0.08405692385159422,0.20693013707220123,0.088909721718084,ACQ2
485,USA,IRN,Nego,5.23,1.73,1,1,0.14278712155150888,0.1345514201391523,0.17940048164063518,0.03636921491665327,0.0757472239359649,0.08569202087471477,0.2109553956186365,0.1344971213227342,WAR1,0.12675440203648317,0.09539706485713863,0.2506847759471568,0.09719404704624919,0.05007292747109275,0.08405692385159422,0.20693013707220123,0.088909721718084,ACQ2
485,USA,IRN,Nego,5.23,1.74,1,1,0.14337815215404418,0.1356929576589848,0.17568333508281908,0.03647406170300747,0.0765795311751909,0.08556768499524005,0.2106493073227083,0.13597496990800514,WAR1,0.12675440203648317,0.09539706485713863,0.2506847759471568,0.09719404704624919,0.05007292747109275,0.08405692385159422,0.20693013707220123,0.088909721718084,ACQ2
485,USA,IRN,Nego,5.23,1.75,1,1,0.14393722142454085,0.1368218728931141,0.17198087574046025,0.03659014727226849,0.07741998996964802,0.08544220292263523,0.21034039734486923,0.1374672924324638,WAR1,0.12675440203648317,0.09539706485713863,0.2506847759471568,0.09719404704624919,0.05007292747109275,0.08405692385159422,0.20693013707220123,0.088909721718084,ACQ2
485,USA,IRN,Nego,5.23,1.76,1,1,0.14446296856723082,0.13793689824923688,0.16829549433206822,0.03671816112957205,0.07826829231941221,0.08531569108537684,0.2100289523070832,0.1389735420100199,WAR1,0.12675440203648317,0.09539706485713863,0.2506847759471568,0.09719404704624919,0.05007292747109275,0.08405692385159422,0.20693013707220123,0.088909721718084,ACQ2
485,USA,IRN,Nego,5.23,1.77,1,1,0.14495406508885178,0.13903674877649413,0.16462956352772576,0.03685882222018554,0.07912411418858502,0.08518827116179524,0.20971527175532972,0.14049314328103277,WAR1,0.12675440203648317,0.09539706485713863,0.2506847759471568,0.09719404704624919,0.05007292747109275,0.08405692385159422,0.20693013707220123,0.088909721718084,ACQ2
485,USA,IRN,Nego,5.23,1.78,1,1,0.14540922032249295,0.1401201243608831,0.16098543296124831,0.03701287882046338,0.0799871153857184,0.08506006941842849,0.2093996665307724,0.14202549219999291,WAR1,0.12675440203648317,0.09539706485713863,0.2506847759471568,0.09719404704624919,0.05007292747109275,0.08405692385159422,0.20693013707220123,0.088909721718084,ACQ2
485,USA,IRN,Nego,5.23,1.79,1,1,0.14582718700398936,0.14118571200681293,0.15736542426162062,0.03718110834498936,0.08085693947204523,0.0849312160046594,0.2090824570333069,0.14356995587257643,WAR1,0.12675440203648317,0.09539706485713863,0.2506847759471568,0.09719404704624919,0.05007292747109275,0.08405692385159422,0.20693013707220123,0.088909721718084,ACQ2
485,USA,IRN,Nego,5.23,1.8,1,1,0.146206766866041,0.14223218819372585,0.1537718261336581,0.03736431706669376,0.08173321369884064,0.08480184420811201,0.2087639713885064,0.14512587244442224,WAR1,0.12675440203648317,0.09539706485713863,0.2506847759471568,0.09719404704624919,0.05007292747109275,0.08405692385159422,0.20693013707220123,0.088909721718084,ACQ2
485,USA,IRN,Nego,5.23,1.81,1,1,0.14654681621376225,0.14325822129662863,0.15020688951756545,0.03756333974644539,0.08261554897541304,0.08467208967575135,0.2084445435301358,0.1466925510442982,WAR1,0.12675440203648317,0.09539706485713863,0.2506847759471568,0.09719404704624919,0.05007292747109275,0.08405692385159422,0.20693013707220123,0.088909721718084,ACQ2
485,USA,IRN,Nego,5.23,1.82,1,1,0.14684625144432806,0.14426247405960413,0.14667282285630062,0.03777903916821768,0.0835035398694478,0.08454208960602165,0.2081245112113698,0.14826927178471022,WAR1,0.12675440203648317,0.09539706485713863,0.2506847759471568,0.09719404704624919,0.05007292747109275,0.08405692385159422,0.20693013707220123,0.088909721718084,ACQ2
485,USA,IRN,Nego,5.23,1.83,1,1,0.14710405447280533,0.14524360611196108,0.143171787498395,0.03801230557540179,0.08439676464169847,0.08441198191765646,0.2078042139585809,0.14985528582350108,WAR1,0.12675440203648317,0.09539706485713863,0.2506847759471568,0.09719404704624919,0.05007292747109275,0.08405692385159422,0.20693013707220123,0.088909721718084,ACQ2
485,USA,IRN,Nego,5.23,1.84,1,1,0.14731927802615916,0.1462002765176213,0.13970589326213065,0.03826405600319097,0.08529478531734798,0.08428190440097606,0.2074839909820155,0.1514498154905587,WAR1,0.12675440203648317,0.09539706485713863,0.2506847759471568,0.09719404704624919,0.05007292747109275,0.08405692385159422,0.20693013707220123,0.088909721718084,ACQ2
485,USA,IRN,Nego,5.23,1.85,1,1,0.1474910507678371,0.1471311463496465,0.13627719418475376,0.038535233501202665,0.08619714779673156,0.08415199385755966,0.20716417905785145,0.15305205448441725,WAR1,0.12675440203648317,0.09539706485713863,0.2506847759471568,0.09719404704624919,0.05007292747109275,0.08405692385159422,0.20693013707220123,0.088909721718084,ACQ2
485,USA,IRN,Nego,5.23,1.86,1,1,0.14761858221623572,0.14803488128345998,0.132887684477741,0.03882680623964697,0.08710338200853472,0.08402238523412085,0.2068451103959851,0.15466116814427547,WAR1,0.12675440203648317,0.09539706485713863,0.2506847759471568,0.09719404704624919,0.05007292747109275,0.08405692385159422,0.20693013707220123,0.088909721718084,ACQ2
485,USA,IRN,Nego,5.23,1.87,1,1,0.14770116742174685,0.14891015420429124,0.12953929470608774,0.03913976649142609,0.08801300210902738,0.08389321075622763,0.206527110507435,0.15627629380375815,WAR1,0.12675440203648317,0.09539706485713863,0.2506847759471568,0.09719404704624919,0.05007292747109275,0.08405692385159422,0.20693013707220123,0.088909721718084,ACQ2
485,USA,IRN,Nego,5.23,1.88,1,1,0.1477381913689198,0.14975564782661555,0.12623388820621215,0.03947512948159218,0.08892550673137876,0.08376459906719662,0.20621049608448444,0.15789654123360075,WAR1,0.12675440203648317,0.09539706485713863,0.2506847759471568,0.09719404704624919,0.05007292747109275,0.08405692385159422,0.20693013707220123,0.088909721718084,ACQ2
485,USA,IRN,Nego,5.23,1.89,1,1,0.1477291330725267,0.15057005732581927,0.1229732577534635,0.03983393209464331,0.08984037928958234,0.08363667437705574,0.2058955729056097,0.15952099318129934,WAR1,0.12675440203648317,0.09539706485713863,0.2506847759471568,0.09719404704624919,0.05007292747109275,0.08405692385159422,0.20693013707220123,0.088909721718084,ACQ2
485,USA,IRN,Nego,5.23,1.9,1,1,0.14767356933890446,0.15135209298490704,0.1197591224864696,0.04021723142926331,0.09075708834200104,0.08350955562592562,0.20558263377590466,0.16114870601662434,WAR1,0.12675440203648317,0.09539706485713863,0.2506847759471568,0.09719404704624919,0.05007292747109275,0.08405692385159422,0.20693013707220123,0.088909721718084,ACQ2
485,USA,IRN,Nego,5.23,1.91,1,1,0.14757117816680157,0.1521004828616747,0.11659312509178002,0.04062610318936642,0.09167508801999752,0.0833833556655353,0.20527195651214733,0.1627787104926973,WAR1,0.12675440203648317,0.09539706485713863,0.2506847759471568,0.09719404704624919,0.05007292747109275,0.08405692385159422,0.20693013707220123,0.088909721718084,ACQ2
485,USA,IRN,Nego,5.23,1.92,1,1,0.14742174176499806,0.15281397548430425,0.11347682924856708,0.041061639899777444,0.09259381852750806,0.08325818046188399,0.20496380197992403,0.16441001263303714,WAR1,0.12675440203648317,0.09539706485713863,0.2506847759471568,0.09719404704624919,0.05007292747109275,0.08405692385159422,0.20693013707220123,0.088909721718084,ACQ2
485,USA,IRN,Nego,5.23,1.93,1,1,0.14722514916708057,0.15349134258563893,0.11041171732967454,0.04152494893462666,0.09351270671773701,0.08313412832131384,0.20465841218838704,0.16604159475554148,WAR1,0.12675440203648317,0.09539706485713863,0.2506847759471568,0.09719404704624919,0.05007292747109275,0.08405692385159422,0.20693013707220123,0.088909721718084,ACQ2
485,USA,IRN,Nego,5.23,1.94,1,1,0.1469813984268658,0.15413138188835349,0.10739918835216038,0.042017150346665075,0.09443116675335285,0.083011289141505,0.20435600844636392,0.1676724166447336,WAR1,0.12675440203648317,0.09539706485713863,0.2506847759471568,0.09719404704624919,0.05007292747109275,0.08405692385159422,0.20693013707220123,0.088909721718084,ACQ2
485,USA,IRN,Nego,5.23,1.95,1,1,0.14669059838095735,0.15473291995468255,0.10444055616781296,0.04253937448627627,0.09534860085662854,0.08288974368817657,0.2040567895817507,0.16930141688371522,WAR1,0.12675440203648317,0.09539706485713863,0.2506847759471568,0.09719404704624919,0.05007292747109275,0.08405692385159422,0.20693013707220123,0.088909721718084,ACQ2
485,USA,IRN,Nego,5.23,1.96,1,1,0.14635296996771616,0.15529481511518686,0.10153704788201683,0.04309275940006367,0.0962644001558603,0.08276956289761012,0.20376093022447433,0.17092751435707176,WAR1,0.12675440203648317,0.09539706485713863,0.2506847759471568,0.09719404704624919,0.05007292747109275,0.08405692385159422,0.20693013707220123,0.088909721718084,ACQ2
485,USA,IRN,Nego,5.23,1.97,1,1,0.14596884709443408,0.15581596049106766,0.09868980248791744,0.043678448000587594,0.09717794563408566,0.08265080720455295,0.20346857915193434,0.17254960993542046,WAR1,0.12675440203648317,0.09539706485713863,0.2506847759471568,0.09719404704624919,0.05007292747109275,0.08405692385159422,0.20693013707220123,0.088909721718084,ACQ2
485,USA,IRN,Nego,5.23,1.98,1,1,0.14553867704667026,0.156295287123685,0.0958998697021559,0.04429758500116773,0.09808860918558134,0.08253352589462928,0.2031798576947781,0.1741665883513324,WAR1,0.12675440203648317,0.09539706485713863,0.2506847759471568,0.09719404704624919,0.05007292747109275,0.08405692385159422,0.20693013707220123,0.088909721718084,ACQ2
485,USA,IRN,Nego,5.23,1.99,1,1,0.1450630204354982,0.15673176722309,0.09316820898855491,0.04495131361269218,0.09899575478483012,0.08241775648013577,0.20289485820024256,0.17577732027495627,WAR1,0.12675440203648317,0.09539706485713863,0.2506847759471568,0.09719404704624919,0.05007292747109275,0.08405692385159422,0.20693013707220123,0.088909721718084,ACQ2
485,USA,IRN,Nego,5.24,1.5,1,1,0.12326400053384848,0.10804432097438714,0.2609858818189734,0.036191275884563466,0.05985756459594377,0.088212734651858,0.21716085286740466,0.10628336867302107,ACQ2,0.12675440203648317,0.09539706485713863,0.2506847759471568,0.09719404704624919,0.05007292747109275,0.08405692385159422,0.20693013707220123,0.088909721718084,ACQ2
485,USA,IRN,Nego,5.24,1.51,1,1,0.12421034404225101,0.10920170014911504,0.2575205348100058,0.03616915348044431,0.06046295556872365,0.08812706232056136,0.21694994594330874,0.10735830368558996,ACQ2,0.12675440203648317,0.09539706485713863,0.2506847759471568,0.09719404704624919,0.05007292747109275,0.08405692385159422,0.20693013707220123,0.088909721718084,ACQ2
485,USA,IRN,Nego,5.24,1.52,1,1,0.12515433935144563,0.11036739025523493,0.254020854032148,0.0361499258259637,0.06107978878976785,0.08803957506753939,0.21673457107077748,0.10845355560712329,ACQ2,0.12675440203648317,0.09539706485713863,0.2506847759471568,0.09719404704624919,0.05007292747109275,0.08405692385159422,0.20693013707220123,0.088909721718084,ACQ2
485,USA,IRN,Nego,5.24,1.53,1,1,0.12609493401571037,0.11154080734808973,0.25048862542142436,0.036133734309884084,0.0617080367888163,0.08795021087629441,0.21651457557848092,0.10956907566129995,ACQ2,0.12675440203648317,0.09539706485713863,0.2506847759471568,0.09719404704624919,0.05007292747109275,0.08405692385159422,0.20693013707220123,0.088909721718084,ACQ2
485,USA,IRN,Nego,5.24,1.54,1,1,0.12703103773332272,0.11272133332691375,0.2469256895777257,0.036120738182038675,0.06234766321682853,0.08785891470105393,0.21628982395552077,0.11070479930659571,ACQ2,0.12675440203648317,0.09539706485713863,0.2506847759471568,0.09719404704624919,0.05007292747109275,0.08405692385159422,0.20693013707220123,0.088909721718084,ACQ2
485,USA,IRN,Nego,5.24,1.55,1,1,0.1279615229026661,0.11390831535385923,0.2433339409285395,0.036111115388148235,0.06299862240651075,0.08776563882673581,0.21606019873758803,0.11186064545595234,ACQ2,0.12675440203648317,0.09539706485713863,0.2506847759471568,0.09719404704624919,0.05007292747109275,0.08405692385159422,0.20693013707220123,0.088909721718084,ACQ2
485,USA,IRN,Nego,5.24,1.56,1,1,0.12888522538070493,0.11510106535603326,0.23971532667079853,0.036105063405819024,0.06366085893288209,0.08767034321019818,0.21582560134704667,0.1130365156965173,ACQ2,0.12675440203648317,0.09539706485713863,0.2506847759471568,0.09719404704624919,0.05007292747109275,0.08405692385159422,0.20693013707220123,0.088909721718084,ACQ2
485,USA,IRN,Nego,5.24,1.57,1,1,0.12980094545629434,0.11629885961873239,0.23607184548201474,0.03610280007793496,0.06433430717523705,0.08757299579936687,0.21558595287855742,0.11423229351186232,ACQ2,0.12675440203648317,0.09539706485713863,0.2506847759471568,0.09719404704624919,0.05007292747109275,0.08405692385159422,0.20693013707220123,0.088909721718084,ACQ2
485,USA,IRN,Nego,5.24,1.58,1,1,0.13070744905026352,0.11750093847800676,0.2324055459928428,0.03610456443942313,0.06501889088191849,0.08747357282673716,0.21534119482161612,0.1154478435091921,ACQ2,0.12675440203648317,0.09539706485713863,0.2506847759471568,0.09719404704624919,0.05007292747109275,0.08405692385159422,0.20693013707220123,0.088909721718084,ACQ2
485,USA,IRN,Nego,5.24,1.59,1,1,0.1316034691535036,0.11870650612054844,0.22871852501439185,0.03611061753315772,0.06571452273936951,0.08737205907367415,0.2150912897112039,0.11668301065415101,ACQ2,0.12675440203648317,0.09539706485713863,0.2506847759471568,0.09719404704624919,0.05007292747109275,0.08405692385159422,0.20693013707220123,0.088909721718084,ACQ2
485,USA,IRN,Nego,5.24,1.6,1,1,0.13248770751338018,0.11991473049864425,0.225012925514938,0.03612124321058019,0.06642110394697258,0.08726844810190555,0.21483622169767388,0.11793761951590542,ACQ2,0.12675440203648317,0.09539706485713863,0.2506847759471568,0.09719404704624919,0.05007292747109275,0.08405692385159422,0.20693013707220123,0.088909721718084,ACQ2
485,USA,IRN,Nego,5.24,1.61,1,1,0.133358836577678,0.12112474336758562,0.2212909343422103,0.03613674891245285,0.06713852379921784,0.08716274244860683,0.2145759970270088,0.11921147352523959,ACQ2,0.12675440203648317,0.09539706485713863,0.2506847759471568,0.09719404704624919,0.05007292747109275,0.08405692385159422,0.20693013707220123,0.088909721718084,ACQ2
485,USA,IRN,Nego,5.24,1.62,1,1,0.13421550170395558,0.12233564045245113,0.21755477968910442,0.03615746642503863,0.06786665927676376,0.08705495378153022,0.2143106444227145,0.12050435424844172,ACQ2,0.12675440203648317,0.09539706485713863,0.2506847759471568,0.09719404704624919,0.05007292747109275,0.08405692385159422,0.20693013707220123,0.088909721718084,ACQ2
485,USA,IRN,Nego,5.24,1.63,1,1,0.1350563236406314,0.12354648175059035,0.21380672830253855,0.03618375260690957,0.06860537464796439,0.08694510301072957,0.21404021536086343,0.12181602067977301,WAR1,0.12675440203648317,0.09539706485713863,0.2506847759471568,0.09719404704624919,0.05007292747109275,0.08405692385159422,0.20693013707220123,0.088909721718084,ACQ2
485,USA,IRN,Nego,5.24,1.64,1,1,0.13587990128435937,0.12475629197542323,0.21004908243717632,0.036215990081536094,0.06935452108243494,0.08683322035358497,0.21376478423017137,0.12314620855531364,WAR1,0.12675440203648317,0.09539706485713863,0.2506847759471568,0.09719404704624919,0.05007292747109275,0.08405692385159422,0.20693013707220123,0.088909721718084,ACQ2
485,USA,IRN,Nego,5.24,1.65,1,1,0.13668481471624436,0.1259640611463372,0.20628417655789985,0.0362545878907992,0.07011393627821698,0.08671934535003985,0.21348444836950764,0.12449462969095511,WAR1,0.12675440203648317,0.09539706485713863,0.2506847759471568,0.09719404704624919,0.05007292747109275,0.08405692385159422,0.20693013707220123,0.088909721718084,ACQ2
485,USA,IRN,Nego,5.24,1.66,1,1,0.13746962851724773,0.127168745328509,0.2025143737971924,0.03629998210459825,0.07088344410407811,0.08660352682522494,0.213199327975883,0.1258609713472663,WAR1,0.12675440203648317,0.09539706485713863,0.2506847759471568,0.09719404704624919,0.05007292747109275,0.08405692385159422,0.20693013707220123,0.088909721718084,ACQ2
485,USA,IRN,Nego,5.24,1.67,1,1,0.13823289536071715,0.1283692675254158,0.19874206217598245,0.03635263638179963,0.07166285425845055,0.0864858227969694,0.21290956587676219,0.1272448956239028,WAR1,0.12675440203648317,0.09539706485713863,0.2506847759471568,0.09719404704624919,0.05007292747109275,0.08405692385159422,0.20693013707220123,0.088909721718084,ACQ2
485,USA,IRN,Nego,5.24,1.68,1,1,0.13897315987737321,0.1295645187256312,0.1949696505989468,0.03641304247788053,0.07245196194646633,0.08636630032607669,0.21261532716147563,0.12864603888614937,WAR1,0.12675440203648317,0.09539706485713863,0.2506847759471568,0.09719404704624919,0.05007292747109275,0.08405692385159422,0.20693013707220123,0.088909721718084,ACQ2
485,USA,IRN,Nego,5.24,1.69,1,1,0.1396889627853269,0.13075335910424943,0.19119956463777718,0.03648172069476691,0.07325054757650186,0.08624503530768418,0.21231679866759054,0.13006401122610306,WAR1,0.12675440203648317,0.09539706485713863,0.2506847759471568,0.09719404704624919,0.05007292747109275,0.08405692385159422,0.20693013707220123,0.088909721718084,ACQ2
485,USA,IRN,Nego,5.24,1.7,1,1,0.14037884527479672,0.13193461937795042,0.1874342421184087,0.03655922026853745,0.07405837647758609,0.0861221122025127,0.2120141883193057,0.1314983959609019,WAR1,0.12675440203648317,0.09539706485713863,0.2506847759471568,0.09719404704624919,0.05007292747109275,0.08405692385159422,0.20693013707220123,0.088909721718084,ACQ2
485,USA,IRN,Nego,5.24,1.71,1,1,0.14104135363419742,0.1331071023113522,0.18367612853067367,0.03664611969086019,0.0748751986389758,0.08599762370735733,0.21170772431627033,0.1329487491703133,WAR1,0.12675440203648317,0.09539706485713863,0.2506847759471568,0.09719404704624919,0.05007292747109275,0.08405692385159422,0.20693013707220123,0.088909721718084,ACQ2
485,USA,IRN,Nego,5.24,1.72,1,1,0.14167504410120366,0.13426958437089545,0.17992767228121512,0.03674302696023387,0.07570074847314465,0.08587167036475139,0.21139765417265938,0.13441459927589652,WAR1,0.12675440203648317,0.09539706485713863,0.2506847759471568,0.09719404704624919,0.05007292747109275,0.08405692385159422,0.20693013707220123,0.088909721718084,ACQ2
485,USA,IRN,Nego,5.24,1.73,1,1,0.14227848791931696,0.13542081752112498,0.17619131981274425,0.03685057975931431,0.07653474460339027,0.08574436011235821,0.2110842436078744,0.1358954466638769,WAR1,0.12675440203648317,0.09539706485713863,0.2506847759471568,0.09719404704624919,0.05007292747109275,0.08405692385159422,0.20693013707220123,0.088909721718084,ACQ2
485,USA,IRN,Nego,5.24,1.74,1,1,0.14285027657741128,0.1365595311568877,0.17246951061477084,0.03696944555479899,0.07737688967722614,0.08561580777328863,0.21076777529181304,0.1373907633538033,WAR1,0.12675440203648317,0.09539706485713863,0.2506847759471568,0.09719404704624919,0.05007292747109275,0.08405692385159422,0.20693013707220123,0.088909721718084,ACQ2
485,USA,IRN,Nego,5.24,1.75,1,1,0.14338902720677624,0.13768443416370874,0.1687646721527647,0.03710032161651315,0.07822687020670882,0.08548613448920438,0.21044854744929134,0.13889999271503298,WAR1,0.12675440203648317,0.09539706485713863,0.2506847759471568,0.09719404704624919,0.05007292747109275,0.08405692385159422,0.20693013707220123,0.088909721718084,ACQ2
485,USA,IRN,Nego,5.24,1.76,1,1,0.1438933881073575,0.13879421709746462,0.16507921474422643,0.03724393495246561,0.07908435643685377,0.08535546709872571,0.2101268723298168,0.14042254923308933,WAR1,0.12675440203648317,0.09539706485713863,0.2506847759471568,0.09719404704624919,0.05007292747109275,0.08405692385159422,0.20693013707220123,0.088909721718084,ACQ2
485,USA,IRN,Nego,5.24,1.77,1,1,0.1443620443722846,0.13988755447349846,0.16141552641133797,0.03740104215671344,0.07994900224332638,0.08522393746431542,0.2098030745505211,0.14195781832800236,WAR1,0.12675440203648317,0.09539706485713863,0.2506847759471568,0.09719404704624919,0.05007292747109275,0.08405692385159422,0.20693013707220123,0.088909721718084,ACQ2
485,USA,IRN,Nego,5.24,1.78,1,1,0.14479372357741865,0.14096310715454452,0.1577759677406639,0.03757242916686852,0.08082044506065708,0.08509168175142616,0.20947748932157467,0.14350515622684648,WAR1,0.12675440203648317,0.09539706485713863,0.2506847759471568,0.09719404704624919,0.05007292747109275,0.08405692385159422,0.20693013707220123,0.088909721718084,ACQ2
485,USA,IRN,Nego,5.24,1.79,1,1,0.1451872015006232,0.1420195248262998,0.15416286678074775,0.03775891092799255,0.08169830584233401,0.08495883966428024,0.20915046056484074,0.14506388989288144,WAR1,0.12675440203648317,0.09539706485713863,0.2506847759471568,0.09719404704624919,0.05007292747109275,0.08405692385159422,0.20693013707220123,0.088909721718084,ACQ2
485,USA,IRN,Nego,5.24,1.8,1,1,0.1455413078337964,0.14305544854923039,0.1505785140083612,0.03796133095943259,0.08258218905427285,0.08482555364316395,0.2088223389377859,0.1466333170139567,WAR1,0.12675440203648317,0.09539706485713863,0.2506847759471568,0.09719404704624919,0.05007292747109275,0.08405692385159422,0.20693013707220123,0.088909721718084,ACQ2
485,USA,IRN,Nego,5.24,1.81,1,1,0.14585493184945464,0.14406951337525603,0.14702515739359007,0.03818056082085595,0.08347168270335144,0.08469196802856,0.20849347977575344,0.14821270605317818,WAR1,0.12675440203648317,0.09539706485713863,0.2506847759471568,0.09719404704624919,0.05007292747109275,0.08405692385159422,0.20693013707220123,0.088909721718084,ACQ2
485,USA,IRN,Nego,5.24,1.82,1,1,0.14612702798287633,0.1450603510183559,0.14350499759287227,0.038417499473329106,0.0843663584029407,0.08455822819779267,0.20816424096656794,0.1498012963652652,WAR1,0.12675440203648317,0.09539706485713863,0.2506847759471568,0.09719404704624919,0.05007292747109275,0.08405692385159422,0.20693013707220123,0.088909721718084,ACQ2
485,USA,IRN,Nego,5.24,1.83,1,1,0.1463566212905084,0.14602659256887976,0.14002018329753027,0.038673072530763006,0.08526577147764766,0.08442447968010154,0.20783498077203724,0.15139829838253227,WAR1,0.12675440203648317,0.09539706485713863,0.2506847759471568,0.09719404704624919,0.05007292747109275,0.08405692385159422,0.20693013707220123,0.088909721718084,ACQ2
485,USA,IRN,Nego,5.24,1.84,1,1,0.14654281274554312,0.1469668712424521,0.136572806763292,0.03894823139642001,0.08616946110982272,0.08429086725619521,0.2075060556112462,0.15300289387502847,WAR1,0.12675440203648317,0.09539706485713863,0.2506847759471568,0.09719404704624919,0.05007292747109275,0.08405692385159422,0.20693013707220123,0.088909721718084,ACQ2
485,USA,IRN,Nego,5.24,1.85,1,1,0.1466847843322865,0.14787982515579381,0.13316489954378657,0.039243952278457894,0.08707695053075817,0.08415753404833909,0.20717781782054784,0.15461423629003007,WAR1,0.12675440203648317,0.09539706485713863,0.2506847759471568,0.09719404704624919,0.05007292747109275,0.08405692385159422,0.20693013707220123,0.088909721718084,ACQ2
485,USA,IRN,Nego,5.24,1.86,1,1,0.14678180390214224,0.1487641001235515,0.12979842844808898,0.03956123507770427,0.08798774725991652,0.08402462060691394,0.20685061340486632,0.15623145117681622,WAR1,0.12675440203648317,0.09539706485713863,0.2506847759471568,0.09719404704624919,0.05007292747109275,0.08405692385159422,0.20693013707220123,0.088909721718084,ACQ2
485,USA,IRN,Nego,5.24,1.87,1,1,0.14683322975572136,0.14961835247225863,0.12647529173913918,0.039901102140037226,0.08890134339596244,0.08389226399913569,0.20652477979432027,0.1578536367034254,WAR1,0.12675440203648317,0.09539706485713863,0.2506847759471568,0.09719404704624919,0.05007292747109275,0.08405692385159422,0.20693013707220123,0.088909721718084,ACQ2
485,USA,IRN,Nego,5.24,1.88,1,1,0.14683851491768737,0.15044125186980417,0.12319731558633783,0.04026459686494295,0.08981721596381623,0.08376059690525808,0.2062006436192671,0.1594798642728863,WAR1,0.12675440203648317,0.09539706485713863,0.2506847759471568,0.09719404704624919,0.05007292747109275,0.08405692385159422,0.20693013707220123,0.088909721718084,ACQ2
485,USA,IRN,Nego,5.24,1.89,1,1,0.14679721107342986,0.15123148417117946,0.11996625078194151,0.04065278216107722,0.09073482732238661,0.08362974672710216,0.20587851851569397,0.16110917924718945,WAR1,0.12675440203648317,0.09539706485713863,0.2506847759471568,0.09719404704624919,0.05007292747109275,0.08405692385159422,0.20693013707220123,0.088909721718084,ACQ2
485,USA,IRN,Nego,5.24,1.9,1,1,0.14670897213943604,0.15198775428370498,0.11678376972712788,0.041066738739040196,0.09165362563804813,0.08349983471318197,0.2055587029714647,0.162740601787996,WAR1,0.12675440203648317,0.09539706485713863,0.2506847759471568,0.09719404704624919,0.05007292747109275,0.08405692385159422,0.20693013707220123,0.088909721718084,ACQ2
485,USA,IRN,Nego,5.24,1.91,1,1,0.1465735574422268,0.15270878905730997,0.11365146368991305,0.04150756323114752,0.09257304542929112,0.08337097510404932,0.20524147822234157,0.16437312782372068,WAR1,0.12675440203648317,0.09539706485713863,0.2506847759471568,0.09719404704624919,0.05007292747109275,0.08405692385159422,0.20693013707220123,0.088909721718084,ACQ2
485,USA,IRN,Nego,5.24,1.92,1,1,0.14639083448384907,0.15339334020761466,0.1105708403335819,0.04197636612782486,0.0934925081882477,0.08324327430078263,0.2049271062049826,0.1660057301531164,WAR1,0.12675440203648317,0.09539706485713863,0.2506847759471568,0.09719404704624919,0.05007292747109275,0.08405692385159422,0.20693013707220123,0.088909721718084,ACQ2
485,USA,IRN,Nego,5.24,1.93,1,1,0.14616078127507473,0.1540401872814218,0.10754332151108259,0.04247426952044092,0.09441142308497469,0.08311683005883463,0.20461582757236843,0.1676373596958022,WAR1,0.12675440203648317,0.09539706485713863,0.2506847759471568,0.09719404704624919,0.05007292747109275,0.08405692385159422,0.20693013707220123,0.088909721718084,ACQ2
485,USA,IRN,Nego,5.24,1.94,1,1,0.14588348822055308,0.15464814067561602,0.10457024131803559,0.04300240464100456,0.09532918776040966,0.08299173070875486,0.2043078597753865,0.16926694690023952,WAR1,0.12675440203648317,0.09539706485713863,0.2506847759471568,0.09719404704624919,0.05007292747109275,0.08405692385159422,0.20693013707220123,0.088909721718084,ACQ2
485,USA,IRN,Nego,5.24,1.95,1,1,0.14555915954311618,0.15521604472126943,0.10165284439475288,0.04356190919025803,0.09624518921378711,0.08286805440465884,0.20400339521272481,0.1708934033194326,WAR1,0.12675440203648317,0.09539706485713863,0.2506847759471568,0.09719404704624919,0.05007292747109275,0.08405692385159422,0.20693013707220123,0.088909721718084,ACQ2
485,USA,IRN,Nego,5.24,1.96,1,1,0.14518811423714942,0.15574278084482363,0.09879228446602231,0.04415392444736077,0.09715880478998017,0.08274586840075991,0.2037025994498468,0.1725156233640571,WAR1,0.12675440203648317,0.09539706485713863,0.2506847759471568,0.09719404704624919,0.05007292747109275,0.08405692385159422,0.20693013707220123,0.088909721718084,ACQ2
485,USA,IRN,Nego,5.24,1.97,1,1,0.1447707865433803,0.15622727081744908,0.09598962310648766,0.044779592156628654,0.09806940327168936,0.08262522835584607,0.20340560950676378,0.17413248624175504,WAR1,0.12675440203648317,0.09539706485713863,0.2506847759471568,0.09719404704624919,0.05007292747109275,0.08405692385159422,0.20693013707220123,0.088909721718084,ACQ2
485,USA,IRN,Nego,5.24,1.98,1,1,0.14430772593952748,0.15666848010199538,0.09324582871927678,0.04544005118969789,0.09897634608062025,0.08250617766530567,0.20311253221362435,0.17574285808995216,WAR1,0.12675440203648317,0.09539706485713863,0.2506847759471568,0.09719404704624919,0.05007292747109275,0.08405692385159422,0.20693013707220123,0.088909721718084,ACQ2
485,USA,IRN,Nego,5.24,1.99,1,1,0.14379959664301242,0.1570654213042592,0.09056177571612316,0.04613643398503112,0.09987898859075375,0.08238874682020758,0.20282344263290683,0.17734559430770597,WAR1,0.12675440203648317,0.09539706485713863,0.2506847759471568,0.09719404704624919,0.05007292747109275,0.08405692385159422,0.20693013707220123,0.088909721718084,ACQ2
485,USA,IRN,Nego,5.25,1.5,1,1,0.12294585591543052,0.10876470906178345,0.25836652736412064,0.03649378410026893,0.06038568972874038,0.08834236029613692,0.21747996343093262,0.10722111010258661,ACQ2,0.12675440203648317,0.09539706485713863,0.2506847759471568,0.09719404704624919,0.05007292747109275,0.08405692385159422,0.20693013707220123,0.088909721718084,ACQ2
485,USA,IRN,Nego,5.25,1.51,1,1,0.12389294591958373,0.10993441150630325,0.25485685673045544,0.03647686836894796,0.06100343525608559,0.08825430648514601,0.21726319381406867,0.10831798191940945,ACQ2,0.12675440203648317,0.09539706485713863,0.2506847759471568,0.09719404704624919,0.05007292747109275,0.08405692385159422,0.20693013707220123,0.088909721718084,ACQ2
485,USA,IRN,Nego,5.25,1.52,1,1,0.12483708488662437,0.11111216149318691,0.25131407317571747,0.036462990315337195,0.06163264799182187,0.08816427401370022,0.21704155315909873,0.1094352149645132,ACQ2,0.12675440203648317,0.09539706485713863,0.2506847759471568,0.09719404704624919,0.05007292747109275,0.08405692385159422,0.20693013707220123,0.088909721718084,ACQ2
485,USA,IRN,Nego,5.25,1.53,1,1,0.125777188231863,0.1122973416971592,0.24774002054102706,0.0364523091368295,0.062273291355459504,0.0880722052249755,0.21681489952727515,0.11057274428541104,ACQ2,0.12675440203648317,0.09539706485713863,0.2506847759471568,0.09719404704624919,0.05007292747109275,0.08405692385159422,0.20693013707220123,0.088909721718084,ACQ2
485,USA,IRN,Nego,5.25,1.54,1,1,0.12671213317703423,0.11348929924463719,0.24413659791624456,0.036445002950190104,0.06292531927817382,0.08797804994661945,0.21658310940501602,0.11173048808208474,ACQ2,0.12675440203648317,0.09539706485713863,0.2506847759471568,0.09719404704624919,0.05007292747109275,0.08405692385159422,0.20693013707220123,0.088909721718084,ACQ2
485,USA,IRN,Nego,5.25,1.55,1,1,0.12764075944232217,0.11468734516145085,0.24050575864396662,0.03644126964799109,0.0635886757516986,0.08788176585239035,0.2163460785941826,0.11290834690599763,ACQ2,0.12675440203648317,0.09539706485713863,0.2506847759471568,0.09719404704624919,0.05007292747109275,0.08405692385159422,0.20693013707220123,0.088909721718084,ACQ2
485,USA,IRN,Nego,5.25,1.56,1,1,0.12856187015408727,0.11589075391241505,0.23684950908904287,0.03644132775261183,0.06426329437867151,0.08778331880222687,0.21610372304925873,0.11410620286168596,ACQ2,0.12675440203648317,0.09539706485713863,0.2506847759471568,0.09719404704624919,0.05007292747109275,0.08405692385159422,0.20693013707220123,0.088909721718084,ACQ2
485,USA,IRN,Nego,5.25,1.57,1,1,0.12947423298082447,0.11709876304136677,0.23316990716501812,0.036445417263594265,0.06494909792593909,0.08768268315713011,0.2158559796525221,0.11532391881360501,ACQ2,0.12675440203648317,0.09539706485713863,0.2506847759471568,0.09719404704624919,0.05007292747109275,0.08405692385159422,0.20693013707220123,0.088909721718084,ACQ2
485,USA,IRN,Nego,5.25,1.58,1,1,0.130376581509223,0.11831057292018257,0.2294690606100494,0.03645380049390339,0.06564599788239005,0.08757984206515088,0.21560280691808456,0.11656133760101606,ACQ2,0.12675440203648317,0.09539706485713863,0.2506847759471568,0.09719404704624919,0.05007292747109275,0.08405692385159422,0.20693013707220123,0.088909721718084,ACQ2
485,USA,IRN,Nego,5.25,1.59,1,1,0.1312676168713306,0.11952534661508293,0.22574912500615088,0.03646676289042869,0.06635389402293711,0.08747478771472665,0.21534418561555285,0.11781828126379032,ACQ2,0.12675440203648317,0.09539706485713863,0.2506847759471568,0.09719404704624919,0.05007292747109275,0.08405692385159422,0.20693013707220123,0.088909721718084,ACQ2
485,USA,IRN,Nego,5.25,1.6,1,1,0.13214600963275352,0.1207422098782193,0.2220123015371221,0.03648461383387857,0.06707267398030883,0.08736752155160055,0.2150801193040365,0.11909455028208066,ACQ2,0.12675440203648317,0.09539706485713863,0.2506847759471568,0.09719404704624919,0.05007292747109275,0.08405692385159422,0.20693013707220123,0.088909721718084,ACQ2
485,USA,IRN,Nego,5.25,1.61,1,1,0.1330104019505285,0.12196025127210176,0.2182608344821922,0.036507687413067744,0.06780221282634198,0.08725805445558998,0.21481063476731527,0.12038992283286243,ACQ2,0.12675440203648317,0.09539706485713863,0.2506847759471568,0.09719404704624919,0.05007292747109275,0.08405692385159422,0.20693013707220123,0.088909721718084,ACQ2
485,USA,IRN,Nego,5.25,1.62,1,1,0.13385941000777796,0.12317852243387398,0.21449700844426395,0.03653634316848285,0.06854237266448575,0.08714640687355525,0.21453578234117834,0.12170415406638188,WAR1,0.12675440203648317,0.09539706485713863,0.2506847759471568,0.09719404704624919,0.05007292747109275,0.08405692385159422,0.20693013707220123,0.088909721718084,ACQ2
485,USA,IRN,Nego,5.25,1.63,1,1,0.1346916267305135,0.12439603848575226,0.21072314531366382,0.03657096679993877,0.06929300223523187,0.08703260890505461,0.214255636124289,0.12303697540555623,WAR1,0.12675440203648317,0.09539706485713863,0.2506847759471568,0.09719404704624919,0.05007292747109275,0.08405692385159422,0.20693013707220123,0.088909721718084,ACQ2
485,USA,IRN,Nego,5.25,1.64,1,1,0.13550562478996278,0.1256117785971438,0.20694160097048375,0.03661197083310438,0.07005393653618207,0.08691670033736394,0.21397029406439597,0.12438809387136363,WAR1,0.12675440203648317,0.09539706485713863,0.2506847759471568,0.09719404704624919,0.05007292747109275,0.08405692385159422,0.20693013707220123,0.088909721718084,ACQ2
485,USA,IRN,Nego,5.25,1.65,1,1,0.13629995989159807,0.1268246867030164,0.20315476173090974,0.036659795239690235,0.07082499645844269,0.08679873062678962,0.21367987791232976,0.12575719143722366,WAR1,0.12675440203648317,0.09539706485713863,0.2506847759471568,0.09719404704624919,0.05007292747109275,0.08405692385159422,0.20693013707220123,0.088909721718084,ACQ2
485,USA,IRN,Nego,5.25,1.66,1,1,0.1370731743496146,0.128033672382042,0.1993650405453623,0.036714908006145366,0.071605988441009,0.08667875882351538,0.21338453303699054,0.12714392441532069,WAR1,0.12675440203648317,0.09539706485713863,0.2506847759471568,0.09719404704624919,0.05007292747109275,0.08405692385159422,0.20693013707220123,0.088909721718084,ACQ2
485,USA,IRN,Nego,5.25,1.67,1,1,0.13782380094299287,0.12923761189686703,0.19557487295879122,0.03677780564580822,0.0723967041447591,0.08655685343759162,0.21308442809544428,0.1285479228777458,WAR1,0.12675440203648317,0.09539706485713863,0.2506847759471568,0.09719404704624919,0.05007292747109275,0.08405692385159422,0.20693013707220123,0.088909721718084,ACQ2
485,USA,IRN,Nego,5.25,1.68,1,1,0.1385503670464785,0.13043534939759963,0.19178671284603419,0.036849013649594864,0.07319692014763023,0.08643309224410975,0.2127797545533024,0.1299687901152506,WAR1,0.12675440203648317,0.09539706485713863,0.2506847759471568,0.09719404704624919,0.05007292747109275,0.08405692385159422,0.20693013707220123,0.088909721718084,ACQ2
485,USA,IRN,Nego,5.25,1.69,1,1,0.13925139902686393,0.1316256982882591,0.18800302793774368,0.03692908687047813,0.07400639766249498,0.08630756202608897,0.21247072605176437,0.1314061021363067,WAR1,0.12675440203648317,0.09539706485713863,0.2506847759471568,0.09719404704624919,0.05007292747109275,0.08405692385159422,0.20693013707220123,0.088909721718084,ACQ2
485,USA,IRN,Nego,5.25,1.7,1,1,0.13992542689189108,0.13280744275452336,0.18422629515494207,0.03701860983721194,0.07482488227919419,0.08618035825414568,0.21215757761903328,0.13285940720905826,WAR1,0.12675440203648317,0.09539706485713863,0.2506847759471568,0.09719404704624919,0.05007292747109275,0.08405692385159422,0.20693013707220123,0.088909721718084,ACQ2
485,USA,IRN,Nego,5.25,1.71,1,1,0.14057098917594785,0.1339793394496748,0.18045899577276694,0.03711819699297291,0.07565210373212743,0.08605158470260123,0.2118405647252542,0.13432822544865455,WAR1,0.12675440203648317,0.09539706485713863,0.2506847759471568,0.09719404704624919,0.05007292747109275,0.08405692385159422,0.20693013707220123,0.088909721718084,ACQ2
485,USA,IRN,Nego,5.25,1.72,1,1,0.14118663804355366,0.13514011933419615,0.17670361043633775,0.037228492854819405,0.07648777569474526,0.08592135300231432,0.21151996218168384,0.1358120484523495,WAR1,0.12675440203648317,0.09539706485713863,0.2506847759471568,0.09719404704624919,0.05007292747109275,0.08405692385159422,0.20693013707220123,0.088909721718084,ACQ2
485,USA,IRN,Nego,5.25,1.73,1,1,0.14177094458846418,0.1362884896630552,0.17296261405387897,0.03735017209009289,0.07733159560224277,0.08578978213118053,0.21119606288641002,0.1373103389846755,WAR1,0.12675440203648317,0.09539706485713863,0.2506847759471568,0.09719404704624919,0.05007292747109275,0.08405692385159422,0.20693013707220123,0.088909721718084,ACQ2
485,USA,IRN,Nego,5.25,1.74,1,1,0.14232250430313723,0.13742313611336424,0.16923847059421138,0.03748393950609338,0.0781832445037209,0.08565699784392075,0.21086917642061193,0.1388225307149402,WAR1,0.12675440203648317,0.09539706485713863,0.2506847759471568,0.09719404704624919,0.05007292747109275,0.08405692385159422,0.20693013707220123,0.088909721718084,ACQ2
485,USA,IRN,Nego,5.25,1.75,1,1,0.14283994269033518,0.13854272504385712,0.16553362781742256,0.03763052994953832,0.07904238694506888,0.08552313204346429,0.21053962750104116,0.14034802800927243,WAR1,0.12675440203648317,0.09539706485713863,0.2506847759471568,0.09719404704624919,0.05007292747109275,0.08405692385159422,0.20693013707220123,0.088909721718084,ACQ2
485,USA,IRN,Nego,5.25,1.76,1,1,0.14332192098586097,0.1396459058765291,0.16185051196889588,0.037790708112442714,0.07990867088383335,0.08538832209691041,0.21020775429606467,0.1418862057794629,WAR1,0.12675440203648317,0.09539706485713863,0.2506847759471568,0.09719404704624919,0.05007292747109275,0.08405692385159422,0.20693013707220123,0.088909721718084,ACQ2
485,USA,IRN,Nego,5.25,1.77,1,1,0.14376714195889978,0.14073131358987212,0.1581915224678635,0.03796526824112811,0.08078172763737948,0.08525271009970682,0.20987390661423058,0.14343640939091934,WAR1,0.12675440203648317,0.09539706485713863,0.2506847759471568,0.09719404704624919,0.05007292747109275,0.08405692385159422,0.20693013707220123,0.088909721718084,ACQ2
485,USA,IRN,Nego,5.25,1.78,1,1,0.14417435575421167,0.14179757131245696,0.15455902662222337,0.03815503374505988,0.08166117186572702,0.08511644209230103,0.20953844397583055,0.14499795463218948,WAR1,0.12675440203648317,0.09539706485713863,0.2506847759471568,0.09719404704624919,0.05007292747109275,0.08405692385159422,0.20693013707220123,0.088909721718084,ACQ2
485,USA,IRN,Nego,5.25,1.79,1,1,0.14454236573855886,0.14284329300519769,0.1509553544014581,0.03836085670211665,0.08254660159055865,0.08497966723407968,0.20920173357931712,0.1465701277487134,WAR1,0.12675440203648317,0.09539706485713863,0.2506847759471568,0.09719404704624919,0.05007292747109275,0.08405692385159422,0.20693013707220123,0.088909721718084,ACQ2
485,USA,IRN,Nego,5.25,1.8,1,1,0.14487003431230272,0.1438670862205125,0.14738279329912862,0.038583617256703916,0.08343759825205846,0.08484253693990618,0.20886414817564258,0.14815218554374485,WAR1,0.12675440203648317,0.09539706485713863,0.2506847759471568,0.09719404704624919,0.05007292747109275,0.08405692385159422,0.20693013707220123,0.088909721718084,ACQ2
485,USA,IRN,Nego,5.25,1.81,1,1,0.1451562886461066,0.1448675549268,0.14384358331552416,0.0388242229068269,0.08433372680544093,0.08470520398496723,0.2085260638645843,0.14974335554974982,WAR1,0.12675440203648317,0.09539706485713863,0.2506847759471568,0.09719404704624919,0.05007292747109275,0.08405692385159422,0.20693013707220123,0.088909721718084,ACQ2
485,USA,IRN,Nego,5.25,1.82,1,1,0.14540012630217145,0.14584330238719834,0.14033991208967608,0.039083607675838794,0.08523453585928159,0.08456782158394488,0.20818785782786273,0.15134283627402623,WAR1,0.12675440203648317,0.09539706485713863,0.2506847759471568,0.09719404704624919,0.05007292747109275,0.08405692385159422,0.20693013707220123,0.088909721718084,ACQ2
485,USA,IRN,Nego,5.25,1.83,1,1,0.1456006206994289,0.1467929340824795,0.13687391020805947,0.03936273116408408,0.08613955785805441,0.0844305424507264,0.20784990601434863,0.1529497975228186,WAR1,0.12675440203648317,0.09539706485713863,0.2506847759471568,0.09719404704624919,0.05007292747109275,0.08405692385159422,0.20693013707220123,0.088909721718084,ACQ2
485,USA,IRN,Nego,5.25,1.84,1,1,0.14575692638263482,0.14771506066916967,0.13344764671496437,0.03966257747507515,0.08704830931161517,0.08429351784493198,0.2075125807928194,0.1545633808087895,WAR1,0.12675440203648317,0.09539706485713863,0.2506847759471568,0.09719404704624919,0.05007292747109275,0.08405692385159422,0.20693013707220123,0.088909721718084,ACQ2
485,USA,IRN,Nego,5.25,1.85,1,1,0.1458682840563258,0.1486083009655254,0.1300631248467458,0.039984154010197955,0.08796029107473802,0.08415689661149366,0.2071762485876071,0.1561826998473664,WAR1,0.12675440203648317,0.09539706485713863,0.2506847759471568,0.09719404704624919,0.05007292747109275,0.08405692385159422,0.20693013707220123,0.088909721718084,ACQ2
485,USA,IRN,Nego,5.25,1.86,1,1,0.1459340253461224,0.1494712849598283,0.12672227800903432,0.04032849012526527,0.08887498868020363,0.08402082421933565,0.20684126751203616,0.15780684114817406,WAR1,0.12675440203648317,0.09539706485713863,0.2506847759471568,0.09719404704624919,0.05007292747109275,0.08405692385159422,0.20693013707220123,0.088909721718084,ACQ2
485,USA,IRN,Nego,5.25,1.87,1,1,0.1459535772518269,0.15030265683750388,0.12342696601256134,0.04069663564157058,0.08979187272933807,0.08388544180490995,0.20650798501381218,0.15943486470847718,WAR1,0.12675440203648317,0.09539706485713863,0.2506847759471568,0.09719404704624919,0.05007292747109275,0.08405692385159422,0.20693013707220123,0.088909721718084,ACQ2
485,USA,IRN,Nego,5.25,1.88,1,1,0.14592646625912795,0.15110107802577205,0.12017897157963552,0.041089659203482065,0.09071039934429653,0.08375088522592415,0.20617673554550361,0.16106580481625812,WAR1,0.12675440203648317,0.09539706485713863,0.2506847759471568,0.09719404704624919,0.05007292747109275,0.08405692385159422,0.20693013707220123,0.088909721718084,ACQ2
485,USA,IRN,Nego,5.25,1.89,1,1,0.145852322079433,0.15186523025679713,0.11697999712959434,0.041508646474121225,0.0916300106867566,0.0836172841300894,0.20584783827199782,0.16269867097121027,WAR1,0.12675440203648317,0.09539706485713863,0.2506847759471568,0.09719404704624919,0.05007292747109275,0.08405692385159422,0.20693013707220123,0.088909721718084,ACQ2
485,USA,IRN,Nego,5.25,1.9,1,1,0.14573088099030276,0.15259381865251426,0.11383166184785436,0.04195469816035073,0.09255013554800183,0.0834847610431232,0.20552159482535945,0.16433244893249352,WAR1,0.12675440203648317,0.09539706485713863,0.2506847759471568,0.09719404704624919,0.05007292747109275,0.08405692385159422,0.20693013707220123,0.088909721718084,ACQ2
485,USA,IRN,Nego,5.25,1.91,1,1,0.1455619887520946,0.15328557483636698,0.11073549903962937,0.042428927858227466,0.09347019001562401,0.08335343047959633,0.20519828711592722,0.1659661019025338,WAR1,0.12675440203648317,0.09539706485713863,0.2506847759471568,0.09719404704624919,0.05007292747109275,0.08405692385159422,0.20693013707220123,0.088909721718084,ACQ2
485,USA,IRN,Nego,5.25,1.92,1,1,0.1453456030796372,0.15393926007895237,0.10769295376608645,0.04293245971032938,0.09438957822221544,0.08322339807954296,0.20487817520683124,0.16759857185640514,WAR1,0.12675440203648317,0.09539706485713863,0.2506847759471568,0.09719404704624919,0.05007292747109275,0.08405692385159422,0.20693013707220123,0.088909721718084,ACQ2
485,USA,IRN,Nego,5.25,1.93,1,1,0.1450817956509543,0.15455366848590632,0.10470538075779162,0.04346642586700897,0.09530769318143222,0.08309475977308411,0.2045614952574761,0.16922878102634625,WAR1,0.12675440203648317,0.09539706485713863,0.2506847759471568,0.09719404704624919,0.05007292747109275,0.08405692385159422,0.20693013707220123,0.088909721718084,ACQ2
485,USA,IRN,Nego,5.25,1.94,1,1,0.1447707536381666,0.15512763023715964,0.10177404259786628,0.044031963744737765,0.09622391771666589,0.08296760097469312,0.20424845753999504,0.17085563355071548,WAR1,0.12675440203648317,0.09539706485713863,0.2506847759471568,0.09719404704624919,0.05007292747109275,0.08405692385159422,0.20693013707220123,0.088909721718084,ACQ2
485,USA,IRN,Nego,5.25,1.95,1,1,0.14441278074862482,0.15566001488680234,0.09890010816542999,0.0446302130763305,0.09713762548722717,0.08284199580817746,0.20393924453132084,0.17247801729608675,WAR1,0.12675440203648317,0.09539706485713863,0.2506847759471568,0.09719404704624919,0.05007292747109275,0.08405692385159422,0.20693013707220123,0.088909721718084,ACQ2
485,USA,IRN,Nego,5.25,1.96,1,1,0.14400829776702273,0.15614973473213004,0.09608465132872263,0.04526231275003796,0.09804818211640287,0.08271800636301244,0.2036340090824385,0.17409480586023263,WAR1,0.12675440203648317,0.09539706485713863,0.2506847759471568,0.09719404704624919,0.05007292747109275,0.08405692385159422,0.20693013707220123,0.088909721718084,ACQ2
485,USA,IRN,Nego,5.25,1.97,1,1,0.143557842591648,0.15659574825890643,0.09332864987682694,0.04592939743728151,0.09895494642497689,0.08259568198235683,0.20333287266563327,0.17570486076237013,WAR1,0.12675440203648317,0.09539706485713863,0.2506847759471568,0.09719404704624919,0.05007292747109275,0.08405692385159422,0.20693013707220123,0.088909721718084,ACQ2
485,USA,IRN,Nego,5.25,1.98,1,1,0.14306206976003702,0.15699706366741334,0.09063298467917423,0.04663259401219275,0.09985727177279086,0.08247505858294352,0.2030359237002063,0.17730703382524182,WAR1,0.12675440203648317,0.09539706485713863,0.2506847759471568,0.09719404704624919,0.05007292747109275,0.08405692385159422,0.20693013707220123,0.088909721718084,ACQ2
485,USA,IRN,Nego,5.25,1.99,1,1,0.14252174946111118,0.1573527424804497,0.08799843906300367,0.04737301777008102,0.10075450750965892,0.08235615800708282,0.2027432159572456,0.17890016975136708,WAR1,0.12675440203648317,0.09539706485713863,0.2506847759471568,0.09719404704624919,0.05007292747109275,0.08405692385159422,0.20693013707220123,0.088909721718084,ACQ2
485,USA,IRN,Nego,5.26,1.5,1,1,0.12264440155889136,0.10949708078399423,0.25569187103961855,0.036803903649072406,0.060925467368173704,0.08846813644987654,0.21778959737351783,0.10817954177685546,ACQ2,0.12675440203648317,0.09539706485713863,0.2506847759471568,0.09719404704624919,0.05007292747109275,0.08405692385159422,0.20693013707220123,0.088909721718084,ACQ2
485,USA,IRN,Nego,5.26,1.51,1,1,0.1235918523446328,0.11067894966529333,0.25213881987944414,0.03679240802668887,0.061555609784956104,0.08837748985437005,0.2175664448766884,0.10929842556792657,ACQ2,0.12675440203648317,0.09539706485713863,0.2506847759471568,0.09719404704624919,0.05007292747109275,0.08405692385159422,0.20693013707220123,0.088909721718084,ACQ2
485,USA,IRN,Nego,5.26,1.52,1,1,0.12453571949258481,0.11186856950153162,0.24855393744988316,0.036784110887465866,0.062197235449173015,0.08828470347143005,0.2173380246816536,0.11043769906627836,ACQ2,0.12675440203648317,0.09539706485713863,0.2506847759471568,0.09719404704624919,0.05007292747109275,0.08405692385159422,0.20693013707220123,0.088909721718084,ACQ2
485,USA,IRN,Nego,5.26,1.53,1,1,0.12547488544767268,0.11306528772729037,0.24493912695130793,0.03677919038795764,0.06285029795798981,0.0881897245997848,0.21710420704917383,0.11159727987882291,ACQ2,0.12675440203648317,0.09539706485713863,0.2506847759471568,0.09719404704624919,0.05007292747109275,0.08405692385159422,0.20693013707220123,0.088909721718084,ACQ2
485,USA,IRN,Nego,5.26,1.54,1,1,0.12640819421295127,0.11426841482344283,0.24129634731026178,0.03677784469576925,0.06351474078857122,0.08809250855352839,0.21686488197212275,0.11277706764335242,ACQ2,0.12675440203648317,0.09539706485713863,0.2506847759471568,0.09719404704624919,0.05007292747109275,0.08405692385159422,0.20693013707220123,0.088909721718084,ACQ2
485,USA,IRN,Nego,5.26,1.55,1,1,0.1273344521907733,0.11547722380217187,0.23762761200946927,0.03678029286419782,0.06419049683655384,0.08799301902325711,0.21661996006452788,0.11397694320904872,ACQ2,0.12675440203648317,0.09539706485713863,0.2506847759471568,0.09719404704624919,0.05007292747109275,0.08405692385159422,0.20693013707220123,0.088909721718084,ACQ2
485,USA,IRN,Nego,5.26,1.56,1,1,0.12825242925347938,0.1166909497934754,0.23393498767042914,0.03678677570026121,0.06487748795760541,0.08789122841249578,0.21636937338978002,0.11519676782247384,ACQ2,0.12675440203648317,0.09539706485713863,0.2506847759471568,0.09719404704624919,0.05007292747109275,0.08405692385159422,0.20693013707220123,0.088909721718084,ACQ2
485,USA,IRN,Nego,5.26,1.57,1,1,0.12916086005611543,0.11790878974220016,0.2302205923803433,0.03679755662145158,0.06557562451374123,0.08778711814557644,0.21611307621856443,0.1164363823220074,ACQ2,0.12675440203648317,0.09539706485713863,0.2506847759471568,0.09719404704624919,0.05007292747109275,0.08405692385159422,0.20693013707220123,0.088909721718084,ACQ2
485,USA,IRN,Nego,5.26,1.58,1,1,0.13005844560286717,0.11912990222447763,0.2264865937564351,0.03681292249631188,0.06628480492613127,0.08768067894306507,0.21585104570690294,0.11769560634380864,ACQ2,0.12675440203648317,0.09539706485713863,0.2506847759471568,0.09719404704624919,0.05007292747109275,0.08405692385159422,0.20693013707220123,0.088909721718084,ACQ2
485,USA,IRN,Nego,5.26,1.59,1,1,0.13094385507786535,0.12035340739216759,0.2227352067421741,0.03683318446372366,0.06700491523617942,0.08757191106080234,0.21558328248462016,0.11897423754246716,ACQ2,0.12675440203648317,0.09539706485713863,0.2506847759471568,0.09719404704624919,0.05007292747109275,0.08405692385159422,0.20693013707220123,0.088909721718084,ACQ2
485,USA,IRN,Nego,5.26,1.6,1,1,0.13181572794976112,0.12157838705351548,0.21896869113159906,0.036858678725614755,0.0677358286766972,0.0874608244886414,0.2153098111445944,0.1202720508295764,ACQ2,0.12675440203648317,0.09539706485713863,0.2506847759471568,0.09719404704624919,0.05007292747109275,0.08405692385159422,0.20693013707220123,0.088909721718084,ACQ2
485,USA,IRN,Nego,5.26,1.61,1,1,0.13267267635797814,0.12280388489771463,0.21518934881977553,0.03688976730765853,0.06847740525502048,0.08734743910503101,0.2150306806233073,0.12158879763351425,ACQ2,0.12675440203648317,0.09539706485713863,0.2506847759471568,0.09719404704624919,0.05007292747109275,0.08405692385159422,0.20693013707220123,0.088909721718084,ACQ2
485,USA,IRN,Nego,5.26,1.62,1,1,0.13351328778682273,0.12402890687040578,0.21139952077945187,0.03692683878243635,0.06922949134993085,0.08723178478371137,0.2147459644635068,0.1229242051837344,WAR1,0.12675440203648317,0.09539706485713863,0.2506847759471568,0.09719404704624919,0.05007292747109275,0.08405692385159422,0.20693013707220123,0.088909721718084,ACQ2
485,USA,IRN,Nego,5.26,1.63,1,1,0.1343361280316623,0.12525242170636763,0.2076015837661755,0.03697030894948154,0.06999191932424469,0.0871139014489658,0.2144557609502246,0.12427797582287789,WAR1,0.12675440203648317,0.09539706485713863,0.2506847759471568,0.09719404704624919,0.05007292747109275,0.08405692385159422,0.20693013707220123,0.088909721718084,ACQ2
485,USA,IRN,Nego,5.26,1.64,1,1,0.13513974445918675,0.12647336162473435,0.2037979467564724,0.03702062146661565,0.07076450715491985,0.08699383907610761,0.2141601931119746,0.12564978634998883,WAR1,0.12675440203648317,0.09539706485713863,0.2506847759471568,0.09719404704624919,0.05007292747109275,0.08405692385159422,0.20693013707220123,0.088909721718084,ACQ2
485,USA,IRN,Nego,5.26,1.65,1,1,0.1359226695613327,0.12769062319102772,0.19999104712616478,0.037078248427026,0.07154705808250367,0.08687165763417999,0.21385940857969257,0.12703928739807252,WAR1,0.12675440203648317,0.09539706485713863,0.2506847759471568,0.09719404704624919,0.05007292747109275,0.08405692385159422,0.20693013707220123,0.088909721718084,ACQ2
485,USA,IRN,Nego,5.26,1.66,1,1,0.13668342479982154,0.12890306834913387,0.19618334657847852,0.037143690876620755,0.07233936028170937,0.08674742696820582,0.21355357929686059,0.1284461028491698,WAR1,0.12675440203648317,0.09539706485713863,0.2506847759471568,0.09719404704624919,0.05007292747109275,0.08405692385159422,0.20693013707220123,0.088909721718084,ACQ2
485,USA,IRN,Nego,5.26,1.67,1,1,0.1374205247354204,0.13010952562507616,0.1923773268342298,0.037217479266325224,0.07314118655485914,0.08662122661874981,0.21324290107530677,0.1298698292900325,WAR1,0.12675440203648317,0.09539706485713863,0.2506847759471568,0.09719404704624919,0.05007292747109275,0.08405692385159422,0.20693013707220123,0.088909721718084,ACQ2
485,USA,IRN,Nego,5.26,1.68,1,1,0.13813248143304835,0.13130879150307462,0.18857548509906513,0.03730017383415494,0.07395229404987663,0.08649314557703479,0.2129275929923554,0.13131003551139014,WAR1,0.12675440203648317,0.09539706485713863,0.2506847759471568,0.09719404704624919,0.05007292747109275,0.08405692385159422,0.20693013707220123,0.088909721718084,ACQ2
485,USA,IRN,Nego,5.26,1.69,1,1,0.1388178091307099,0.1324996319729392,0.18478032932538765,0.037392364912103425,0.07477242400444761,0.08636328197439803,0.21260789662633361,0.13276626205368025,WAR1,0.12675440203648317,0.09539706485713863,0.2506847759471568,0.09719404704624919,0.05007292747109275,0.08405692385159422,0.20693013707220123,0.088909721718084,ACQ2
485,USA,IRN,Nego,5.26,1.7,1,1,0.13947502915702453,0.1336807842463661,0.1809943732892235,0.03749467315311474,0.07560130151790592,0.08623174270546073,0.2122840751288967,0.13423802080200783,WAR1,0.12675440203648317,0.09539706485713863,0.2506847759471568,0.09719404704624919,0.05007292747109275,0.08405692385159422,0.20693013707220123,0.088909721718084,ACQ2
485,USA,IRN,Nego,5.26,1.71,1,1,0.14010267507883165,0.13485095863819202,0.17722013150478266,0.03760774967365847,0.07643863535233486,0.08609864298502297,0.21195641213419697,0.13572479463298048,WAR1,0.12675440203648317,0.09539706485713863,0.2506847759471568,0.09719404704624919,0.05007292747109275,0.08405692385159422,0.20693013707220123,0.088909721718084,ACQ2
485,USA,IRN,Nego,5.26,1.72,1,1,0.14069929805708384,0.1360088406071798,0.17346011400182737,0.037732276107677994,0.0772841177643207,0.08596410583936465,0.21162521050657698,0.13722603711596873,WAR1,0.12675440203648317,0.09539706485713863,0.2506847759471568,0.09719404704624919,0.05007292747109275,0.08405692385159422,0.20693013707220123,0.088909721718084,ACQ2
485,USA,IRN,Nego,5.26,1.73,1,1,0.14126347238601214,0.13715309294946038,0.1697168209930913,0.037868964567931755,0.0781374243687448,0.08582826153333038,0.21129079093017447,0.13874117227125496,WAR1,0.12675440203648317,0.09539706485713863,0.2506847759471568,0.09719404704624919,0.05007292747109275,0.08405692385159422,0.20693013707220123,0.088909721718084,ACQ2
485,USA,IRN,Nego,5.26,1.74,1,1,0.14179380118743423,0.13828235813640957,0.1659927374608734,0.03801855751097079,0.07899821403597145,0.08569124693528407,0.21095349034557695,0.14026959438747952,WAR1,0.12675440203648317,0.09539706485713863,0.2506847759471568,0.09719404704624919,0.05007292747109275,0.08405692385159422,0.20693013707220123,0.088909721718084,ACQ2
485,USA,IRN,Nego,5.26,1.75,1,1,0.14228892222913936,0.1393952607875152,0.16229032769347695,0.03818182750218857,0.07986612882378012,0.08555320482272458,0.21061366024039604,0.14181066790077917,WAR1,0.12675440203648317,0.09539706485713863,0.2506847759471568,0.09719404704624919,0.05007292747109275,0.08405692385159422,0.20693013707220123,0.088909721718084,ACQ2
485,USA,IRN,Nego,5.26,1.76,1,1,0.14274751383357343,0.14049041026774084,0.15861202980334704,0.03835957687751825,0.08074079394540418,0.08541428313204452,0.21027166480233456,0.14336372733803712,WAR1,0.12675440203648317,0.09539706485713863,0.2506847759471568,0.09719404704624919,0.05007292747109275,0.08405692385159422,0.20693013707220123,0.088909721718084,ACQ2
485,USA,IRN,Nego,5.26,1.77,1,1,0.1431683008406343,0.14156640339805748,0.15496025025952778,0.03855263729842765,0.08162181777509238,0.0852746341565704,0.20992787894493306,0.14492807732675705,WAR1,0.12675440203648317,0.09539706485713863,0.2506847759471568,0.09719404704624919,0.05007292747109275,0.08405692385159422,0.20693013707220123,0.088909721718084,ACQ2
485,USA,IRN,Nego,5.26,1.78,1,1,0.14355006058632686,0.14262182726722658,0.15133735846736543,0.03876186919686272,0.08250879189268875,0.08513441369762997,0.2095826862176795,0.14650299267422026,WAR1,0.12675440203648317,0.09539706485713863,0.2506847759471568,0.09719404704624919,0.05007292747109275,0.08405692385159422,0.20693013707220123,0.088909721718084,ACQ2
485,USA,IRN,Nego,5.26,1.79,1,1,0.14389162885736848,0.14365526213261998,0.14774568142821068,0.03898816110670053,0.08340129116885707,0.08499378017393426,0.20923647661349895,0.1480877185188101,WAR1,0.12675440203648317,0.09539706485713863,0.2506847759471568,0.09719404704624919,0.05007292747109275,0.08405692385159422,0.20693013707220123,0.088909721718084,ACQ2
485,USA,IRN,Nego,5.26,1.8,1,1,0.14419190578062693,0.14466528439786977,0.14418749851118887,0.03923242887809331,0.08429887389273925,0.08485289369502337,0.20888964428777498,0.14968147055668318,WAR1,0.12675440203648317,0.09539706485713863,0.2506847759471568,0.09719404704624919,0.05007292747109275,0.08405692385159422,0.20693013707220123,0.088909721718084,ACQ2
485,USA,IRN,Nego,5.26,1.81,1,1,0.14444986160555429,0.1456504696554869,0.14066503636791583,0.03949561477080843,0.08520108194405217,0.0847119151048875,0.2085425852039502,0.15128343534734492,WAR1,0.12675440203648317,0.09539706485713863,0.2506847759471568,0.09719404704624919,0.05007292747109275,0.08405692385159422,0.20693013707220123,0.088909721718084,ACQ2
485,USA,IRN,Nego,5.26,1.82,1,1,0.1446645423375681,0.14660939578326465,0.13718046401933484,0.03977868642230351,0.08610744101187591,0.08457100500213421,0.20819569472138777,0.15289277070213103,WAR1,0.12675440203648317,0.09539706485713863,0.2506847759471568,0.09719404704624919,0.05007292747109275,0.08405692385159422,0.20693013707220123,0.088909721718084,ACQ2
485,USA,IRN,Nego,5.26,1.83,1,1,0.14483507518065614,0.14754064608430295,0.13373588814167506,0.04008263568583307,0.08701746086268253,0.08443032274321088,0.20784936514151847,0.15450860616012094,WAR1,0.12675440203648317,0.09539706485713863,0.2506847759471568,0.09719404704624919,0.05007292747109275,0.08405692385159422,0.20693013707220123,0.088909721718084,ACQ2
485,USA,IRN,Nego,5.26,1.84,1,1,0.144960673748313,0.1484428124618183,0.1303333485759008,0.04040847733337641,0.08793063566047386,0.0842900254352067,0.20750398322833513,0.15613004355657564,WAR1,0.12675440203648317,0.09539706485713863,0.2506847759471568,0.09719404704624919,0.05007292747109275,0.08405692385159422,0.20693013707220123,0.088909721718084,ACQ2
485,USA,IRN,Nego,5.26,1.85,1,1,0.14504064300327618,0.1493144986215205,0.12697481408201955,0.04075724761764338,0.08884644434224608,0.08415026692465032,0.20715992771902936,0.15775615768961443,WAR1,0.12675440203648317,0.09539706485713863,0.2506847759471568,0.09719404704624919,0.05007292747109275,0.08405692385159422,0.20693013707220123,0.088909721718084,ACQ2
485,USA,IRN,Nego,5.26,1.86,1,1,0.14507438388834865,0.1501543232961789,0.12366217835628504,0.04113000268688212,0.08976435105235352,0.08401119678848658,0.20681756683999186,0.1593859970914735,WAR1,0.12675440203648317,0.09539706485713863,0.2506847759471568,0.09719404704624919,0.05007292747109275,0.08405692385159422,0.20693013707220123,0.088909721718084,ACQ2
485,USA,IRN,Nego,5.26,1.87,1,1,0.1450613976128567,0.15096092348901038,0.12039725632578031,0.04152781684573227,0.09068380563969758,0.08387295933306628,0.2064772558425404,0.1610185849113162,WAR1,0.12675440203648317,0.09539706485713863,0.2506847759471568,0.09719404704624919,0.05007292747109275,0.08405692385159422,0.20693013707220123,0.088909721718084,ACQ2
485,USA,IRN,Nego,5.26,1.88,1,1,0.14500128956191183,0.1517329577346049,0.11718178073118445,0.041951780654990486,0.09160424422199076,0.08373569260653685,0.20613933457163683,0.1626529199171439,WAR1,0.12675440203648317,0.09539706485713863,0.2506847759471568,0.09719404704624919,0.05007292747109275,0.08405692385159422,0.20693013707220123,0.088909721718084,ACQ2
485,USA,IRN,Nego,5.26,1.89,1,1,0.14489377279857338,0.15246910937816394,0.1140173990048258,0.04240299886294071,0.09252508982162867,0.0835995274294832,0.2058041250795321,0.1642879776248522,WAR1,0.12675440203648317,0.09539706485713863,0.2506847759471568,0.09719404704624919,0.05007292747109275,0.08405692385159422,0.20693013707220123,0.088909721718084,ACQ2
485,USA,IRN,Nego,5.26,1.9,1,1,0.14473867113214106,0.15316808987576436,0.11090567044752102,0.042882588160918,0.09344575307791073,0.08346458644807413,0.20547192929481678,0.16592271156285412,WAR1,0.12675440203648317,0.09539706485713863,0.2506847759471568,0.09719404704624919,0.05007292747109275,0.08405692385159422,0.20693013707220123,0.088909721718084,ACQ2
485,USA,IRN,Nego,5.26,1.91,1,1,0.14453592172907664,0.15382864212002428,0.10784806370432075,0.043391674756089016,0.09436563304046443,0.08333098321333961,0.20514302675579799,0.1675560546808874,WAR1,0.12675440203648317,0.09539706485713863,0.2506847759471568,0.09719404704624919,0.05007292747109275,0.08405692385159422,0.20693013707220123,0.088909721718084,ACQ2
485,USA,IRN,Nego,5.26,1.92,1,1,0.1442855772463597,0.15444954379684936,0.10484595453622993,0.04393139175511164,0.09528411804871516,0.08319882128956692,0.20481767241556184,0.16918692091160556,WAR1,0.12675440203648317,0.09539706485713863,0.2506847759471568,0.09719404704624919,0.05007292747109275,0.08405692385159422,0.20693013707220123,0.088909721718084,ACQ2
485,USA,IRN,Nego,5.26,1.93,1,1,0.1439878074703397,0.15502961077972094,0.10190062388237178,0.04450287635344338,0.09620058670208037,0.08306819339419845,0.20449609452458678,0.1708142068932587,WAR1,0.12675440203648317,0.09539706485713863,0.2506847759471568,0.09719404704624919,0.05007292747109275,0.08405692385159422,0.20693013707220123,0.088909721718084,ACQ2
485,USA,IRN,Nego,5.26,1.94,1,1,0.14364290044729103,0.15556770056814828,0.09901325620500066,0.04510726682666416,0.09711440892522775,0.08293918057106836,0.20417849259542847,0.17243679386117144,WAR1,0.12675440203648317,0.09539706485713863,0.2506847759471568,0.09719404704624919,0.05007292747109275,0.08405692385159422,0.20693013707220123,0.088909721718084,ACQ2
485,USA,IRN,Nego,5.26,1.95,1,1,0.1432512630948269,0.1560627157763478,0.0961849381083268,0.04574569932229631,0.09802494713219377,0.08281185139836306,0.20386503545288875,0.17405354971475656,WAR1,0.12675440203648317,0.09539706485713863,0.2506847759471568,0.09719404704624919,0.05007292747109275,0.08405692385159422,0.20693013707220123,0.088909721718084,ACQ2
485,USA,IRN,Nego,5.26,1.96,1,1,0.1428134212860469,0.15651360767682884,0.09341665722134455,0.04641930445327812,0.09893155749240244,0.08268626123236354,0.20355585937227122,0.17566333126546427,WAR1,0.12675440203648317,0.09539706485713863,0.2506847759471568,0.09719404704624919,0.05007292747109275,0.08405692385159422,0.20693013707220123,0.088909721718084,ACQ2
485,USA,IRN,Nego,5.26,1.97,1,1,0.1423300194007586,0.15691937980133033,0.09070930133478032,0.047129203697473795,0.0998335913006312,0.0825624514878456,0.20325106630788067,0.1772649866692994,WAR1,0.12675440203648317,0.09539706485713863,0.2506847759471568,0.09719404704624919,0.05007292747109275,0.08405692385159422,0.20693013707220123,0.088909721718084,ACQ2
485,USA,IRN,Nego,5.26,1.98,1,1,0.1418018193403167,0.1572790915984179,0.08806365778289531,0.04787650561136114,0.10073039645174456,0.08244044895600268,0.20295072221389532,0.178857358045366,WAR1,0.12675440203648317,0.09539706485713863,0.2506847759471568,0.09719404704624919,0.05007292747109275,0.08405692385159422,0.20693013707220123,0.088909721718084,ACQ2
485,USA,IRN,Nego,5.26,1.99,1,1,0.141229699004592,0.15759186214307153,0.0854804130621377,0.04866230187027974,0.1016213190195578,0.08232026516091788,0.20265485546013845,0.18043928427930483,WAR1,0.12675440203648317,0.09539706485713863,0.2506847759471568,0.09719404704624919,0.05007292747109275,0.08405692385159422,0.20693013707220123,0.088909721718084,ACQ2
485,USA,IRN,Nego,5.27,1.5,1,1,0.1223592726436276,0.1102413173416277,0.25296274488385195,0.03712193001742677,0.06147695084314573,0.08858983435114666,0.21808919153230114,0.10915875838687275,ACQ2,0.12675440203648317,0.09539706485713863,0.2506847759471568,0.09719404704624919,0.05007292747109275,0.08405692385159422,0.20693013707220123,0.088909721718084,ACQ2
485,USA,IRN,Nego,5.27,1.51,1,1,0.12330667093211017,0.11143516123984368,0.24936732012762208,0.03711608588652931,0.06211952352243476,0.08849638518207564,0.2178591396998157,0.11029971340956864,ACQ2,0.12675440203648317,0.09539706485713863,0.2506847759471568,0.09719404704624919,0.05007292747109275,0.08405692385159422,0.20693013707220123,0.088909721718084,ACQ2
485,USA,IRN,Nego,5.27,1.52,1,1,0.12424982215665399,0.11263642415741458,0.24574140854305873,0.03711362008006328,0.06277358578850106,0.08840063835442043,0.21762343152417618,0.11146106939571157,ACQ2,0.12675440203648317,0.09539706485713863,0.2506847759471568,0.09719404704624919,0.05007292747109275,0.08405692385159422,0.20693013707220123,0.088909721718084,ACQ2
485,USA,IRN,Nego,5.27,1.53,1,1,0.12518757501693922,0.11384441638687298,0.24208697407809138,0.03711473090108763,0.06343908067358156,0.08830254674706307,0.21738195100328628,0.11264272519307782,ACQ2,0.12675440203648317,0.09539706485713863,0.2506847759471568,0.09719404704624919,0.05007292747109275,0.08405692385159422,0.20693013707220123,0.088909721718084,ACQ2
485,USA,IRN,Nego,5.27,1.54,1,1,0.12611873962451572,0.11505840985671265,0.2384060367619028,0.03711963778534014,0.06411594043708047,0.08820207180075612,0.21713460321254,0.11384456052115198,ACQ2,0.12675440203648317,0.09539706485713863,0.2506847759471568,0.09719404704624919,0.05007292747109275,0.08405692385159422,0.20693013707220123,0.088909721718084,ACQ2
485,USA,IRN,Nego,5.27,1.55,1,1,0.12704208850712298,0.11627763766339036,0.23470067134590994,0.037128582190006865,0.06480408609510996,0.08809918387624338,0.21688131518643886,0.11506643513577744,ACQ2,0.12675440203648317,0.09539706485713863,0.2506847759471568,0.09719404704624919,0.05007292747109275,0.08405692385159422,0.20693013707220123,0.088909721718084,ACQ2
485,USA,IRN,Nego,5.27,1.56,1,1,0.12795635785679102,0.11750129371528743,0.2309730056841035,0.037141828471090974,0.0655034269549953,0.08799386258422207,0.21662203673088817,0.11630818800262122,ACQ2,0.12675440203648317,0.09539706485713863,0.2506847759471568,0.09719404704624919,0.05007292747109275,0.08405692385159422,0.20693013707220123,0.088909721718084,ACQ2
485,USA,IRN,Nego,5.27,1.57,1,1,0.1288602490340929,0.1187285324980792,0.22722521884496852,0.03715966474424533,0.06621386015659103,0.08788609708309401,0.21635674115619574,0.11756963648273318,ACQ2,0.12675440203648317,0.09539706485713863,0.2506847759471568,0.09719404704624919,0.05007292747109275,0.08405692385159422,0.20693013707220123,0.088909721718084,ACQ2
485,USA,IRN,Nego,5.27,1.58,1,1,0.1297524303399312,0.1199584689707263,0.22345953894866646,0.03718240372369411,0.06693527022231352,0.08777588634040541,0.2160854259206817,0.11885057553358135,ACQ2,0.12675440203648317,0.09539706485713863,0.2506847759471568,0.09719404704624919,0.05007292747109275,0.08405692385159422,0.20693013707220123,0.088909721718084,ACQ2
485,USA,IRN,Nego,5.27,1.59,1,1,0.1306315390650232,0.12119017860095367,0.21967824072480163,0.037210383533666645,0.0676675286178437,0.08766323935387504,0.21580811317480195,0.12015077692903407,ACQ2,0.12675440203648317,0.09539706485713863,0.2506847759471568,0.09719404704624919,0.05007292747109275,0.08405692385159422,0.20693013707220123,0.088909721718084,ACQ2
485,USA,IRN,Nego,5.27,1.6,1,1,0.13149618382578987,0.12242269754859378,0.21588364278794384,0.03724396848659958,0.06841049332549005,0.08754817532795614,0.2155248501958054,0.12146998850182122,ACQ2,0.12675440203648317,0.09539706485713863,0.2506847759471568,0.09719404704624919,0.05007292747109275,0.08405692385159422,0.20693013707220123,0.088909721718084,ACQ2
485,USA,IRN,Nego,5.27,1.61,1,1,0.13234494719365578,0.12365502300455634,0.21207810463010804,0.037283549822242586,0.0691640084322224,0.08743072380197792,0.21523570970319206,0.12280793341204481,WAR1,0.12675440203648317,0.09539706485713863,0.2506847759471568,0.09719404704624919,0.05007292747109275,0.08405692385159422,0.20693013707220123,0.088909721718084,ACQ2
485,USA,IRN,Nego,5.27,1.62,1,1,0.13317638862281278,0.12488611369242543,0.20826402333160154,0.03732954640172516,0.06992790373439635,0.08731092472607609,0.21494079004563646,0.12416430944532644,WAR1,0.12675440203648317,0.09539706485713863,0.2506847759471568,0.09719404704624919,0.05007292747109275,0.08405692385159422,0.20693013707220123,0.088909721718084,ACQ2
485,USA,IRN,Nego,5.27,1.63,1,1,0.13398904767931133,0.12611489053879194,0.20444382999402536,0.03738240535061348,0.07070199436117926,0.08718882848133766,0.21464021525058058,0.1255387883441601,WAR1,0.12675440203648317,0.09539706485713863,0.2506847759471568,0.09719404704624919,0.05007292747109275,0.08405692385159422,0.20693013707220123,0.088909721718084,ACQ2
485,USA,IRN,Nego,5.27,1.64,1,1,0.134781447571909,0.12734023751739584,0.20061998590172453,0.03744260264501064,0.07148608041867074,0.08706449584087399,0.21433413492840372,0.1269310151760113,WAR1,0.12675440203648317,0.09539706485713863,0.2506847759471568,0.09719404704624919,0.05007292747109275,0.08405692385159422,0.20693013707220123,0.088909721718084,ACQ2
485,USA,IRN,Nego,5.27,1.65,1,1,0.13555209898244888,0.1285610026709915,0.19679497842061677,0.03751064363482284,0.07227994665667156,0.08693799786888294,0.21402272402393516,0.1283406077416304,WAR1,0.12675440203648317,0.09539706485713863,0.2506847759471568,0.09719404704624919,0.05007292747109275,0.08405692385159422,0.20693013707220123,0.088909721718084,ACQ2
485,USA,IRN,Nego,5.27,1.66,1,1,0.13629950419068404,0.1297759993135687,0.19297131664604292,0.037587063498438614,0.07308336216001315,0.08680941575517756,0.21370618240909975,0.12976715602697544,WAR1,0.12675440203648317,0.09539706485713863,0.2506847759471568,0.09719404704624919,0.05007292747109275,0.08405692385159422,0.20693013707220123,0.088909721718084,ACQ2
485,USA,IRN,Nego,5.27,1.67,1,1,0.1370221614854142,0.1309840074141815,0.18915152681404598,0.037672427623233855,0.07389608006629822,0.08667884058313577,0.21338473431165875,0.13121022170203162,WAR1,0.12675440203648317,0.09539706485713863,0.2506847759471568,0.09719404704624919,0.05007292747109275,0.08405692385159422,0.20693013707220123,0.088909721718084,ACQ2
485,USA,IRN,Nego,5.27,1.68,1,1,0.1377185698506157,0.13218377516216093,0.1853381474932571,0.03776733190652366,0.07471783731184006,0.08654637302956393,0.21305862757633928,0.1326693376696994,WAR1,0.12675440203648317,0.09539706485713863,0.2506847759471568,0.09719404704624919,0.05007292747109275,0.08405692385159422,0.20693013707220123,0.088909721718084,ACQ2
485,USA,IRN,Nego,5.27,1.69,1,1,0.1383872339119327,0.1333740207119608,0.18153372457730083,0.037872402971825085,0.07554835440751588,0.08641212299556218,0.21272813275610314,0.13414400766779927,WAR1,0.12675440203648317,0.09539706485713863,0.2506847759471568,0.09719404704624919,0.05007292747109275,0.08405692385159422,0.20693013707220123,0.088909721718084,ACQ2
485,USA,IRN,Nego,5.27,1.7,1,1,0.13902666912553593,0.13455343410432216,0.17774080610027165,0.03798829829556308,0.07638733524617969,0.08627620916812156,0.2123935420328935,0.13563370592711246,WAR1,0.12675440203648317,0.09539706485713863,0.2506847759471568,0.09719404704624919,0.05007292747109275,0.08405692385159422,0.20693013707220123,0.088909721718084,ACQ2
485,USA,IRN,Nego,5.27,1.71,1,1,0.13963540718795234,0.1357206793588692,0.17396193690033965,0.038115706239633514,0.07723446694320824,0.086138758512867,0.21205516796887583,0.13713787688825427,WAR1,0.12675440203648317,0.09539706485713863,0.2506847759471568,0.09719404704624919,0.05007292747109275,0.08405692385159422,0.20693013707220123,0.088909721718084,ACQ2
485,USA,IRN,Nego,5.27,1.72,1,1,0.14021200164212244,0.136874396731724,0.17019965315884308,0.03825534598552517,0.07808941971169467,0.0859999056990731,0.21171334209095097,0.1386559349800667,WAR1,0.12675440203648317,0.09539706485713863,0.2506847759471568,0.09719404704624919,0.05007292747109275,0.08405692385159422,0.20693013707220123,0.088909721718084,ACQ2
485,USA,IRN,Nego,5.27,1.73,1,1,0.14075503365167616,0.13801320513026302,0.16645647684427373,0.038407967365976126,0.07895184677375358,0.08585979245881178,0.2113684133131135,0.14018726446213206,WAR1,0.12675440203648317,0.09539706485713863,0.2506847759471568,0.09719404704624919,0.05007292747109275,0.08405692385159422,0.20693013707220123,0.088909721718084,ACQ2
485,USA,IRN,Nego,5.27,1.74,1,1,0.1412631179123157,0.13913570467579459,0.16273491009230676,0.03857435059039241,0.07982138430937157,0.08571856688282556,0.2110207462030426,0.14173121933395094,WAR1,0.12675440203648317,0.09539706485713863,0.2506847759471568,0.09719404704624919,0.05007292747109275,0.08405692385159422,0.20693013707220123,0.088909721718084,ACQ2
485,USA,IRN,Nego,5.27,1.75,1,1,0.14173490866630498,0.1402404794037475,0.15903742955439815,0.03875530586046713,0.08069765144422783,0.08557638265644443,0.21067071910109328,0.1432871233133169,WAR1,0.12675440203648317,0.09539706485713863,0.2506847759471568,0.09719404704624919,0.05007292747109275,0.08405692385159422,0.20693013707220123,0.088909721718084,ACQ2
485,USA,IRN,Nego,5.27,1.76,1,1,0.1421691057834635,0.14132610008996652,0.1553664807484441,0.03895167287259856,0.0815802502779327,0.08543339823956281,0.21031872210157487,0.14485426988645672,WAR1,0.12675440203648317,0.09539706485713863,0.2506847759471568,0.09719404704624919,0.05007292747109275,0.08405692385159422,0.20693013707220123,0.088909721718084,ACQ2
485,USA,IRN,Nego,5.27,1.77,1,1,0.1425644608697967,0.142391127190953,0.15172447244551326,0.03916432020379674,0.08246876595418219,0.08528977599534619,0.20996515490781428,0.14643192243259756,WAR1,0.12675440203648317,0.09539706485713863,0.2506847759471568,0.09719404704624919,0.05007292747109275,0.08405692385159422,0.20693013707220123,0.088909721718084,ACQ2
485,USA,IRN,Nego,5.27,1.78,1,1,0.14291978336302577,0.1434341138854069,0.1481137711266863,0.03939414457778707,0.08336276677442127,0.08514568127292971,0.20961042457395535,0.14801931442578756,WAR1,0.12675440203648317,0.09539706485713863,0.2506847759471568,0.09719404704624919,0.05007292747109275,0.08405692385159422,0.20693013707220123,0.088909721718084,ACQ2
485,USA,IRN,Nego,5.27,1.79,1,1,0.14323394657286698,0.1444536092042362,0.14453669554356646,0.03964207000795092,0.08426180435673546,0.08500128144988967,0.20925494314773005,0.14961564971702448,WAR1,0.12675440203648317,0.09539706485713863,0.2506847759471568,0.09719404704624919,0.05007292747109275,0.08405692385159422,0.20693013707220123,0.088909721718084,ACQ2
485,USA,IRN,Nego,5.27,1.8,1,1,0.14350589362296684,0.1454481612363387,0.14099551141501843,0.03990904681359281,0.08516541384186313,0.08485674494069358,0.20889912522947396,0.15122010290005244,WAR1,0.12675440203648317,0.09539706485713863,0.2506847759471568,0.09719404704624919,0.05007292747109275,0.08405692385159422,0.20693013707220123,0.088909721718084,ACQ2
485,USA,IRN,Nego,5.27,1.81,1,1,0.14373464325099386,0.14641632039793084,0.1374924262911829,0.04019605050578769,0.08607311414843132,0.08471224017765583,0.20854338546345794,0.1528318197645595,WAR1,0.12675440203648317,0.09539706485713863,0.2506847759471568,0.09719404704624919,0.05007292747109275,0.08405692385159422,0.20693013707220123,0.088909721718084,ACQ2
485,USA,IRN,Nego,5.27,1.82,1,1,0.14391929542349632,0.14735664275399216,0.13402958461380032,0.04050408053875374,0.08698440827976463,0.08456793457113282,0.20818813597811145,0.15444991784094894,WAR1,0.12675440203648317,0.09539706485713863,0.2506847759471568,0.09719404704624919,0.05007292747109275,0.08405692385159422,0.20693013707220123,0.088909721718084,ACQ2
485,USA,IRN,Nego,5.27,1.83,1,1,0.1440590367228001,0.14826769338151444,0.1306090629994072,0.04083415892233072,0.08789878368489526,0.08442399345577675,0.2078337837919246,0.1560734870413509,WAR1,0.12675440203648317,0.09539706485713863,0.2506847759471568,0.09719404704624919,0.05007292747109275,0.08405692385159422,0.20693013707220123,0.088909721718084,ACQ2
485,USA,IRN,Nego,5.27,1.84,1,1,0.14415314546439958,0.14914804976564514,0.1272328657690795,0.041187328690746906,0.08881571267670546,0.08428057902962711,0.20748072820171926,0.15770159040207715,WAR1,0.12675440203648317,0.09539706485713863,0.2506847759471568,0.09719404704624919,0.05007292747109275,0.08405692385159422,0.20693013707220123,0.088909721718084,ACQ2
485,USA,IRN,Nego,5.27,1.85,1,1,0.14420099650498172,0.14999630522144686,0.12390292074517531,0.04156465222246308,0.0897346529104401,0.0841378492926535,0.20712935816956837,0.15933326493327102,WAR1,0.12675440203648317,0.09539706485713863,0.2506847759471568,0.09719404704624919,0.05007292747109275,0.08405692385159422,0.20693013707220123,0.088909721718084,ACQ2
485,USA,IRN,Nego,5.27,1.86,1,1,0.14420206570336871,0.15081107233582045,0.12062107533204175,0.04196720940552858,0.09065504792613861,0.08399595699108592,0.20678004972396416,0.16096752258205158,WAR1,0.12675440203648317,0.09539706485713863,0.2506847759471568,0.09719404704624919,0.05007292747109275,0.08405692385159422,0.20693013707220123,0.088909721718084,ACQ2
485,USA,IRN,Nego,5.27,1.87,1,1,0.1441559339992109,0.15159098642604227,0.11738909289400154,0.04239609564262656,0.09157632775881817,0.08385504857347688,0.20643316338986575,0.1626033513159579,WAR1,0.12675440203648317,0.09539706485713863,0.2506847759471568,0.09719404704624919,0.05007292747109275,0.08405692385159422,0.20693013707220123,0.088909721718084,ACQ2
485,USA,IRN,Nego,5.27,1.88,1,1,0.14406229107714924,0.15233470901328042,0.1142086494402303,0.042852419689874265,0.09249790962048028,0.0837152631639657,0.20608904166109654,0.16423971633392329,WAR1,0.12675440203648317,0.09539706485713863,0.2506847759471568,0.09719404704624919,0.05007292747109275,0.08405692385159422,0.20693013707220123,0.088909721718084,ACQ2
485,USA,IRN,Nego,5.27,1.89,1,1,0.14392093858731045,0.15304093131127008,0.11108133062248722,0.04333730132354428,0.09341919865819036,0.08357673155766732,0.20574800652720598,0.16587556141232435,WAR1,0.12675440203648317,0.09539706485713863,0.2506847759471568,0.09719404704624919,0.05007292747109275,0.08405692385159422,0.20693013707220123,0.088909721718084,ACQ2
485,USA,IRN,Nego,5.27,1.9,1,1,0.143731792896318,0.15370837773190874,0.10800862904819442,0.043851868829245896,0.09433958879255876,0.08343957524251787,0.20541035706546376,0.1675098103937926,WAR1,0.12675440203648317,0.09539706485713863,0.2506847759471568,0.09719404704624919,0.05007292747109275,0.08405692385159422,0.20693013707220123,0.088909721718084,ACQ2
485,USA,IRN,Nego,5.27,1.91,1,1,0.1434948873464146,0.15433580941078856,0.10499194190817306,0.044397256308816906,0.09525846364092086,0.08330390545130593,0.2050763671071635,0.16914136882641637,WAR1,0.12675440203648317,0.09539706485713863,0.2506847759471568,0.09719404704624919,0.05007292747109275,0.08405692385159422,0.20693013707220123,0.088909721718084,ACQ2
485,USA,IRN,Nego,5.27,1.92,1,1,0.14321037400370826,0.15492202775646846,0.10203256891557276,0.044974600801283675,0.09617519752933118,0.08316982224702824,0.2047462829859643,0.170769125760643,WAR1,0.12675440203648317,0.09539706485713863,0.2506847759471568,0.09719404704624919,0.05007292747109275,0.08405692385159422,0.20693013707220123,0.088909721718084,ACQ2
485,USA,IRN,Nego,5.27,1.93,1,1,0.14287852487989913,0.15546587802750686,0.09913171055024246,0.04558503921580341,0.0970891565971407,0.0830374136441685,0.20442032137466767,0.17239195571057106,WAR1,0.12675440203648317,0.09539706485713863,0.2506847759471568,0.09719404704624919,0.05007292747109275,0.08405692385159422,0.20693013707220123,0.088909721718084,ACQ2
485,USA,IRN,Nego,5.27,1.94,1,1,0.1424997326150633,0.1559662529408188,0.09629046660108527,0.046229705076546126,0.09799969999738876,0.08290675476803619,0.20409866721568976,0.17400872078537183,WAR1,0.12675440203648317,0.09539706485713863,0.2506847759471568,0.09719404704624919,0.05007292747109275,0.08405692385159422,0.20693013707220123,0.088909721718084,ACQ2
485,USA,IRN,Nego,5.27,1.95,1,1,0.1420745106120882,0.15642209631370765,0.09350983499786432,0.04690972508203016,0.09890618119549423,0.08277790705394754,0.2037814717496163,0.17561827299525123,WAR1,0.12675440203648317,0.09539706485713863,0.2506847759471568,0.09719404704624919,0.05007292747109275,0.08405692385159422,0.20693013707220123,0.088909721718084,ACQ2
485,USA,IRN,Nego,5.27,1.96,1,1,0.1416034926161762,0.1568324067399123,0.09079071092350942,0.04762621548449107,0.0998079493677647,0.08265091748781059,0.20346885064568615,0.17721945673464978,WAR1,0.12675440203648317,0.09539706485713863,0.2506847759471568,0.09719404704624919,0.05007292747109275,0.08405692385159422,0.20693013707220123,0.088909721718084,ACQ2
485,USA,IRN,Nego,5.27,1.97,1,1,0.14108743173542138,0.15719624129716192,0.08813388619821722,0.04838027829842349,0.10070435090005343,0.0825258178895998,0.2031608822378589,0.1788111114432638,WAR1,0.12675440203648317,0.09539706485713863,0.2506847759471568,0.09719404704624919,0.05007292747109275,0.08405692385159422,0.20693013707220123,0.088909721718084,ACQ2
485,USA,IRN,Nego,5.27,1.98,1,1,0.1405271989008567,0.1575127192800891,0.08554004892750461,0.04917299735143604,0.10159473098548304,0.08240262424130043,0.20285760587035806,0.1803920744429721,WAR1,0.12675440203648317,0.09539706485713863,0.2506847759471568,0.09719404704624919,0.05007292747109275,0.08405692385159422,0.20693013707220123,0.088909721718084,ACQ2
485,USA,IRN,Nego,5.27,1.99,1,1,0.1399237807665938,0.15778102594795887,0.08300978340779136,0.050005434194921025,0.10247843531853833,0.0822813360611457,0.20255902035717682,0.18196118394587393,WAR1,0.12675440203648317,0.09539706485713863,0.2506847759471568,0.09719404704624919,0.05007292747109275,0.08405692385159422,0.20693013707220123,0.088909721718084,ACQ2
485,USA,IRN,Nego,5.28,1.5,1,1,0.12209007790826726,0.11099726240942334,0.25018004895339246,0.03744817650732885,0.062040184173572224,0.0887072263851045,0.21837818556830657,0.11015883809460467,ACQ2,0.12675440203648317,0.09539706485713863,0.2506847759471568,0.09719404704624919,0.05007292747109275,0.08405692385159422,0.20693013707220123,0.088909721718084,ACQ2
485,USA,IRN,Nego,5.28,1.51,1,1,0.12303698177436198,0.11220285302914182,0.2465433236126342,0.03744823428114046,0.06269521070743621,0.08861076703676707,0.21814072331940731,0.11132190623911103,ACQ2,0.12675440203648317,0.09539706485713863,0.2506847759471568,0.09719404704624919,0.05007292747109275,0.08405692385159422,0.20693013707220123,0.088909721718084,ACQ2
485,USA,IRN,Nego,5.28,1.52,1,1,0.12397894329633595,0.11341549317527044,0.2428775206249273,0.03745187044798966,0.06336172265250177,0.08851185609567497,0.21789722577440712,0.11250536793289291,ACQ2,0.12675440203648317,0.09539706485713863,0.2506847759471568,0.09719404704624919,0.05007292747109275,0.08405692385159422,0.20693013707220123,0.088909721718084,ACQ2
485,USA,IRN,Nego,5.28,1.53,1,1,0.12491477672245196,0.11463445406216909,0.23918466599312543,0.03745930467787566,0.06403965170373296,0.08841045267319089,0.21764759227424157,0.11370910189321241,ACQ2,0.12675440203648317,0.09539706485713863,0.2506847759471568,0.09719404704624919,0.05007292747109275,0.08405692385159422,0.20693013707220123,0.088909721718084,ACQ2
485,USA,IRN,Nego,5.28,1.54,1,1,0.12584325768235097,0.11585896713448357,0.23546684201802104,0.03747077892087963,0.06472891811052695,0.08830652500275683,0.217391744616451,0.11493296651453011,ACQ2,0.12675440203648317,0.09539706485713863,0.2506847759471568,0.09719404704624919,0.05007292747109275,0.08405692385159422,0.20693013707220123,0.088909721718084,ACQ2
485,USA,IRN,Nego,5.28,1.55,1,1,0.12676312436930015,0.11708822365697755,0.23172618573446646,0.03748655830525638,0.06542943019911737,0.08820005079211848,0.21712962792228138,0.11617679902048222,ACQ2,0.12675440203648317,0.09539706485713863,0.2506847759471568,0.09719404704624919,0.05007292747109275,0.08405692385159422,0.20693013707220123,0.088909721718084,ACQ2
485,USA,IRN,Nego,5.28,1.56,1,1,0.1276730789808489,0.11832137442765783,0.22796488707342372,0.03750693201868873,0.06614108390208719,0.08809101754362303,0.2168612114251891,0.11744041462848155,ACQ2,0.12675440203648317,0.09539706485713863,0.2506847759471568,0.09719404704624919,0.05007292747109275,0.08405692385159422,0.20693013707220123,0.088909721718084,ACQ2
485,USA,IRN,Nego,5.28,1.57,1,1,0.12857178943000205,0.11955752962402447,0.2241851867427578,0.037532214167073405,0.06686376229702073,0.08797942283832552,0.21658648917025008,0.1187236057305458,ACQ2,0.12675440203648317,0.09539706485713863,0.2506847759471568,0.09719404704624919,0.05007292747109275,0.08405692385159422,0.20693013707220123,0.088909721718084,ACQ2
485,USA,IRN,Nego,5.28,1.58,1,1,0.12945789133784222,0.12079575879196978,0.22038937382122412,0.03756274460497468,0.06759733515638394,0.08786527457961868,0.2163054806139239,0.12002614109406276,ACQ2,0.12675440203648317,0.09539706485713863,0.2506847759471568,0.09719404704624919,0.05007292747109275,0.08405692385159422,0.20693013707220123,0.088909721718084,ACQ2
485,USA,IRN,Nego,5.28,1.59,1,1,0.13032999031711345,0.12203509098640068,0.21657978306193026,0.037598889731692973,0.0683416585107641,0.08774859119212873,0.21601823111369262,0.12134776508627725,ACQ2,0.12675440203648317,0.09539706485713863,0.2506847759471568,0.09719404704624919,0.05007292747109275,0.08405692385159422,0.20693013707220123,0.088909721718084,ACQ2
485,USA,IRN,Nego,5.28,1.6,1,1,0.13118666455460015,0.12327451507207995,0.21275879190358932,0.03764104324674611,0.069096574227635,0.0876294017717041,0.21572481229730148,0.1226881969263439,WAR1,0.12675440203648317,0.09539706485713863,0.2506847759471568,0.09719404704624919,0.05007292747109275,0.08405692385159422,0.20693013707220123,0.088909721718084,ACQ2
485,USA,IRN,Nego,5.28,1.61,1,1,0.1320264676982109,0.12451298019244732,0.20892881719010434,0.03768962685846187,0.06986190960782272,0.08750774618246632,0.21542532230167633,0.12404712996881033,WAR1,0.12675440203648317,0.09539706485713863,0.2506847759471568,0.09719404704624919,0.05007292747109275,0.08405692385159422,0.20693013707220123,0.088909721718084,ACQ2
485,USA,IRN,Nego,5.28,1.62,1,1,0.13284793205248996,0.1257493964133126,0.20509231160141916,0.03774509093933118,0.07063747700185244,0.08738367509709523,0.21511988587209846,0.12542423102240083,WAR1,0.12675440203648317,0.09539706485713863,0.2506847759471568,0.09719404704624919,0.05007292747109275,0.08405692385159422,0.20693013707220123,0.088909721718084,ACQ2
485,USA,IRN,Nego,5.28,1.63,1,1,0.1336495720838445,0.12698263554729025,0.20125175980112908,0.037807915121776885,0.07142307344833723,0.08725724997679665,0.214808654312888,0.12681913970793754,WAR1,0.12675440203648317,0.09539706485713863,0.2506847759471568,0.09719404704624919,0.05007292747109275,0.08405692385159422,0.20693013707220123,0.088909721718084,ACQ2
485,USA,IRN,Nego,5.28,1.64,1,1,0.13442988823410817,0.12821153216369213,0.19740967430902512,0.03787860882804977,0.07221848033653937,0.08712854298773119,0.21449180528167103,0.12823146785918305,WAR1,0.12675440203648317,0.09539706485713863,0.2506847759471568,0.09719404704624919,0.05007292747109275,0.08405692385159422,0.20693013707220123,0.088909721718084,ACQ2
485,USA,IRN,Nego,5.28,1.65,1,1,0.13518737103816955,0.12943488478730558,0.19356859110953833,0.03795771172807898,0.07302346309519026,0.08699763685109672,0.21416954242031308,0.12966079897030744,WAR1,0.12675440203648317,0.09539706485713863,0.2506847759471568,0.09719404704624919,0.05007292747109275,0.08405692385159422,0.20693013707220123,0.088909721718084,ACQ2
485,USA,IRN,Nego,5.28,1.66,1,1,0.13592050553830667,0.13065145728808436,0.18973106500989081,0.03804579411926533,0.07383777090959509,0.08686462462452185,0.213842094816758,0.13110668769357792,WAR1,0.12675440203648317,0.09539706485713863,0.2506847759471568,0.09719404704624919,0.05007292747109275,0.08405692385159422,0.20693013707220123,0.088909721718084,ACQ2
485,USA,IRN,Nego,5.28,1.67,1,1,0.136627775984616,0.13185998046227748,0.18589966476464714,0.03814345722242025,0.07466113646898113,0.08672960941297093,0.21350971629333743,0.1325686593907496,WAR1,0.12675440203648317,0.09539706485713863,0.2506847759471568,0.09719404704624919,0.05007292747109275,0.08405692385159422,0.20693013707220123,0.088909721718084,ACQ2
485,USA,IRN,Nego,5.28,1.68,1,1,0.13730767080754366,0.13305915380394456,0.18207696798620343,0.03825133338830533,0.07549327574597207,0.08659270400795246,0.21317268451857946,0.13404620974149886,WAR1,0.12675440203648317,0.09539706485713863,0.2506847759471568,0.09719404704624919,0.05007292747109275,0.08405692385159422,0.20693013707220123,0.088909721718084,ACQ2
485,USA,IRN,Nego,5.28,1.69,1,1,0.13795868784505458,0.13424764746418327,0.17826555586353446,0.0383700862095148,0.07633388780998879,0.08645403045447671,0.21283129994115083,0.13553880441209676,WAR1,0.12675440203648317,0.09539706485713863,0.2506847759471568,0.09719404704624919,0.05007292747109275,0.08405692385159422,0.20693013707220123,0.088909721718084,ACQ2
485,USA,IRN,Nego,5.28,1.7,1,1,0.13857933980347484,0.1354241043937478,0.17446800771417106,0.03850041053275591,0.07718265467629751,0.0863137195459006,0.21248588454627343,0.13704587878737876,WAR1,0.12675440203648317,0.09539706485713863,0.2506847759471568,0.09719404704624919,0.05007292747109275,0.08405692385159422,0.20693013707220123,0.088909721718084,ACQ2
485,USA,IRN,Nego,5.28,1.71,1,1,0.13916815992755469,0.13658714266311633,0.17068689539685242,0.03864303236690564,0.07803924119234919,0.08617191024753205,0.2121367804367616,0.13856683776892792,WAR1,0.12675440203648317,0.09539706485713863,0.2506847759471568,0.09719404704624919,0.05007292747109275,0.08405692385159422,0.20693013707220123,0.088909721718084,ACQ2
485,USA,IRN,Nego,5.28,1.72,1,1,0.13972370785188684,0.13773535795249342,0.1669247776145232,0.03879870868254746,0.07890329496298543,0.08602874905061692,0.2117843482426764,0.14010105564227032,WAR1,0.12675440203648317,0.09539706485713863,0.2506847759471568,0.09719404704624919,0.05007292747109275,0.08405692385159422,0.20693013707220123,0.088909721718084,ACQ2
485,USA,IRN,Nego,5.28,1.73,1,1,0.14024457560254996,0.13886732620276324,0.16318419413928037,0.03896822709900197,0.07977444631603466,0.08588438925909951,0.21142896536548286,0.1416478760157876,WAR1,0.12675440203648317,0.09539706485713863,0.2506847759471568,0.09719404704624919,0.05007292747109275,0.08405692385159422,0.20693013707220123,0.088909721718084,ACQ2
485,USA,IRN,Nego,5.28,1.74,1,1,0.1407293937147786,0.13998160641707663,0.15946765999245197,0.03915240545514971,0.08065230830978817,0.08573899021230431,0.21107102406445918,0.14320661183399133,WAR1,0.12675440203648317,0.09539706485713863,0.2506847759471568,0.09719404704624919,0.05007292747109275,0.08405692385159422,0.20693013707220123,0.088909721718084,ACQ2
485,USA,IRN,Nego,5.28,1.75,1,1,0.1411768374296629,0.1410767436016012,0.15577765961416531,0.03935209126058436,0.08153647678383831,0.08559271644742741,0.21071092939492927,0.14477654546779134,WAR1,0.12675440203648317,0.09539706485713863,0.2506847759471568,0.09719404704624919,0.05007292747109275,0.08405692385159422,0.20693013707220123,0.088909721718084,ACQ2
485,USA,IRN,Nego,5.28,1.76,1,1,0.14158563293041618,0.14215127183303647,0.15211664105748693,0.03956816102382226,0.08242653045478003,0.0854457368064234,0.2103490970096103,0.14635692888442448,WAR1,0.12675440203648317,0.09539706485713863,0.2506847759471568,0.09719404704624919,0.05007292747109275,0.08405692385159422,0.20693013707220123,0.088909721718084,ACQ2
485,USA,IRN,Nego,5.28,1.77,1,1,0.1419545635766703,0.14320371743981916,0.1484870102424587,0.039801519454415735,0.08332203105833699,0.08529822349252322,0.2099859508359622,0.14794698389981362,WAR1,0.12675440203648317,0.09539706485713863,0.2506847759471568,0.09719404704624919,0.05007292747109275,0.08405692385159422,0.20693013707220123,0.088909721718084,ACQ2
485,USA,IRN,Nego,5.28,1.78,1,1,0.1422824760936246,0.1442326022835612,0.14489112530508458,0.04005309853586471,0.0842225235395594,0.08515035108218941,0.20962192064383203,0.14954590251628422,WAR1,0.12675440203648317,0.09539706485713863,0.2506847759471568,0.09719404704624919,0.05007292747109275,0.08405692385159422,0.20693013707220123,0.088909721718084,ACQ2
485,USA,IRN,Nego,5.28,1.79,1,1,0.14256828667172583,0.14523644712718967,0.1413312910755191,0.040323856466193436,0.0851275362928749,0.08500229549880381,0.2092574395188937,0.1511528473487997,WAR1,0.12675440203648317,0.09539706485713863,0.2506847759471568,0.09719404704624919,0.05007292747109275,0.08405692385159422,0.20693013707220123,0.088909721718084,ACQ2
485,USA,IRN,Nego,5.28,1.8,1,1,0.1428109869319312,0.14621377507651118,0.13780975371838952,0.040614776462953306,0.08603658145393932,0.08485423295477043,0.20889294125833183,0.15276695214317326,WAR1,0.12675440203648317,0.09539706485713863,0.2506847759471568,0.09719404704624919,0.05007292747109275,0.08405692385159422,0.20693013707220123,0.088909721718084,ACQ2
485,USA,IRN,Nego,5.28,1.81,1,1,0.14300964971152288,0.14716311508250096,0.13432869556634236,0.040926865429239456,0.08694915524543732,0.08470633886898961,0.20852885770589508,0.1543873223900725,WAR1,0.12675440203648317,0.09539706485713863,0.2506847759471568,0.09719404704624919,0.05007292747109275,0.08405692385159422,0.20693013707220123,0.088909721718084,ACQ2
485,USA,IRN,Nego,5.28,1.82,1,1,0.14316343462591233,0.14808300549251685,0.13089023017558638,0.04126115247708287,0.08786473837921356,0.08455878676681533,0.20816561604382655,0.156013036039046,WAR1,0.12675440203648317,0.09539706485713863,0.2506847759471568,0.09719404704624919,0.05007292747109275,0.08405692385159422,0.20693013707220123,0.088909721718084,ACQ2
485,USA,IRN,Nego,5.28,1.83,1,1,0.14327159336289264,0.14897199763982255,0.12749639762944834,0.04161868730431893,0.08878279651737259,0.08441174716963742,0.20780363605925348,0.15764314431725412,WAR1,0.12675440203648317,0.09539706485713863,0.2506847759471568,0.09719404704624919,0.05007292747109275,0.08405692385159422,0.20693013707220123,0.088909721718084,ACQ2
485,USA,IRN,Nego,5.28,1.84,1,1,0.14333347466733404,0.14982865946223492,0.12414916011283558,0.04200053842077407,0.08970278079524682,0.0842653864811364,0.20744332740238453,0.15927667265805331,WAR1,0.12675440203648317,0.09539706485713863,0.2506847759471568,0.09719404704624919,0.05007292747109275,0.08405692385159422,0.20693013707220123,0.088909721718084,ACQ2
485,USA,IRN,Nego,5.28,1.85,1,1,0.14334852897635533,0.15065157914234284,0.12085039777708233,0.04240779121938671,0.09062412840939711,0.08411986587704397,0.20708508685333896,0.16091262174505272,WAR1,0.12675440203648317,0.09539706485713863,0.2506847759471568,0.09719404704624919,0.05007292747109275,0.08405692385159422,0.20693013707220123,0.088909721718084,ACQ2
485,USA,IRN,Nego,5.28,1.86,1,1,0.14331631266747077,0.1514393687634693,0.11760190491103789,0.04284154588773606,0.09154626327405056,0.08397534020491836,0.20672929561362854,0.16254996867768842,WAR1,0.12675440203648317,0.09539706485713863,0.2506847759471568,0.09719404704624919,0.05007292747109275,0.08405692385159422,0.20693013707220123,0.088909721718084,ACQ2
485,USA,IRN,Nego,5.28,1.87,1,1,0.1432364918850653,0.1521906679773308,0.11440538643054934,0.04330291515544399,0.0924685967495835,0.08383195690002293,0.20637631663728326,0.16418766826472067,WAR1,0.12675440203648317,0.09539706485713863,0.2506847759471568,0.09719404704624919,0.05007292747109275,0.08405692385159422,0.20693013707220123,0.088909721718084,ACQ2
485,USA,IRN,Nego,5.28,1.88,1,1,0.14310884591369485,0.15290414768102428,0.11126245469479423,0.04379302187309567,0.09339052844679502,0.08368985492290122,0.2060264920153884,0.16582465445230632,WAR1,0.12675440203648317,0.09539706485713863,0.2506847759471568,0.09719404704624919,0.05007292747109275,0.08405692385159422,0.20693013707220123,0.088909721718084,ACQ2
485,USA,IRN,Nego,5.28,1.89,1,1,0.14293327007009154,0.153578513702491,0.10817462665435765,0.044312996418757085,0.09431144711077243,0.08354916372369028,0.20568014042644642,0.1674598418933939,WAR1,0.12675440203648317,0.09539706485713863,0.2506847759471568,0.09719404704624919,0.05007292747109275,0.08405692385159422,0.20693013707220123,0.088909721718084,ACQ2
485,USA,IRN,Nego,5.28,1.9,1,1,0.14270977808926294,0.15421251049481208,0.10514332133263335,0.0448639739289073,0.09523073158808933,0.08341000223764265,0.20533755466356685,0.16909212766508536,WAR1,0.12675440203648317,0.09539706485713863,0.2506847759471568,0.09719404704624919,0.05007292747109275,0.08405692385159422,0.20693013707220123,0.088909721718084,ACQ2
485,USA,IRN,Nego,5.28,1.91,1,1,0.142438503983652,0.15480492484048536,0.1021698576391678,0.04544709135171006,0.0961477518808862,0.08327247791575382,0.20499899924807885,0.17072039314026602,WAR1,0.12675440203648317,0.09539706485713863,0.2506847759471568,0.09719404704624919,0.05007292747109275,0.08405692385159422,0.20693013707220123,0.088909721718084,ACQ2
485,USA,IRN,Nego,5.28,1.92,1,1,0.1421197033578753,0.15535458956711118,0.09925545251105587,0.046063484322065154,0.09706187029102577,0.08313668579385564,0.2046647081378387,0.1723435060191726,WAR1,0.12675440203648317,0.09539706485713863,0.2506847759471568,0.09719404704624919,0.05007292747109275,0.08405692385159422,0.20693013707220123,0.088909721718084,ACQ2
485,USA,IRN,Nego,5.28,1.93,1,1,0.14175375416503375,0.15586038727556875,0.09640121937652466,0.04671428385984952,0.09797244265698564,0.0830027076030657,0.20433488253734694,0.1739603225256252,WAR1,0.12675440203648317,0.09539706485713863,0.2506847759471568,0.09719404704624919,0.05007292747109275,0.08405692385159422,0.20693013707220123,0.088909721718084,ACQ2
485,USA,IRN,Nego,5.28,1.94,1,1,0.14134115689391574,0.15632125408072714,0.09360816693345113,0.04740061289519525,0.09887881968541744,0.08287061092409889,0.20400968881584403,0.1755696897713501,WAR1,0.12675440203648317,0.09539706485713863,0.2506847759471568,0.09719404704624919,0.05007292747109275,0.08405692385159422,0.20693013707220123,0.088909721718084,ACQ2
485,USA,IRN,Nego,5.28,1.95,1,1,0.14088253417958432,0.15673618336294384,0.09087719823480361,0.048123582627560765,0.09978034837836161,0.08274044838768546,0.20368925653891173,0.17717044829014872,WAR1,0.12675440203648317,0.09539706485713863,0.2506847759471568,0.09719404704624919,0.05007292747109275,0.08405692385159422,0.20693013707220123,0.088909721718084,ACQ2
485,USA,IRN,Nego,5.28,1.96,1,1,0.14037862983280788,0.15710422952605962,0.08820911007285408,0.04888428872871365,0.1006763735559577,0.08261225692320585,0.2033736766187722,0.17876143474162895,WAR1,0.12675440203648317,0.09539706485713863,0.2506847759471568,0.09719404704624919,0.05007292747109275,0.08405692385159422,0.20693013707220123,0.088909721718084,ACQ2
485,USA,IRN,Nego,5.28,1.97,1,1,0.1398303072866098,0.15742451175428798,0.0856045926544807,0.04968380740350457,0.1015662394731294,0.08248605705766772,0.20306299958852064,0.18034148478179932,WAR1,0.12675440203648317,0.09539706485713863,0.2506847759471568,0.09719404704624919,0.05007292747109275,0.08405692385159422,0.20693013707220123,0.088909721718084,ACQ2
485,USA,IRN,Nego,5.28,1.98,1,1,0.13923854746085998,0.1576962177564089,0.08306422956087182,0.050523191326403497,0.10244929152716892,0.08236185226731052,0.2027572340059137,0.18190943609506252,WAR1,0.12675440203648317,0.09539706485713863,0.2506847759471568,0.09719404704624919,0.05007292747109275,0.08405692385159422,0.20693013707220123,0.088909721718084,ACQ2
485,USA,IRN,Nego,5.28,1.99,1,1,0.13860444604840771,0.15791860748109543,0.08058849798639654,0.051403465476087984,0.10332487805142186,0.08223962838442138,0.20245634499307755,0.18346413157909183,WAR1,0.12675440203648317,0.09539706485713863,0.2506847759471568,0.09719404704624919,0.05007292747109275,0.08405692385159422,0.20693013707220123,0.088909721718084,ACQ2
485,USA,IRN,Nego,5.29,1.5,1,1,0.12183639885664076,0.11176471987087817,0.24734475354099195,0.03778297515211551,0.06261520122821176,0.08882008673774675,0.21865602357583958,0.11117984103757551,ACQ2,0.12675440203648317,0.09539706485713863,0.2506847759471568,0.09719404704624919,0.05007292747109275,0.08405692385159422,0.20693013707220123,0.088909721718084,ACQ2
485,USA,IRN,Nego,5.29,1.51,1,1,0.12278233666377149,0.11298178968670668,0.24366786894605064,0.037789205382756264,0.06328269456800788,0.08872041249835648,0.21841064695396833,0.11236504530038215,ACQ2,0.12675440203648317,0.09539706485713863,0.2506847759471568,0.09719404704624919,0.05007292747109275,0.08405692385159422,0.20693013707220123,0.088909721718084,ACQ2
485,USA,IRN,Nego,5.29,1.52,1,1,0.1237226040094858,0.114205499718337,0.23996338252731098,0.0377992355227167,0.06396165777724157,0.08861813738668545,0.2181588675417865,0.11357061551643619,ACQ2,0.12675440203648317,0.09539706485713863,0.2506847759471568,0.09719404704624919,0.05007292747109275,0.08405692385159422,0.20693013707220123,0.088909721718084,ACQ2
485,USA,IRN,Nego,5.29,1.53,1,1,0.12465598006636287,0.11543508014127508,0.2362333835524795,0.037813307857938336,0.06465201041256158,0.08851322742524202,0.21790060169398962,0.11479640885015097,ACQ2,0.12675440203648317,0.09539706485713863,0.2506847759471568,0.09719404704624919,0.05007292747109275,0.08405692385159422,0.20693013707220123,0.088909721718084,ACQ2
485,USA,IRN,Nego,5.29,1.54,1,1,0.1255812054883563,0.11666971997129709,0.23248001764826737,0.03783168812263367,0.06535365989403387,0.08840565833021269,0.2176357896290318,0.1160422609161672,ACQ2,0.12675440203648317,0.09539706485713863,0.2506847759471568,0.09719404704624919,0.05007292747109275,0.08405692385159422,0.20693013707220123,0.088909721718084,ACQ2
485,USA,IRN,Nego,5.29,1.55,1,1,0.1264969837864763,0.11790856672418064,0.2287054850150736,0.03785466640111447,0.066066501022542,0.08829541585451593,0.21736439627365045,0.11730798492244687,ACQ2,0.12675440203648317,0.09539706485713863,0.2506847759471568,0.09719404704624919,0.05007292747109275,0.08405692385159422,0.20693013707220123,0.088909721718084,ACQ2
485,USA,IRN,Nego,5.29,1.56,1,1,0.12740198297778701,0.11915072621094314,0.22491203835404444,0.03788255800665714,0.06679041550672742,0.08818249609483009,0.21708641201870438,0.1185933708303064,ACQ2,0.12675440203648317,0.09539706485713863,0.2506847759471568,0.09719404704624919,0.05007292747109275,0.08405692385159422,0.20693013707220123,0.088909721718084,ACQ2
485,USA,IRN,Nego,5.29,1.57,1,1,0.12829483751942278,0.12039526247877289,0.22110198050006172,0.0379157043312609,0.06752527150169507,0.08806690575812659,0.2168018533753199,0.11989818453534007,ACQ2,0.12675440203648317,0.09539706485713863,0.2506847759471568,0.09719404704624919,0.05007292747109275,0.08405692385159422,0.20693013707220123,0.088909721718084,ACQ2
485,USA,IRN,Nego,5.29,1.58,1,1,0.12917415053793976,0.12164119790743391,0.21727766175603583,0.03795447365993606,0.06827092316176135,0.08794866238324747,0.21651076352036855,0.12122216707327724,ACQ2,0.12675440203648317,0.09539706485713863,0.2506847759471568,0.09719404704624919,0.05007292747109275,0.08405692385159422,0.20693013707220123,0.088909721718084,ACQ2
485,USA,IRN,Nego,5.29,1.59,1,1,0.1300384963626791,0.1228875134703763,0.21344147692591509,0.03799926194298753,0.06902721020956325,0.0878277945131334,0.21621321272045485,0.12256503385489043,WAR1,0.12675440203648317,0.09539706485713863,0.2506847759471568,0.09719404704624919,0.05007292747109275,0.08405692385159422,0.20693013707220123,0.088909721718084,ACQ2
485,USA,IRN,Nego,5.29,1.6,1,1,0.13088642336990886,0.1241331491690883,0.20959586204605002,0.03805049351963394,0.069793957523869,0.08770434181343284,0.21590929862390673,0.12392647393411026,WAR1,0.12675440203648317,0.09539706485713863,0.2506847759471568,0.09719404704624919,0.05007292747109275,0.08405692385159422,0.20693013707220123,0.088909721718084,ACQ2
485,USA,IRN,Nego,5.29,1.61,1,1,0.13171645714233884,0.12537700464837112,0.20574329081698117,0.03810862178623238,0.07057097474843771,0.08757835513340888,0.2155991464107154,0.12530614931351453,WAR1,0.12675440203648317,0.09539706485713863,0.2506847759471568,0.09719404704624919,0.05007292747109275,0.08405692385159422,0.20693013707220123,0.088909721718084,ACQ2
485,USA,IRN,Nego,5.29,1.62,1,1,0.13252710394617198,0.12661793999921983,0.20188627074030213,0.038174129802367,0.07135805592426485,0.08744989650532045,0.21528290879101175,0.12670369429134173,WAR1,0.12675440203648317,0.09539706485713863,0.2506847759471568,0.09719404704624919,0.05007292747109275,0.08405692385159422,0.20693013707220123,0.088909721718084,ACQ2
485,USA,IRN,Nego,5.29,1.63,1,1,0.1333168545251706,0.1278547767548397,0.1980273389679966,0.03824753082810117,0.07215497914752252,0.08731903907877768,0.2149607658434632,0.12811871485412835,WAR1,0.12675440203648317,0.09539706485713863,0.2506847759471568,0.09719404704624919,0.05007292747109275,0.08405692385159422,0.20693013707220123,0.088909721718084,ACQ2
485,USA,IRN,Nego,5.29,1.64,1,1,0.13408418820830223,0.12908629908403715,0.1941690578744932,0.03832936878579933,0.0729615062554604,0.08718586698696665,0.2146329246859483,0.12955078811899282,WAR1,0.12675440203648317,0.09539706485713863,0.2506847759471568,0.09719404704624919,0.05007292747109275,0.08405692385159422,0.20693013707220123,0.088909721718084,ACQ2
485,USA,IRN,Nego,5.29,1.65,1,1,0.13482757732439268,0.13031125518480577,0.19031401036463202,0.03842021864008215,0.07377738254247336,0.08705047514210883,0.21429961897202102,0.130999461829484,WAR1,0.12675440203648317,0.09539706485713863,0.2506847759471568,0.09719404704624919,0.05007292747109275,0.08405692385159422,0.20693013707220123,0.088909721718084,ACQ2
485,USA,IRN,Nego,5.29,1.66,1,1,0.13554549191391588,0.13152835887939565,0.1864647949336977,0.03852068668969639,0.07460233650847238,0.08691296895804998,0.21396110820798445,0.13246425390878772,WAR1,0.12675440203648317,0.09539706485713863,0.2506847759471568,0.09719404704624919,0.05007292747109275,0.08405692385159422,0.20693013707220123,0.088909721718084,ACQ2
485,USA,IRN,Nego,5.29,1.67,1,1,0.13623640472457485,0.13273629141053506,0.18262402049866294,0.038631410765341746,0.07543607964161,0.08677346399847426,0.21361767688686878,0.13394465207393236,WAR1,0.12675440203648317,0.09539706485713863,0.2506847759471568,0.09719404704624919,0.05007292747109275,0.08405692385159422,0.20693013707220123,0.088909721718084,ACQ2
485,USA,IRN,Nego,5.29,1.68,1,1,0.1368987964737804,0.133933703436785,0.17879430102269195,0.03875306032780625,0.07627830623732541,0.08663208554989596,0.2132696334372298,0.13544011351448537,WAR1,0.12675440203648317,0.09539706485713863,0.2506847759471568,0.09719404704624919,0.05007292747109275,0.08405692385159422,0.20693013707220123,0.088909721718084,ACQ2
485,USA,IRN,Nego,5.29,1.69,1,1,0.13753116135750856,0.13511921722329223,0.17497824995776434,0.038886336461098805,0.07712869325557878,0.08648896811928697,0.21291730898641317,0.13695006463905715,WAR1,0.12675440203648317,0.09539706485713863,0.2506847759471568,0.09719404704624919,0.05007292747109275,0.08405692385159422,0.20693013707220123,0.088909721718084,ACQ2
485,USA,IRN,Nego,5.29,1.7,1,1,0.13813201278140233,0.13629142902248337,0.17117847453291954,0.03903197175563208,0.07798690021805399,0.08634425485694719,0.21256105593978736,0.13847390089277414,WAR1,0.12675440203648317,0.09539706485713863,0.2506847759471568,0.09719404704624919,0.05007292747109275,0.08405692385159422,0.20693013707220123,0.088909721718084,ACQ2
485,USA,IRN,Nego,5.29,1.71,1,1,0.13869988928642774,0.13744891163756726,0.16739756991802995,0.03919073007688093,0.07885256914702192,0.08619809690600265,0.2122012463793454,0.140010986648724,WAR1,0.12675440203648317,0.09539706485713863,0.2506847759471568,0.09719404704624919,0.05007292747109275,0.08405692385159422,0.20693013707220123,0.088909721718084,ACQ2
485,USA,IRN,Nego,5.29,1.72,1,1,0.13923336063795633,0.13859021716011052,0.16363811329514302,0.039363406215312646,0.07972532454748066,0.08605065268070891,0.21183827028704377,0.14156065517624405,WAR1,0.12675440203648317,0.09539706485713863,0.2506847759471568,0.09719404704624919,0.05007292747109275,0.08405692385159422,0.20693013707220123,0.088909721718084,ACQ2
485,USA,IRN,Nego,5.29,1.73,1,1,0.13973103404390308,0.13971387987147452,0.15990265787121125,0.039550825413739416,0.08060477343413067,0.08590208707653216,0.2114725336001911,0.14312220868881767,WAR1,0.12675440203648317,0.09539706485713863,0.2506847759471568,0.09719404704624919,0.05007292747109275,0.08405692385159422,0.20693013707220123,0.088909721718084,ACQ2
485,USA,IRN,Nego,5.29,1.74,1,1,0.14019156046455364,0.1408184192965914,0.15619372686741595,0.03975384276856704,0.08149050540470437,0.08575257061576105,0.21110445610812706,0.1446949184742797,WAR1,0.12675440203648317,0.09539706485713863,0.2506847759471568,0.09719404704624919,0.05007292747109275,0.08405692385159422,0.20693013707220123,0.088909721718084,ACQ2
485,USA,IRN,Nego,5.29,1.75,1,1,0.14061364097405024,0.1419023433974425,0.15251380752123755,0.03997334250169503,0.08238209276115784,0.08560227853314711,0.21073446920126535,0.14627802511000426,WAR1,0.12675440203648317,0.09539706485713863,0.2506847759471568,0.09719404704624919,0.05007292747109275,0.08405692385159422,0.20693013707220123,0.088909721718084,ACQ2
485,USA,IRN,Nego,5.29,1.76,1,1,0.14099603313120893,0.14296415189275022,0.14886534513787664,0.040210237100047425,0.08327909068025185,0.08545138980677414,0.21036301348530145,0.14787073876578943,WAR1,0.12675440203648317,0.09539706485713863,0.2506847759471568,0.09719404704624919,0.05007292747109275,0.08405692385159422,0.20693013707220123,0.088909721718084,ACQ2
485,USA,IRN,Nego,5.29,1.77,1,1,0.14133755731549716,0.1440023396897946,0.14525073722757276,0.04046546631987809,0.08418103743509989,0.08530008613998447,0.209990536274934,0.14947223959723896,WAR1,0.12675440203648317,0.09539706485713863,0.2506847759471568,0.09719404704624919,0.05007292747109275,0.08405692385159422,0.20693013707220123,0.088909721718084,ACQ2
485,USA,IRN,Nego,5.29,1.78,1,1,0.1416371029826309,0.14501540041399252,0.14167232776478003,0.04073999605308529,0.08508745466935172,0.08514855090074513,0.20961748898281046,0.15108167823260393,WAR1,0.12675440203648317,0.09539706485713863,0.2506847759471568,0.09719404704624919,0.05007292747109275,0.08405692385159422,0.20693013707220123,0.088909721718084,ACQ2
485,USA,IRN,Nego,5.29,1.79,1,1,0.141893634793416,0.1460018300219059,0.13813240160402276,0.041034817052797455,0.08599784772579994,0.08499696802528421,0.20924432442051571,0.15269817635625804,WAR1,0.12675440203648317,0.09539706485713863,0.2506847759471568,0.09719404704624919,0.05007292747109275,0.08405692385159422,0.20693013707220123,0.088909721718084,ACQ2
485,USA,IRN,Nego,5.29,1.8,1,1,0.14210619856917267,0.1469601304837036,0.134633179085597,0.041350943515452536,0.08691170603135709,0.08484552089317735,0.20887149402927524,0.15432082739226444,WAR1,0.12675440203648317,0.09539706485713863,0.2506847759471568,0.09719404704624919,0.05007292747109275,0.08405692385159422,0.20693013707220123,0.088909721718084,ACQ2
485,USA,IRN,Nego,5.29,1.81,1,1,0.14227392702735991,0.14788881352178138,0.13117681086212482,0.041689411516502795,0.08782850354053333,0.08469439118128526,0.20849944505859513,0.15594869729181748,WAR1,0.12675440203648317,0.09539706485713863,0.2506847759471568,0.09719404704624919,0.05007292747109275,0.08405692385159422,0.20693013707220123,0.088909721718084,ACQ2
485,USA,IRN,Nego,5.29,1.82,1,1,0.14239604525187097,0.1487864043932079,0.12776537297434098,0.042051277296757394,0.08874769923975347,0.08454375770404692,0.20812861771131297,0.1575808254287095,WAR1,0.12675440203648317,0.09539706485713863,0.2506847759471568,0.09719404704624919,0.05007292747109275,0.08405692385159422,0.20693013707220123,0.088909721718084,ACQ2
485,USA,IRN,Nego,5.29,1.83,1,1,0.14247187585386284,0.14965144570490002,0.12440086220148021,0.04243761539624355,0.08966873771506868,0.08439379524760884,0.20775944227347282,0.1592162256073629,WAR1,0.12675440203648317,0.09539706485713863,0.2506847759471568,0.09719404704624919,0.05007292747109275,0.08405692385159422,0.20693013707220123,0.088909721718084,ACQ2
485,USA,IRN,Nego,5.29,1.84,1,1,0.14250084378090497,0.15048250125185278,0.12108519170828053,0.04284951663237364,0.09059104978603587,0.08424467340512333,0.2073923362470796,0.1608538871883492,WAR1,0.12675440203648317,0.09539706485713863,0.2506847759471568,0.09719404704624919,0.05007292747109275,0.08405692385159422,0.20693013707220123,0.088909721718084,ACQ2
485,USA,IRN,Nego,5.29,1.85,1,1,0.14248248073462527,0.151278159870324,0.11782018700703899,0.04328808591917407,0.09151405320873598,0.08409655542028814,0.207027701503142,0.16249277633667158,WAR1,0.12675440203648317,0.09539706485713863,0.2506847759471568,0.09719404704624919,0.05007292747109275,0.08405692385159422,0.20693013707220123,0.088909721718084,ACQ2
485,USA,IRN,Nego,5.29,1.86,1,1,0.1424164291598392,0.15203703929948742,0.11460758224944453,0.043754439924424786,0.09243715345106525,0.08394959704583883,0.20666592147152457,0.16413183739837547,WAR1,0.12675440203648317,0.09539706485713863,0.2506847759471568,0.09719404704624919,0.05007292747109275,0.08405692385159422,0.20693013707220123,0.088909721718084,ACQ2
485,USA,IRN,Nego,5.29,1.87,1,1,0.14230244577130788,0.1527577900466493,0.11144901685916615,0.04424970456181915,0.0933597445435372,0.0838039454232563,0.20630735838302747,0.16576999441123672,WAR1,0.12675440203648317,0.09539706485713863,0.2506847759471568,0.09719404704624919,0.05007292747109275,0.08405692385159422,0.20693013707220123,0.088909721718084,ACQ2
485,USA,IRN,Nego,5.29,1.88,1,1,0.14214040458769664,0.1534390992525486,0.10834603251252192,0.044775012315743073,0.09428121000885778,0.08365973798944618,0.20595235057786626,0.16740615275531942,WAR1,0.12675440203648317,0.09539706485713863,0.2506847759471568,0.09719404704624919,0.05007292747109275,0.08405692385159422,0.20693013707220123,0.088909721718084,ACQ2
485,USA,IRN,Nego,5.29,1.89,1,1,0.14193029944592986,0.15407969455443918,0.10530007047110125,0.04533149939703924,0.09520092387345674,0.08351710141560098,0.20560120989337713,0.16903920094905567,WAR1,0.12675440203648317,0.09539706485713863,0.2506847759471568,0.09719404704624919,0.05007292747109275,0.08405692385159422,0.20693013707220123,0.088909721718084,ACQ2
485,USA,IRN,Nego,5.29,1.9,1,1,0.14167224597285905,0.15467834794545537,0.10231246926706834,0.04592030272922563,0.09611825176394742,0.08337615058290274,0.20525421914241665,0.17066801259612477,WAR1,0.12675440203648317,0.09539706485713863,0.2506847759471568,0.09719404704624919,0.05007292747109275,0.08405692385159422,0.20693013707220123,0.088909721718084,ACQ2
485,USA,IRN,Nego,5.29,1.91,1,1,0.1413664829949323,0.15523387962910457,0.09938446273913545,0.04654255676611667,0.09703255209113315,0.08323698759919029,0.2049116296926072,0.17229144848778044,WAR1,0.12675440203648317,0.09539706485713863,0.2506847759471568,0.09719404704624919,0.05007292747109275,0.08405692385159422,0.20693013707220123,0.088909721718084,ACQ2
485,USA,IRN,Nego,5.29,1.92,1,1,0.14101337337027278,0.155745161867499,0.0965171784149447,0.047199390143684405,0.09794317732364449,0.0830997008602334,0.2045736591553948,0.17390835886432646,WAR1,0.12675440203648317,0.09539706485713863,0.2506847759471568,0.09719404704624919,0.05007292747109275,0.08405692385159422,0.20693013707220123,0.088909721718084,ACQ2
485,USA,IRN,Nego,5.29,1.93,1,1,0.14061340423121513,0.1562111228210778,0.09371163623390169,0.04789192217132032,0.09884947535258135,0.08296436415884541,0.20424048919287557,0.17551758583818258,WAR1,0.12675440203648317,0.09539706485713863,0.2506847759471568,0.09719404704624919,0.05007292747109275,0.08405692385159422,0.20693013707220123,0.088909721718084,ACQ2
485,USA,IRN,Nego,5.29,1.94,1,1,0.1401671866288558,0.15663075037601898,0.09096874760338608,0.0486212591704107,0.0997507909476199,0.08283103584476069,0.203912263449594,0.17711796597935386,WAR1,0.12675440203648317,0.09539706485713863,0.2506847759471568,0.09719404704624919,0.05007292747109275,0.08405692385159422,0.20693013707220123,0.088909721718084,ACQ2
485,USA,IRN,Nego,5.29,1.95,1,1,0.1396754545745353,0.1570030959532749,0.08828931478075418,0.04938849067130145,0.1006464673039324,0.08269975803801034,0.20358908561604214,0.178708333062149,WAR1,0.12675440203648317,0.09539706485713863,0.2506847759471568,0.09719404704624919,0.05007292747109275,0.08405692385159422,0.20693013707220123,0.088909721718084,ACQ2
485,USA,IRN,Nego,5.29,1.96,1,1,0.13913906347637947,0.15732727829021412,0.08567403057360047,0.05019468548325941,0.10153584767796411,0.08257055589846882,0.20327101763044056,0.18028752096967315,WAR1,0.12675440203648317,0.09539706485713863,0.2506847759471568,0.09719404704624919,0.05007292747109275,0.08405692385159422,0.20693013707220123,0.088909721718084,ACQ2
485,USA,IRN,Nego,5.29,1.97,1,1,0.13855898797211746,0.15760248718225625,0.08312347835132854,0.05104088765585643,0.10241827710861501,0.08244343695431282,0.2029580780255471,0.18185436674996652,WAR1,0.12675440203648317,0.09539706485713863,0.2506847759471568,0.09719404704624919,0.05007292747109275,0.08405692385159422,0.20693013707220123,0.088909721718084,ACQ2
485,USA,IRN,Nego,5.29,1.98,1,1,0.13793631916239618,0.15782798716774402,0.08063813236209494,0.05192811235422787,0.10329310421873207,0.08231839049233129,0.20265024042773166,0.18340771381474213,WAR1,0.12675440203648317,0.09539706485713863,0.2506847759471568,0.09719404704624919,0.05007292747109275,0.08405692385159422,0.20693013707220123,0.088909721718084,ACQ2
485,USA,IRN,Nego,5.29,1.99,1,1,0.13727226125178263,0.1580031211347482,0.07821835835054096,0.05285734167474829,0.10415968309003457,0.0821953870133315,0.202347432216302,0.18494641526851185,WAR1,0.12675440203648317,0.09539706485713863,0.2506847759471568,0.09719404704624919,0.05007292747109275,0.08405692385159422,0.20693013707220123,0.088909721718084,ACQ2
485,USA,IRN,Nego,5.3,1.5,1,1,0.12159778895703363,0.11254345148949241,0.24445790140316187,0.03812667764410551,0.0632020248405175,0.08892819209737503,0.21892215580934382,0.11222180775897049,ACQ2,0.12675440203648317,0.09539706485713863,0.2506847759471568,0.09719404704624919,0.05007292747109275,0.08405692385159422,0.20693013707220123,0.088909721718084,ACQ2
485,USA,IRN,Nego,5.3,1.51,1,1,0.12254225831876392,0.11377169133455842,0.24074206941525386,0.03813937214986085,0.06388198639713898,0.08882510190241623,0.21866836983674168,0.1134291506452659,ACQ2,0.12675440203648317,0.09539706485713863,0.2506847759471568,0.09719404704624919,0.05007292747109275,0.08405692385159422,0.20693013707220123,0.088909721718084,ACQ2
485,USA,IRN,Nego,5.3,1.52,1,1,0.12348029533953263,0.1150061199657289,0.23700017990374914,0.03815611077297091,0.06457339002885792,0.08871926696350715,0.21840782689260352,0.11465681013304987,ACQ2,0.12675440203648317,0.09539706485713863,0.2506847759471568,0.09719404704624919,0.05007292747109275,0.08405692385159422,0.20693013707220123,0.088909721718084,ACQ2
485,USA,IRN,Nego,5.3,1.53,1,1,0.1244106435882051,0.1162459245457038,0.23323438649572864,0.03817715968748678,0.06527614232572944,0.08861066091748446,0.2181404620764697,0.11590462036319193,ACQ2,0.12675440203648317,0.09539706485713863,0.2506847759471568,0.09719404704624919,0.05007292747109275,0.08405692385159422,0.20693013707220123,0.088909721718084,ACQ2
485,USA,IRN,Nego,5.3,1.54,1,1,0.1253320083611966,0.11749024971561431,0.2294468990643262,0.03820280969884101,0.06599013703394738,0.08849926767509234,0.21786623578003989,0.11717239267094226,ACQ2,0.12675440203648317,0.09539706485713863,0.2506847759471568,0.09719404704624919,0.05007292747109275,0.08405692385159422,0.20693013707220123,0.088909721718084,ACQ2
485,USA,IRN,Nego,5.3,1.55,1,1,0.12624305826776888,0.11873819733800117,0.22563998170469438,0.03823337714299409,0.06671525457074437,0.08838508175117527,0.2175851345000359,0.11845991472458574,ACQ2,0.12675440203648317,0.09539706485713863,0.2506847759471568,0.09719404704624919,0.05007292747109275,0.08405692385159422,0.20693013707220123,0.088909721718084,ACQ2
485,USA,IRN,Nego,5.3,1.56,1,1,0.12714242710372448,0.11998882638840813,0.2218159504087773,0.03826920475576799,0.06745136155157236,0.0882681085544033,0.21729717155144493,0.11976694968590168,ACQ2,0.12675440203648317,0.09539706485713863,0.2506847759471568,0.09719404704624919,0.05007292747109275,0.08405692385159422,0.20693013707220123,0.088909721718084,ACQ2
485,USA,IRN,Nego,5.3,1.57,1,1,0.12802871602462682,0.12124115300607874,0.21797717043333736,0.03831066250569879,0.06819831033198795,0.08814836463187037,0.21700238766966679,0.12109323539673317,ACQ2,0.12675440203648317,0.09539706485713863,0.2506847759471568,0.09719404704624919,0.05007292747109275,0.08405692385159422,0.20693013707220123,0.088909721718084,ACQ2
485,USA,IRN,Nego,5.3,1.58,1,1,0.12890049602806625,0.12249415071373732,0.21412605335772694,0.038358148383541034,0.06895593856671815,0.08802587786394712,0.21670085149020057,0.1224384835960623,WAR1,0.12675440203648317,0.09539706485713863,0.2506847759471568,0.09719404704624919,0.05007292747109275,0.08405692385159422,0.20693013707220123,0.088909721718084,ACQ2
485,USA,IRN,Nego,5.3,1.59,1,1,0.12975631075260566,0.12374675081576696,0.21026505383011576,0.03841208914140943,0.06972406878841304,0.0879006876048796,0.2163926598947684,0.12380237917204133,WAR1,0.12675440203648317,0.09539706485713863,0.2506847759471568,0.09719404704624919,0.05007292747109275,0.08405692385159422,0.20693013707220123,0.088909721718084,ACQ2
485,USA,IRN,Nego,5.3,1.6,1,1,0.1305946795988843,0.12499784298327213,0.20639666600334805,0.038472940974450046,0.07050250800860432,0.08777284476479434,0.21607793821319404,0.12518457945345296,WAR1,0.12675440203648317,0.09539706485713863,0.2506847759471568,0.09719404704624919,0.05007292747109275,0.08405692385159422,0.20693013707220123,0.088909721718084,ACQ2
485,USA,IRN,Nego,5.3,1.61,1,1,0.13141410117592744,0.12624627603353097,0.20252341966421736,0.038541190137902116,0.07129104734338684,0.08764241182901347,0.215756840270953,0.12658471354506867,WAR1,0.12675440203648317,0.09539706485713863,0.2506847759471568,0.09719404704624919,0.05007292747109275,0.08405692385159422,0.20693013707220123,0.088909721718084,ACQ2
485,USA,IRN,Nego,5.3,1.62,1,1,0.1322130570730175,0.12749085891019393,0.1986478760627431,0.03861735349243902,0.07208946166631319,0.08750946281089407,0.21542954827307267,0.1280023817113267,WAR1,0.12675440203648317,0.09539706485713863,0.2506847759471568,0.09719404704624919,0.05007292747109275,0.08405692385159422,0.20693013707220123,0.088909721718084,ACQ2
485,USA,IRN,Nego,5.3,1.63,1,1,0.13299001595453708,0.12873036186929532,0.19477262345095114,0.03870197897077246,0.07289750929095265,0.08737408313479267,0.21509627251601637,0.12943715481268223,WAR1,0.12675440203648317,0.09539706485713863,0.2506847759471568,0.09719404704624919,0.05007292747109275,0.08405692385159422,0.20693013707220123,0.088909721718084,ACQ2
485,USA,IRN,Nego,5.3,1.64,1,1,0.13374343797203436,0.12996351787470872,0.19090027234368764,0.03879564595865768,0.07371493168550597,0.0872363694462154,0.2147572509203139,0.1308885737988764,WAR1,0.12675440203648317,0.09539706485713863,0.2506847759471568,0.09719404704624919,0.05007292747109275,0.08405692385159422,0.20693013707220123,0.088909721718084,ACQ2
485,USA,IRN,Nego,5.3,1.65,1,1,0.13447177948437888,0.13118902420511322,0.18703345051706893,0.038898965583656284,0.07454145322179213,0.08709642934674566,0.2144127483780094,0.13235614926323544,WAR1,0.12675440203648317,0.09539706485713863,0.2506847759471568,0.09719404704624919,0.05007292747109275,0.08405692385159422,0.20693013707220123,0.088909721718084,ACQ2
485,USA,IRN,Nego,5.3,1.66,1,1,0.13517349807335807,0.13240554427287807,0.183174797763269,0.03901258090528579,0.07537678096083741,0.08695438105193834,0.21406305591047103,0.13383936106196215,WAR1,0.12675440203648317,0.09539706485713863,0.2506847759471568,0.09719404704624919,0.05007292747109275,0.08405692385159422,0.20693013707220123,0.088909721718084,ACQ2
485,USA,IRN,Nego,5.3,1.67,1,1,0.135847057838397,0.13361170965352281,0.17932696042339694,0.0391371670005098,0.07622060447719668,0.08681035297103569,0.21370848963374103,0.1353376580021998,WAR1,0.12675440203648317,0.09539706485713863,0.2506847759471568,0.09719404704624919,0.05007292747109275,0.08405692385159422,0.20693013707220123,0.088909721718084,ACQ2
485,USA,IRN,Nego,5.3,1.68,1,1,0.13649093495036443,0.13480612232261796,0.17549258572317883,0.039273430938890456,0.0770725957240345,0.08666448320807472,0.21334938953036958,0.13685045760246928,WAR1,0.12675440203648317,0.09539706485713863,0.2506847759471568,0.09719404704624919,0.05007292747109275,0.08405692385159422,0.20693013707220123,0.088909721718084,ACQ2
485,USA,IRN,Nego,5.3,1.69,1,1,0.1371036234406748,0.13598735709517684,0.17167431593896998,0.03942211164212374,0.07793240894088263,0.08651691898472481,0.2129861180285636,0.1383771459288834,WAR1,0.12675440203648317,0.09539706485713863,0.2506847759471568,0.09719404704624919,0.05007292747109275,0.08405692385159422,0.20693013707220123,0.088909721718084,ACQ2
485,USA,IRN,Nego,5.3,1.7,1,1,0.13768364119819498,0.13715396426079907,0.16787478242421952,0.039583979623100084,0.0787996806058889,0.08636781598599022,0.212619058391448,0.13991707751035928,WAR1,0.12675440203648317,0.09539706485713863,0.2506847759471568,0.09719404704624919,0.05007292747109275,0.08405692385159422,0.20693013707220123,0.088909721718084,ACQ2
485,USA,IRN,Nego,5.3,1.71,1,1,0.1382295361428616,0.1383044724060992,0.16409659952883163,0.03975983660006301,0.07967402943427115,0.0862173376307385,0.21224861292126151,0.14146957533587343,WAR1,0.12675440203648317,0.09539706485713863,0.2506847759471568,0.09719404704624919,0.05007292747109275,0.08405692385159422,0.20693013707220123,0.088909721718084,ACQ2
485,USA,IRN,Nego,5.3,1.72,1,1,0.13873989254148844,0.13943739141432718,0.16034235844586547,0.039950514981862514,0.08055505642460514,0.08606565426984338,0.21187520098535692,0.14303393093665065,WAR1,0.12675440203648317,0.09539706485713863,0.2506847759471568,0.09719404704624919,0.05007292747109275,0.08405692385159422,0.20693013707220123,0.088909721718084,ACQ2
485,USA,IRN,Nego,5.3,1.73,1,1,0.13921333742806047,0.14055121563061257,0.15661462102161364,0.04015687722070581,0.08144234495450735,0.08591294231555179,0.2114992568728897,0.1446094045560589,WAR1,0.12675440203648317,0.09539706485713863,0.2506847759471568,0.09719404704624919,0.05007292747109275,0.08405692385159422,0.20693013707220123,0.088909721718084,ACQ2
485,USA,IRN,Nego,5.3,1.74,1,1,0.13964854708793173,0.14164442717997885,0.15291591356626144,0.040379815029182455,0.08233546092722709,0.0857593833064805,0.21112122749303874,0.1461952254098992,WAR1,0.12675440203648317,0.09539706485713863,0.2506847759471568,0.09719404704624919,0.05007292747109275,0.08405692385159422,0.20693013707220123,0.088909721718084,ACQ2
485,USA,IRN,Nego,5.3,1.75,1,1,0.1400442535628443,0.14271549942421682,0.1492487207030166,0.04062024845866976,0.0832339529706453,0.0856051629133996,0.2107415699274597,0.14779059203974818,WAR1,0.12675440203648317,0.09539706485713863,0.2506847759471568,0.09719404704624919,0.05007292747109275,0.08405692385159422,0.20693013707220123,0.088909721718084,ACQ2
485,USA,IRN,Nego,5.3,1.76,1,1,0.14039925113161444,0.14376290054291468,0.1456154792937436,0.040879124836500136,0.08413735269018652,0.08545046989164998,0.21036074885136039,0.1493946727620301,WAR1,0.12675440203648317,0.09539706485713863,0.2506847759471568,0.09719404704624919,0.05007292747109275,0.08405692385159422,0.20693013707220123,0.088909721718084,ACQ2
485,USA,IRN,Nego,5.3,1.77,1,1,0.14071240271975366,0.14478509722344357,0.14201857247877514,0.04115741755948944,0.0850451749771983,0.08529549498665567,0.20997923383910697,0.15100660621557724,WAR1,0.12675440203648317,0.09539706485713863,0.2506847759471568,0.09719404704624919,0.05007292747109275,0.08405692385159422,0.20693013707220123,0.088909721718084,ACQ2
485,USA,IRN,Nego,5.3,1.78,1,1,0.1409826461902349,0.14578055844450952,0.1384603238676253,0.04145612474157687,0.08595691837442705,0.08514042979951189,0.20959749657154483,0.15262550201056957,WAR1,0.12675440203648317,0.09539706485713863,0.2506847759471568,0.09719404704624919,0.05007292747109275,0.08405692385159422,0.20693013707220123,0.088909721718084,ACQ2
485,USA,IRN,Nego,5.3,1.79,1,1,0.1412090004671299,0.14674775933802117,0.13494299191586498,0.04177626771342596,0.08687206550033046,0.08498546562004328,0.20921600796323772,0.15425044148194658,WAR1,0.12675440203648317,0.09539706485713863,0.2506847759471568,0.09719404704624919,0.05007292747109275,0.08405692385159422,0.20693013707220123,0.088909721718084,ACQ2
485,USA,IRN,Nego,5.3,1.8,1,1,0.14139057144392903,0.14768518511446854,0.1314687645214157,0.04211888937187962,0.08779008353410231,0.08483079223502411,0.20883523522856146,0.15588047855061912,WAR1,0.12675440203648317,0.09539706485713863,0.2506847759471568,0.09719404704624919,0.05007292747109275,0.08405692385159422,0.20693013707220123,0.088909721718084,ACQ2
485,USA,IRN,Nego,5.3,1.81,1,1,0.14152655762903607,0.148591335037766,0.12803975387103783,0.04248505237717915,0.08871042476344465,0.08467659671942544,0.2084556389060137,0.15751464069609689,WAR1,0.12675440203648317,0.09539706485713863,0.2506847759471568,0.09719404704624919,0.05007292747109275,0.08405692385159422,0.20693013707220123,0.088909721718084,ACQ2
485,USA,IRN,Nego,5.3,1.82,1,1,0.1416162554821809,0.14946472643653022,0.1246579915648717,0.0428758371958604,0.0896325271972933,0.08452306221860142,0.20807766986021656,0.15915193004444547,WAR1,0.12675440203648317,0.09539706485713863,0.2506847759471568,0.09719404704624919,0.05007292747109275,0.08405692385159422,0.20693013707220123,0.088909721718084,ACQ2
485,USA,IRN,Nego,5.3,1.83,1,1,0.14165906439729556,0.15030389874000055,0.12132542404362645,0.0432923399872675,0.09055581524587028,0.08437036672924825,0.2077017662809,0.16079132457579168,WAR1,0.12675440203648317,0.09539706485713863,0.2506847759471568,0.09719404704624919,0.05007292747109275,0.08405692385159422,0.20693013707220123,0.088909721718084,ACQ2
485,USA,IRN,Nego,5.3,1.84,1,1,0.1416544912897164,0.1511074175282087,0.1180439083394581,0.04373567033171208,0.09147970047059659,0.08421868188677316,0.20732835069766298,0.16243177945587223,WAR1,0.12675440203648317,0.09539706485713863,0.2506847759471568,0.09719404704624919,0.05007292747109275,0.08405692385159422,0.20693013707220123,0.088909721718084,ACQ2
485,USA,IRN,Nego,5.3,1.85,1,1,0.14160215474834023,0.1518738785874763,0.11481520816786595,0.04420694879849328,0.0924035824065165,0.08406817176640627,0.2069578270285687,0.16407222849633277,WAR1,0.12675440203648317,0.09539706485713863,0.2506847759471568,0.09719404704624919,0.05007292747109275,0.08405692385159422,0.20693013707220123,0.088909721718084,ACQ2
485,USA,IRN,Nego,5.3,1.86,1,1,0.14150178871652794,0.1526019119637808,0.1116409903741388,0.04470730435233666,0.09332684945995674,0.08391899170499297,0.20659057767964892,0.16571158574861714,WAR1,0.12675440203648317,0.09539706485713863,0.2506847759471568,0.09719404704624919,0.05007292747109275,0.08405692385159422,0.20693013707220123,0.088909721718084,ACQ2
485,USA,IRN,Nego,5.3,1.87,1,1,0.1413532456690321,0.15329018600788827,0.10852282174414075,0.04523787159735168,0.09424887988413858,0.08377128714993527,0.20622696071124497,0.16734874723626808,WAR1,0.12675440203648317,0.09539706485713863,0.2506847759471568,0.09719404704624919,0.05007292747109275,0.08405692385159422,0.20693013707220123,0.088909721718084,ACQ2
485,USA,IRN,Nego,5.3,1.88,1,1,0.14115649925594198,0.15393741140729064,0.1054621661856267,0.04579978785840412,0.0951690428353591,0.0836251925412401,0.20586730708584972,0.16898259283028766,WAR1,0.12675440203648317,0.09539706485713863,0.2506847759471568,0.09719404704624919,0.05007292747109275,0.08405692385159422,0.20693013707220123,0.088909721718084,ACQ2
485,USA,IRN,Nego,5.3,1.89,1,1,0.1409116463885294,0.15454234520080373,0.10246038228294972,0.04639419010089729,0.09608669951213485,0.08348083023209148,0.20551191801078766,0.17061198827180593,WAR1,0.12675440203648317,0.09539706485713863,0.2506847759471568,0.09719404704624919,0.05007292747109275,0.08405692385159422,0.20693013707220123,0.088909721718084,ACQ2
485,USA,IRN,Nego,5.3,1.9,1,1,0.14061890874583982,0.15510379477209504,0.09951872122504946,0.04702221169139409,0.09700120437934119,0.0833383094528379,0.2051610623877737,0.17223578734566852,WAR1,0.12675440203648317,0.09539706485713863,0.2506847759471568,0.09719404704624919,0.05007292747109275,0.08405692385159422,0.20693013707220123,0.088909721718084,ACQ2
485,USA,IRN,Nego,5.3,1.91,1,1,0.1402786336848607,0.15562062181829553,0.0966383251040817,0.04768497900332776,0.09791190647885602,0.08319772532278864,0.20481497438016796,0.17385283420762174,WAR1,0.12675440203648317,0.09539706485713863,0.2506847759471568,0.09719404704624919,0.05007292747109275,0.08405692385159422,0.20693013707220123,0.088909721718084,ACQ2
485,USA,IRN,Nego,5.3,1.92,1,1,0.1398912945410329,0.15609174628917183,0.0938202255800365,0.04838360787425222,0.09881815082751982,0.08305915791377846,0.2044738511076718,0.17546196586653656,WAR1,0.12675440203648317,0.09539706485713863,0.2506847759471568,0.09719404704624919,0.05007292747109275,0.08405692385159422,0.20693013707220123,0.088909721718084,ACQ2
485,USA,IRN,Nego,5.3,1.93,1,1,0.13945749030972565,0.15651615029101695,0.09106534290522278,0.04911919992368229,0.09971927990234294,0.08292267136910872,0.20413785047735025,0.17706201482155032,WAR1,0.12675440203648317,0.09539706485713863,0.2506847759471568,0.09719404704624919,0.05007292747109275,0.08405692385159422,0.20693013707220123,0.088909721718084,ACQ2
485,USA,IRN,Nego,5.3,1.94,1,1,0.138977944703033,0.15689288194745016,0.08837448530159653,0.049892838743542646,0.10061463521181939,0.08278831308122067,0.2038070891592399,0.1786518118520977,WAR1,0.12675440203648317,0.09539706485713863,0.2506847759471568,0.09719404704624919,0.05007292747109275,0.08405692385159422,0.20693013707220123,0.088909721718084,ACQ2
485,USA,IRN,Nego,5.3,1.95,1,1,0.13845350457986697,0.15722105920670904,0.08574834868355985,0.05070558597653993,0.10150355895095217,0.0826561129313209,0.203481640714469,0.18023018895658235,WAR1,0.12675440203648317,0.09539706485713863,0.2506847759471568,0.09719404704624919,0.05007292747109275,0.08405692385159422,0.20693013707220123,0.088909721718084,ACQ2
485,USA,IRN,Nego,5.3,1.96,1,1,0.13788513775082964,0.1574998735818219,0.08318751671900973,0.051558477301337266,0.10238539573617185,0.08252608259415758,0.20316153388376637,0.18179598243290587,WAR1,0.12675440203648317,0.09539706485713863,0.2506847759471568,0.09719404704624919,0.05007292747109275,0.08405692385159422,0.20693013707220123,0.088909721718084,ACQ2
485,USA,IRN,Nego,5.3,1.97,1,1,0.13727393016278255,0.15772859380634782,0.08069246122200549,0.052452518347132285,0.10325949441475485,0.08239821491123897,0.20284675104445887,0.1833480360912789,WAR1,0.12675440203648317,0.09539706485713863,0.2506847759471568,0.09719404704624919,0.05007292747109275,0.08405692385159422,0.20693013707220123,0.088909721718084,ACQ2
485,USA,IRN,Nego,5.3,1.98,1,1,0.13662108247142604,0.15790656938429654,0.07826354287133833,0.05338868056402727,0.10412520994165805,0.08227248333597816,0.20253722684453745,0.18488520458673827,WAR1,0.12675440203648317,0.09539706485713863,0.2506847759471568,0.09719404704624919,0.05007292747109275,0.08405692385159422,0.20693013707220123,0.088909721718084,ACQ2
485,USA,IRN,Nego,5.3,1.99,1,1,0.13592790601362237,0.15803323400854966,0.0759010122504175,0.05436789707928258,0.10498190531491827,0.08214884145452106,0.20223284702303762,0.18640635685565066,WAR1,0.12675440203648317,0.09539706485713863,0.2506847759471568,0.09719404704624919,0.05007292747109275,0.08405692385159422,0.20693013707220123,0.088909721718084,ACQ2
485,USA,IRN,Nego,5.31,1.5,1,1,0.12137377284378865,0.11333317452538275,0.24152060998354732,0.03847965626848134,0.06380066588292505,0.08903132240390303,0.21917604052803538,0.11328475756393659,ACQ2,0.12675440203648317,0.09539706485713863,0.2506847759471568,0.09719404704624919,0.05007292747109275,0.08405692385159422,0.20693013707220123,0.088909721718084,ACQ2
485,USA,IRN,Nego,5.31,1.51,1,1,0.12231623962360126,0.1145722311331531,0.23776711516471666,0.03849912927434466,0.06449308458788511,0.08892461963166286,0.21891336116417198,0.11451421942046443,ACQ2,0.12675440203648317,0.09539706485713863,0.2506847759471568,0.09719404704624919,0.05007292747109275,0.08405692385159422,0.20693013707220123,0.088909721718084,ACQ2
485,USA,IRN,Nego,5.31,1.52,1,1,0.12325147756709613,0.1158169806474573,0.2339891773503751,0.03852291455916428,0.06519690440089186,0.08881503443900696,0.21864358589881253,0.1157639251371959,ACQ2,0.12675440203648317,0.09539706485713863,0.2506847759471568,0.09719404704624919,0.05007292747109275,0.08405692385159422,0.20693013707220123,0.088909721718084,ACQ2
485,USA,IRN,Nego,5.31,1.53,1,1,0.12417819422307408,0.11706656524399472,0.2301890154866202,0.038551303474092545,0.06591201809180267,0.08870254880250046,0.21836667036212168,0.11703368431579353,ACQ2,0.12675440203648317,0.09539706485713863,0.2506847759471568,0.09719404704624919,0.05007292747109275,0.08405692385159422,0.20693013707220123,0.088909721718084,ACQ2
485,USA,IRN,Nego,5.31,1.54,1,1,0.12509505927687556,0.11832008325734941,0.22636890445907257,0.038584613192894815,0.06663830486552891,0.08858715555823865,0.21808259691810106,0.11832328247193893,ACQ2,0.12675440203648317,0.09539706485713863,0.2506847759471568,0.09719404704624919,0.05007292747109275,0.08405692385159422,0.20693013707220123,0.088909721718084,ACQ2
485,USA,IRN,Nego,5.31,1.55,1,1,0.12600070636207186,0.11957658902189332,0.2225311728122104,0.038623187601115654,0.06737562987734177,0.08846885871504473,0.2177913754356144,0.11963248017470782,ACQ2,0.12675440203648317,0.09539706485713863,0.2506847759471568,0.09719404704624919,0.05007292747109275,0.08405692385159422,0.20693013707220123,0.088909721718084,ACQ2
485,USA,IRN,Nego,5.31,1.56,1,1,0.1268937351756803,0.12083509287529923,0.2186782001540454,0.038667398147827735,0.0681238437635255,0.08834767372241503,0.2174930439480116,0.12096101221319516,ACQ2,0.12675440203648317,0.09539706485713863,0.2506847759471568,0.09719404704624919,0.05007292747109275,0.08405692385159422,0.20693013707220123,0.088909721718084,ACQ2
485,USA,IRN,Nego,5.31,1.57,1,1,0.1277727139072725,0.1220945613353955,0.21481241424167602,0.03871764465276766,0.06888278219000973,0.08822362768837352,0.21718766918943985,0.12230858679506534,WAR1,0.12675440203648317,0.09539706485713863,0.2506847759471568,0.09719404704624919,0.05007292747109275,0.08405692385159422,0.20693013707220123,0.088909721718084,ACQ2
485,USA,IRN,Nego,5.31,1.58,1,1,0.12863618199048246,0.12335391746046248,0.21093628774549636,0.03877435606149023,0.06965226542165746,0.08809675954248557,0.216875346996148,0.12367488478177735,WAR1,0.12675440203648317,0.09539706485713863,0.2506847759471568,0.09719404704624919,0.05007292747109275,0.08405692385159422,0.20693013707220123,0.088909721718084,ACQ2
485,USA,IRN,Nego,5.31,1.59,1,1,0.12948265318328828,0.12461204140227565,0.20705233469230017,0.038837991141057904,0.07043209791490417,0.0879671201394332,0.21655620256146765,0.12505955896527324,WAR1,0.12675440203648317,0.09539706485713863,0.2506847759471568,0.09719404704624919,0.05007292747109275,0.08405692385159422,0.20693013707220123,0.088909721718084,ACQ2
485,USA,IRN,Nego,5.31,1.6,1,1,0.13031061898100982,0.12586777116022793,0.20316310659018327,0.0389090391087298,0.07122206793644452,0.08783477229878095,0.21623039053370743,0.12646223339091633,WAR1,0.12675440203648317,0.09539706485713863,0.2506847759471568,0.09719404704624919,0.05007292747109275,0.08405692385159422,0.20693013707220123,0.088909721718084,ACQ2
485,USA,IRN,Nego,5.31,1.61,1,1,0.13111855236327,0.12711990354373767,0.19927118824097986,0.03898802018612925,0.07202194721064764,0.0876997907768593,0.21589809494693613,0.12788250273144008,WAR1,0.12675440203648317,0.09539706485713863,0.2506847759471568,0.09719404704624919,0.05007292747109275,0.08405692385159422,0.20693013707220123,0.088909721718084,ACQ2
485,USA,IRN,Nego,5.31,1.62,1,1,0.1319049118732013,0.1283671953488443,0.1953791932489635,0.039075486071449415,0.07283149059833811,0.08756226216706638,0.215559528975547,0.12931993171659026,WAR1,0.12675440203648317,0.09539706485713863,0.2506847759471568,0.09719404704624919,0.05007292747109275,0.08405692385159422,0.20693013707220123,0.088909721718084,ACQ2
485,USA,IRN,Nego,5.31,1.63,1,1,0.1326681460239707,0.1296083647534508,0.19148975923764222,0.03917202032240918,0.07365043580952517,0.08742228472534265,0.21521493450461374,0.13077405462304575,WAR1,0.12675440203648317,0.09539706485713863,0.2506847759471568,0.09719404704624919,0.05007292747109275,0.08405692385159422,0.20693013707220123,0.088909721718084,ACQ2
485,USA,IRN,Nego,5.31,1.64,1,1,0.13340669802427993,0.1308420929340794,0.18760554278966413,0.03927823864288911,0.0744785031525837,0.08727996811809845,0.2148645815093425,0.13224437482906268,WAR1,0.12675440203648317,0.09539706485713863,0.2506847759471568,0.09719404704624919,0.05007292747109275,0.08405692385159422,0.20693013707220123,0.088909721718084,ACQ2
485,USA,IRN,Nego,5.31,1.65,1,1,0.1341190108108825,0.132067025905301,0.18372921412805923,0.03939478906645871,0.07531539532229692,0.087135433090476,0.2145087672384033,0.13373036443812247,WAR1,0.12675440203648317,0.09539706485713863,0.2506847759471568,0.09719404704624919,0.05007292747109275,0.08405692385159422,0.20693013707220123,0.088909721718084,ACQ2
485,USA,IRN,Nego,5.31,1.66,1,1,0.13480353237242265,0.13328177658119258,0.1798634515602349,0.0395223520303509,0.07616079722906574,0.08698881105349271,0.2141478151975658,0.13523146397567487,WAR1,0.12675440203648317,0.09539706485713863,0.2506847759471568,0.09719404704624919,0.05007292747109275,0.08405692385159422,0.20693013707220123,0.088909721718084,ACQ2
485,USA,IRN,Nego,5.31,1.67,1,1,0.13545872134505793,0.13448492705630596,0.17601093570926588,0.03966164033383027,0.07701437587147102,0.08684024358934549,0.2137820739318643,0.13674708216285927,WAR1,0.12675440203648317,0.09539706485713863,0.2506847759471568,0.09719404704624919,0.05007292747109275,0.08405692385159422,0.20693013707220123,0.088909721718084,ACQ2
485,USA,IRN,Nego,5.31,1.68,1,1,0.136083052856449,0.13567503110172485,0.17217434355999295,0.03981339897534135,0.07787578025425285,0.08668988187493433,0.21341191560643663,0.13827659577086798,WAR1,0.12675440203648317,0.09539706485713863,0.2506847759471568,0.09719404704624919,0.05007292747109275,0.08405692385159422,0.20693013707220123,0.088909721718084,ACQ2
485,USA,IRN,Nego,5.31,1.69,1,1,0.13667502459085468,0.13685061686988315,0.16835634235023833,0.03997840486328945,0.07874464135364502,0.08653788602448753,0.21303773438820756,0.13981934955939418,WAR1,0.12675440203648317,0.09539706485713863,0.2506847759471568,0.09719404704624919,0.05007292747109275,0.08405692385159422,0.20693013707220123,0.088909721718084,ACQ2
485,USA,IRN,Nego,5.31,1.7,1,1,0.13723316304429667,0.13801018979996166,0.16455958333996332,0.04015746639579679,0.079620572131883,0.08638442435302117,0.21265994463268525,0.14137465630239227,WAR1,0.12675440203648317,0.09539706485713863,0.2506847759471568,0.09719404704624919,0.05007292747109275,0.08405692385159422,0.20693013707220123,0.088909721718084,ACQ2
485,USA,IRN,Nego,5.31,1.71,1,1,0.1377560299351575,0.13915223571390287,0.1607866954934083,0.04035142290527101,0.08050316760258802,0.0862296725632327,0.21227897888226557,0.14294179690417402,WAR1,0.12675440203648317,0.09539706485713863,0.2506847759471568,0.09719404704624919,0.05007292747109275,0.08405692385159422,0.20693013707220123,0.088909721718084,ACQ2
485,USA,IRN,Nego,5.31,1.72,1,1,0.1382422287321927,0.14027522409144877,0.15704027911106747,0.040561143964109654,0.08139200494863377,0.0860738128592877,0.2118952856845663,0.14452002060869365,WAR1,0.12675440203648317,0.09539706485713863,0.2506847759471568,0.09719404704624919,0.05007292747109275,0.08405692385159422,0.20693013707220123,0.088909721718084,ACQ2
485,USA,IRN,Nego,5.31,1.73,1,1,0.13869041125885367,0.14137761151113531,0.1533228994497472,0.04078752854833194,0.082286643694019,0.08591703299180437,0.21150932724138366,0.14610854530472495,WAR1,0.12675440203648317,0.09539706485713863,0.2506847759471568,0.09719404704624919,0.05007292747109275,0.08405692385159422,0.20693013707220123,0.088909721718084,ACQ2
485,USA,IRN,Nego,5.31,1.74,1,1,0.13909928433010443,0.14245784524292338,0.14963708036986,0.041031504056361995,0.08318662593121404,0.08575952523914562,0.2111215769008508,0.14770655792953954,WAR1,0.12675440203648317,0.09539706485713863,0.2506847759471568,0.09719404704624919,0.05007292747109275,0.08405692385159422,0.20693013707220123,0.088909721718084,ACQ2
485,USA,IRN,Nego,5.31,1.75,1,1,0.1394676163756241,0.1435143669771553,0.14598529804949045,0.04129402518057532,0.08409147660542006,0.08560148533087615,0.21073251650722025,0.14931321497363823,WAR1,0.12675440203648317,0.09539706485713863,0.2506847759471568,0.09719404704624919,0.05007292747109275,0.08405692385159422,0.20693013707220123,0.088909721718084,ACQ2
485,USA,IRN,Nego,5.31,1.76,1,1,0.13979424400148457,0.14454561667379848,0.14236997480460423,0.041576072629560985,0.08500070385717788,0.08544311131992192,0.21034263362436223,0.1509276430890896,WAR1,0.12675440203648317,0.09539706485713863,0.2506847759471568,0.09719404704624919,0.05007292747109275,0.08405692385159422,0.20693013707220123,0.088909721718084,ACQ2
485,USA,IRN,Nego,5.31,1.77,1,1,0.14007807844112846,0.14555003651553655,0.13879347305405101,0.04187865169933184,0.08591379942479767,0.08528460241055492,0.20995241865051434,0.15254893980408504,WAR1,0.12675440203648317,0.09539706485713863,0.2506847759471568,0.09719404704624919,0.05007292747109275,0.08405692385159422,0.20693013707220123,0.088909721718084,ACQ2
485,USA,IRN,Nego,5.31,1.78,1,1,0.14031811184576942,0.14652607494817285,0.13525808946671844,0.04220279069194709,0.08683023910813768,0.08512615774981244,0.20956236184301463,0.15417617434642755,WAR1,0.12675440203648317,0.09539706485713863,0.2506847759471568,0.09719404704624919,0.05007292747109275,0.08405692385159422,0.20693013707220123,0.088909721718084,ACQ2
485,USA,IRN,Nego,5.31,1.79,1,1,0.14051342336423983,0.14747219079203516,0.131766049326369,0.04254953918019168,0.08774948329535263,0.08496797519032805,0.20917295027265626,0.1558083885788275,WAR1,0.12675440203648317,0.09539706485713863,0.2506847759471568,0.09719404704624919,0.05007292747109275,0.08405692385159422,0.20693013707220123,0.088909721718084,ACQ2
485,USA,IRN,Nego,5.31,1.8,1,1,0.14066318496281227,0.148386857408611,0.1283195011473474,0.042919966117108785,0.08867097755433684,0.08481025003279893,0.20878466472791213,0.15744459804907257,WAR1,0.12675440203648317,0.09539706485713863,0.2506847759471568,0.09719404704624919,0.05007292747109275,0.08405692385159422,0.20693013707220123,0.088909721718084,ACQ2
485,USA,IRN,Nego,5.31,1.81,1,1,0.1407666669366266,0.1492685669074442,0.12492051157154582,0.04331515778931648,0.08959415329071284,0.08465317375643273,0.20839797658956632,0.1590837931583552,WAR1,0.12675440203648317,0.09539706485713863,0.2506847759471568,0.09719404704624919,0.05007292747109275,0.08405692385159422,0.20693013707220123,0.088909721718084,ACQ2
485,USA,IRN,Nego,5.31,1.82,1,1,0.1408232430660404,0.1501158343793759,0.12157106057381772,0.043736215613192464,0.09051842847433685,0.08449693274570742,0.20801334469627028,0.1607249404512588,WAR1,0.12675440203648317,0.09539706485713863,0.2506847759471568,0.09719404704624919,0.05007292747109275,0.08405692385159422,0.20693013707220123,0.088909721718084,ACQ2
485,USA,IRN,Nego,5.31,1.83,1,1,0.14083239537345363,0.15092720214343577,0.11827303699952826,0.04418425377320749,0.09144320843640598,0.08434170702164755,0.2076312122212161,0.16236698403110525,WAR1,0.12675440203648317,0.09539706485713863,0.2506847759471568,0.09719404704624919,0.05007292747109275,0.08405692385159422,0.20693013707220123,0.088909721718084,ACQ2
485,USA,IRN,Nego,5.31,1.84,1,1,0.14079371843888527,0.15170124399601612,0.11502823445419942,0.04466039670197783,0.0923678867393314,0.08418766898557159,0.20725200357951268,0.16400884710450575,WAR1,0.12675440203648317,0.09539706485713863,0.2506847759471568,0.09719404704624919,0.05007292747109275,0.08405692385159422,0.20693013707220123,0.088909721718084,ACQ2
485,USA,IRN,Nego,5.31,1.85,1,1,0.14070692323574874,0.1524365694523172,0.11183834756137462,0.04516577640202305,0.09329184612157969,0.08403498218292496,0.20687612138500638,0.16564943365902532,WAR1,0.12675440203648317,0.09539706485713863,0.2506847759471568,0.09719404704624919,0.05007292747109275,0.08405692385159422,0.20693013707220123,0.088909721718084,ACQ2
485,USA,IRN,Nego,5.31,1.86,1,1,0.140571840451805,0.15313182797132963,0.10870496860098017,0.04570152960981407,0.0942144595196478,0.08388380009438233,0.20650394347423465,0.16728763027780638,WAR1,0.12675440203648317,0.09539706485713863,0.2506847759471568,0.09719404704624919,0.05007292747109275,0.08405692385159422,0.20693013707220123,0.088909721718084,ACQ2
485,USA,IRN,Nego,5.31,1.87,1,1,0.14038842326409456,0.15378571315673387,0.10562958453672604,0.04626879480351716,0.09513509116921483,0.08373426496092265,0.20613582001401204,0.16892230809477876,WAR1,0.12675440203648317,0.09539706485713863,0.2506847759471568,0.09719404704624919,0.05007292747109275,0.08405692385159422,0.20693013707220123,0.088909721718084,ACQ2
485,USA,IRN,Nego,5.31,1.88,1,1,0.14015674954068782,0.15439696692693325,0.10261357443756672,0.046868709056933036,0.09605309778728091,0.08358650664905855,0.20577207070786824,0.17055232489367142,WAR1,0.12675440203648317,0.09539706485713863,0.2506847759471568,0.09719404704624919,0.05007292747109275,0.08405692385159422,0.20693013707220123,0.088909721718084,ACQ2
485,USA,IRN,Nego,5.31,1.89,1,1,0.13987702344626307,0.15496438364791626,0.09965820729503201,0.04750240474352796,0.09696782983673496,0.08344064156187715,0.2054129821152642,0.17217652735338426,WAR1,0.12675440203648317,0.09539706485713863,0.2506847759471568,0.09719404704624919,0.05007292747109275,0.08405692385159422,0.20693013707220123,0.088909721718084,ACQ2
485,USA,IRN,Nego,5.31,1.9,1,1,0.13954957643275645,0.15548681422265934,0.09676464023543456,0.048171006096192154,0.09787863287428064,0.08329677160104197,0.2050588050962626,0.17379375344137213,WAR1,0.12675440203648317,0.09539706485713863,0.2506847759471568,0.09719404704624919,0.05007292747109275,0.08405692385159422,0.20693013707220123,0.088909721718084,ACQ2
485,USA,IRN,Nego,5.31,1.91,1,1,0.13917486760056627,0.15596317013028416,0.09393391712361575,0.048875625630449795,0.09878484898196992,0.0831549831844417,0.20470975239319034,0.175402834955482,WAR1,0.12675440203648317,0.09539706485713863,0.2506847759471568,0.09719404704624919,0.05007292747109275,0.08405692385159422,0.20693013707220123,0.088909721718084,ACQ2
485,USA,IRN,Nego,5.31,1.92,1,1,0.13875348341998453,0.15639242740710343,0.09116696755307303,0.04961736044128863,0.09968581828174232,0.08301534632377729,0.2043659963598547,0.17700260021317626,WAR1,0.12675440203648317,0.09539706485713863,0.2506847759471568,0.09719404704624919,0.05007292747109275,0.08405692385159422,0.20693013707220123,0.088909721718084,ACQ2
485,USA,IRN,Nego,5.31,1.93,1,1,0.1382861368066419,0.15677363056001925,0.08846460621601869,0.05039728838655332,0.10058088053133997,0.08287791376606678,0.20402766684811297,0.17859187688524683,WAR1,0.12675440203648317,0.09539706485713863,0.2506847759471568,0.09719404704624919,0.05007292747109275,0.08405692385159422,0.20693013707220123,0.088909721718084,ACQ2
485,USA,IRN,Nego,5.31,1.94,1,1,0.13777366554876952,0.15710589640048436,0.0858275326461571,0.05121646417291813,0.10146937679877072,0.08274272020283475,0.20369484926106607,0.18016949496899937,WAR1,0.12675440203648317,0.09539706485713863,0.2506847759471568,0.09719404704624919,0.05007292747109275,0.08405692385159422,0.20693013707220123,0.088909721718084,ACQ2
485,USA,IRN,Nego,5.31,1.95,1,1,0.13721703008800717,0.15738841778442952,0.08325633132669573,0.05207591536375092,0.1023506512111294,0.08260978155064222,0.20336758278187672,0.18173428989346851,WAR1,0.12675440203648317,0.09539706485713863,0.2506847759471568,0.09719404704624919,0.05007292747109275,0.08405692385159422,0.20693013707220123,0.088909721718084,ACQ2
485,USA,IRN,Nego,5.31,1.96,1,1,0.13661731065934282,0.15762046724031087,0.08075147215625945,0.052976638331625914,0.10322405277209502,0.08247909430660262,0.20304585878718898,0.18328510574657444,WAR1,0.12675440203648317,0.09539706485713863,0.2506847759471568,0.09719404704624919,0.05007292747109275,0.08405692385159422,0.20693013707220123,0.088909721718084,ACQ2
485,USA,IRN,Nego,5.31,1.97,1,1,0.13597570379958238,0.15780140046382218,0.07831331126586435,0.05391959418171631,0.10408893724081518,0.08235063498260797,0.20272961945431323,0.18482079861127856,WAR1,0.12675440203648317,0.09539706485713863,0.2506847759471568,0.09719404704624919,0.05007292747109275,0.08405692385159422,0.20693013707220123,0.088909721718084,ACQ2
485,USA,IRN,Nego,5.31,1.98,1,1,0.13529351823757155,0.15793065965402342,0.07594209218082461,0.054905704675681496,0.10494466906321631,0.08222435962213896,0.2024187565717168,0.18634023999482685,WAR1,0.12675440203648317,0.09539706485713863,0.2506847759471568,0.09719404704624919,0.05007292747109275,0.08405692385159422,0.20693013707220123,0.088909721718084,ACQ2
485,USA,IRN,Nego,5.31,1.99,1,1,0.1345721701832709,0.1580077766618339,0.07363794732227652,0.05593584818881555,0.10579062334508582,0.08210020340372534,0.20211311056282816,0.18784232033216408,WAR1,0.12675440203648317,0.09539706485713863,0.2506847759471568,0.09719404704624919,0.05007292747109275,0.08405692385159422,0.20693013707220123,0.088909721718084,ACQ2
485,USA,IRN,Nego,5.32,1.5,1,1,0.12116384553144156,0.11413355930784722,0.23853407361638398,0.038842304836947894,0.0644111223004256,0.08912926164572968,0.2194171459576335,0.11436868680359064,ACQ2,0.12675440203648317,0.09539706485713863,0.2506847759471568,0.09719404704624919,0.05007292747109275,0.08405692385159422,0.20693013707220123,0.088909721718084,ACQ2
485,USA,IRN,Nego,5.32,1.51,1,1,0.12210374289331613,0.11538303281956491,0.23474427533910264,0.03886889412174606,0.06511597362912715,0.08901875495393993,0.21914510215884042,0.1156202240843628,ACQ2,0.12675440203648317,0.09539706485713863,0.2506847759471568,0.09719404704624919,0.05007292747109275,0.08405692385159422,0.20693013707220123,0.088909721718084,ACQ2
485,USA,IRN,Nego,5.32,1.52,1,1,0.12303557954052319,0.11663765656190746,0.230931720468606,0.038900089073245096,0.06583217097409381,0.0889052351800441,0.2188656407974641,0.11689190740411634,ACQ2,0.12675440203648317,0.09539706485713863,0.2506847759471568,0.09719404704624919,0.05007292747109275,0.08405692385159422,0.20693013707220123,0.088909721718084,ACQ2
485,USA,IRN,Nego,5.32,1.53,1,1,0.12395802671367782,0.1178965257640159,0.22709869407377492,0.038936207518171825,0.0665595924084609,0.0887886933851313,0.21857873986782117,0.1181835202689461,ACQ2,0.12675440203648317,0.09539706485713863,0.2506847759471568,0.09719404704624919,0.05007292747109275,0.08405692385159422,0.20693013707220123,0.088909721718084,ACQ2
485,USA,IRN,Nego,5.32,1.54,1,1,0.12486971837926499,0.11915869055245583,0.22324753664221786,0.03897759429742861,0.06729810170846391,0.08866913207708357,0.21828440554377992,0.11949482079930533,ACQ2,0.12675440203648317,0.09539706485713863,0.2506847759471568,0.09719404704624919,0.05007292747109275,0.08405692385159422,0.20693013707220123,0.088909721718084,ACQ2
485,USA,IRN,Nego,5.32,1.55,1,1,0.1257692532850083,0.12042315590608461,0.21938064152450795,0.03902462213705804,0.06804754787248836,0.08854656550218491,0.21798267289663908,0.12082554087602879,ACQ2,0.12675440203648317,0.09539706485713863,0.2506847759471568,0.09719404704624919,0.05007292747109275,0.08405692385159422,0.20693013707220123,0.088909721718084,ACQ2
485,USA,IRN,Nego,5.32,1.56,1,1,0.12665519733378228,0.12168888178839202,0.21550045205055973,0.0390776924734096,0.0688077646588797,0.0884210198863441,0.2176736064889674,0.12217538531966528,WAR1,0.12675440203648317,0.09539706485713863,0.2506847759471568,0.09719404704624919,0.05007292747109275,0.08405692385159422,0.20693013707220123,0.088909721718084,ACQ2
485,USA,IRN,Nego,5.32,1.57,1,1,0.12752608628546,0.12295478346820768,0.21160945831495803,0.03913723622478936,0.06957857014535665,0.08829253362094114,0.21735730083211663,0.12354403110817053,WAR1,0.12675440203648317,0.09539706485713863,0.2506847759471568,0.09719404704624919,0.05007292747109275,0.08405692385159422,0.20693013707220123,0.088909721718084,ACQ2
485,USA,IRN,Nego,5.32,1.58,1,1,0.12838042879396777,0.12421973203890377,0.20771019363052978,0.039203714501734425,0.07035976631290561,0.08816115738843898,0.21703388069545193,0.12493112663806753,WAR1,0.12675440203648317,0.09539706485713863,0.2506847759471568,0.09719404704624919,0.05007292747109275,0.08405692385159422,0.20693013707220123,0.088909721718084,ACQ2
485,USA,IRN,Nego,5.32,1.59,1,1,0.12921670978440225,0.1254825551452719,0.20380523065214093,0.03927761924798305,0.07115113865703705,0.0880269542231147,0.216703501255858,0.1263362910341923,WAR1,0.12675440203648317,0.09539706485713863,0.2506847759471568,0.09719404704624919,0.05007292747109275,0.08405692385159422,0.20693013707220123,0.088909721718084,ACQ2
485,USA,IRN,Nego,5.32,1.6,1,1,0.13003339417235932,0.12674203792613276,0.19989717717558078,0.039359473804207824,0.07195245582927563,0.08788999950254446,0.21636634807677763,0.12775911351312136,WAR1,0.12675440203648317,0.09539706485713863,0.2506847759471568,0.09719404704624919,0.05007292747109275,0.08405692385159422,0.20693013707220123,0.088909721718084,ACQ2
485,USA,IRN,Nego,5.32,1.61,1,1,0.13082893092464504,0.12799692417944156,0.19598867161945557,0.03944983338664969,0.0727634693117162,0.08775038086584372,0.21602263690693602,0.1291991528053123,WAR1,0.12675440203648317,0.09539706485713863,0.2506847759471568,0.09719404704624919,0.05007292747109275,0.08405692385159422,0.20693013707220123,0.088909721718084,ACQ2
485,USA,IRN,Nego,5.32,1.62,1,1,0.13160175745729027,0.12924591775518382,0.19208237820119356,0.03954928547293562,0.07358391312742057,0.08760819805510298,0.21567261328999,0.13065593664088315,WAR1,0.12675440203648317,0.09539706485713863,0.2506847759471568,0.09719404704624919,0.05007292747109275,0.08405692385159422,0.20693013707220123,0.088909721718084,ACQ2
485,USA,IRN,Nego,5.32,1.63,1,1,0.13235030436332546,0.13048768417975115,0.1881809818215484,0.03965845008758198,0.07441350358935239,0.08746356267698643,0.21531655197763466,0.13212896130381938,WAR1,0.12675440203648317,0.09539706485713863,0.2506847759471568,0.09719404704624919,0.05007292747109275,0.08405692385159422,0.20693013707220123,0.088909721718084,ACQ2
485,USA,IRN,Nego,5.32,1.64,1,1,0.13307300045908532,0.1317208525137248,0.1842871826753198,0.039777979979975765,0.07525193909044585,0.08731659788205748,0.21495475614017168,0.1336176912592192,WAR1,0.12675440203648317,0.09539706485713863,0.2506847759471568,0.09719404704624919,0.05007292747109275,0.08405692385159422,0.20693013707220123,0.088909721718084,ACQ2
485,USA,IRN,Nego,5.32,1.65,1,1,0.1337682781339878,0.13294401744314088,0.18040369060934092,0.03990856068798452,0.07609889993729133,0.08716743796006868,0.21458755637020033,0.13512155885798544,WAR1,0.12675440203648317,0.09539706485713863,0.2506847759471568,0.09719404704624919,0.05007292747109275,0.08405692385159422,0.20693013707220123,0.088909721718084,ACQ2
485,USA,IRN,Nego,5.32,1.66,1,1,0.1344345789847783,0.13415574160235583,0.1765332192520568,0.04005091048076613,0.07695404822979159,0.08701622785019485,0.21421530947691483,0.13663996412314167,WAR1,0.12675440203648317,0.09539706485713863,0.2506847759471568,0.09719404704624919,0.05007292747109275,0.08405692385159422,0.20693013707220123,0.088909721718084,ACQ2
485,USA,IRN,Nego,5.32,1.67,1,1,0.1350703597112277,0.13535455812463718,0.17267847994217134,0.04020578017482138,0.07781702778900162,0.08686312256598215,0.21383839707045377,0.13817227462170503,WAR1,0.12675440203648317,0.09539706485713863,0.2506847759471568,0.09719404704624919,0.05007292747109275,0.08405692385159422,0.20693013707220123,0.088909721718084,ACQ2
485,USA,IRN,Nego,5.32,1.68,1,1,0.13567409824627638,0.13653897341458182,0.16884217548682032,0.04037395281784881,0.07868746413522255,0.08670828653563452,0.21345722393782618,0.13971782542578945,WAR1,0.12675440203648317,0.09539706485713863,0.2506847759471568,0.09719404704624919,0.05007292747109275,0.08405692385159422,0.20693013707220123,0.088909721718084,ACQ2
485,USA,IRN,Nego,5.32,1.69,1,1,0.13624430008968252,0.13770747013448179,0.16502699378245336,0.0405562432355069,0.07956496451827424,0.08655189285913656,0.21307221621410685,0.14127591916635776,WAR1,0.12675440203648317,0.09539706485713863,0.2506847759471568,0.09719404704624919,0.05007292747109275,0.08405692385159422,0.20693013707220123,0.088909721718084,ACQ2
485,USA,IRN,Nego,5.32,1.7,1,1,0.1367795048104477,0.13885851039482858,0.16123560133403292,0.04075349743675327,0.08044911800172919,0.08639412248461228,0.21268381935480857,0.14284582618278766,WAR1,0.12675440203648317,0.09539706485713863,0.2506847759471568,0.09719404704624919,0.05007292747109275,0.08405692385159422,0.20693013707220123,0.088909721718084,ACQ2
485,USA,IRN,Nego,5.32,1.71,1,1,0.13727829267971522,0.13999053913734572,0.15747063671019965,0.0409665918739989,0.08133949560276206,0.08623516330722437,0.2122924959175646,0.14442678477118945,WAR1,0.12675440203648317,0.09539706485713863,0.2506847759471568,0.09719404704624919,0.05007292747109275,0.08405692385159422,0.20693013707220123,0.088909721718084,ACQ2
485,USA,IRN,Nego,5.32,1.72,1,1,0.13773929139254898,0.14110198769728408,0.1537347039736829,0.04119643255487406,0.0822356504891506,0.08607520919480843,0.21189872316344932,0.14601800153420186,WAR1,0.12675440203648317,0.09539706485713863,0.2506847759471568,0.09719404704624919,0.05007292747109275,0.08405692385159422,0.20693013707220123,0.088909721718084,ACQ2
485,USA,IRN,Nego,5.32,1.73,1,1,0.13816118283406306,0.1421912775302661,0.15003036612736056,0.041443954002938405,0.08313711823486973,0.08591445894529696,0.21150299049037977,0.14761865183482561,WAR1,0.12675440203648317,0.09539706485713863,0.2506847759471568,0.09719404704624919,0.05007292747109275,0.08405692385159422,0.20693013707220123,0.088909721718084,ACQ2
485,USA,IRN,Nego,5.32,1.74,1,1,0.13854270984286848,0.1432568240877587,0.14636013861699665,0.04171011806517039,0.08404341713564818,0.08575311518179704,0.21110579671303273,0.14922788035672768,WAR1,0.12675440203648317,0.09539706485713863,0.2506847759471568,0.09719404704624919,0.05007292747109275,0.08405692385159422,0.20693013707220123,0.088909721718084,ACQ2
485,USA,IRN,Nego,5.32,1.75,1,1,0.1388826829227728,0.1442970408243134,0.1427264829317401,0.04199591256452938,0.08495404858581104,0.08559138319192705,0.21070764720554136,0.15084480177336462,WAR1,0.12675440203648317,0.09539706485713863,0.2506847759471568,0.09719404704624919,0.05007292747109275,0.08405692385159422,0.20693013707220123,0.088909721718084,ACQ2
485,USA,IRN,Nego,5.32,1.76,1,1,0.1391799868521892,0.14531034331907952,0.13913180034295053,0.04230234979629594,0.08586849751771691,0.0854294697186743,0.21030905092484486,0.15246850152824884,WAR1,0.12675440203648317,0.09539706485713863,0.2506847759471568,0.09719404704624919,0.05007292747109275,0.08405692385159422,0.20693013707220123,0.088909721718084,ACQ2
485,USA,IRN,Nego,5.32,1.77,1,1,0.1394335871397956,0.1462951534937731,0.1355784258208327,0.042630464867257314,0.08678623290510774,0.08526758171059202,0.20991051733394217,0.15409803672869943,WAR1,0.12675440203648317,0.09539706485713863,0.2506847759471568,0.09719404704624919,0.05007292747109275,0.08405692385159422,0.20693013707220123,0.088909721718084,ACQ2
485,USA,IRN,Nego,5.32,1.78,1,1,0.13964253627469836,0.14724990390928652,0.13206862216669488,0.04298131387712316,0.08770670833173036,0.08510592503959624,0.20951255324538168,0.15573243715548893,WAR1,0.12675440203648317,0.09539706485713863,0.2506847759471568,0.09719404704624919,0.05007292747109275,0.08405692385159422,0.20693013707220123,0.088909721718084,ACQ2
485,USA,IRN,Nego,5.32,1.79,1,1,0.1398059797196728,0.1481730421234292,0.12860457439645565,0.04335597194184171,0.08862936262664331,0.08494470319494397,0.2091156596061162,0.15737070639089695,WAR1,0.12675440203648317,0.09539706485713863,0.2506847759471568,0.09719404704624919,0.05007292747109275,0.08405692385159422,0.20693013707220123,0.088909721718084,ACQ2
485,USA,IRN,Nego,5.32,1.8,1,1,0.13992316159701584,0.14906303509289648,0.12518838440833843,0.04375553105875221,0.08955362056769892,0.08478411596216547,0.20872032824531628,0.15901182306781628,WAR1,0.12675440203648317,0.09539706485713863,0.2506847759471568,0.09719404704624919,0.05007292747109275,0.08405692385159422,0.20693013707220123,0.088909721718084,ACQ2
485,USA,IRN,Nego,5.32,1.81,1,1,0.13999343001810763,0.1499183736034107,0.12182206596457396,0.04418109781378552,0.09047889365476283,0.08462435809578352,0.2083270386068905,0.16065474224268525,WAR1,0.12675440203648317,0.09539706485713863,0.2506847759471568,0.09719404704624919,0.05007292747109275,0.08405692385159422,0.20693013707220123,0.088909721718084,ACQ2
485,USA,IRN,Nego,5.32,1.82,1,1,0.14001624200992985,0.15073757671303603,0.11850754001346898,0.04463379093123433,0.09140458095430307,0.08446561799458838,0.20793625448829534,0.16229839689514394,WAR1,0.12675440203648317,0.09539706485713863,0.2506847759471568,0.09719404704624919,0.05007292747109275,0.08405692385159422,0.20693013707220123,0.088909721718084,ACQ2
485,USA,IRN,Nego,5.32,1.83,1,1,0.13999116799447409,0.15151919619484866,0.11524663037446896,0.04511473866699865,0.09233007001701965,0.08430807638804849,0.20754842080676036,0.1639416995573812,WAR1,0.12675440203648317,0.09539706485713863,0.2506847759471568,0.09719404704624919,0.05007292747109275,0.08405692385159422,0.20693013707220123,0.088909721718084,ACQ2
485,USA,IRN,Nego,5.32,1.84,1,1,0.1399178957801433,0.1522618209663889,0.11204105980495833,0.045625076046706084,0.09325473787018562,0.08415190504214577,0.20716396041333146,0.16558354407614057,WAR1,0.12675440203648317,0.09539706485713863,0.2506847759471568,0.09719404704624919,0.05007292747109275,0.08405692385159422,0.20693013707220123,0.088909721718084,ACQ2
485,USA,IRN,Nego,5.32,1.85,1,1,0.13979623402782868,0.15296408149453142,0.10889244646359955,0.04616594195075818,0.09417795208630993,0.0839972654925389,0.206783270974191,0.16722280751024227,WAR1,0.12675440203648317,0.09539706485713863,0.2506847759471568,0.09719404704624919,0.05007292747109275,0.08405692385159422,0.20693013707220123,0.088909721718084,ACQ2
485,USA,IRN,Nego,5.32,1.86,1,1,0.13962611515827325,0.15362465416549023,0.10580230078113462,0.046738476049199375,0.0950990719295847,0.08384430781250439,0.20640672193759213,0.1688583521662212,WAR1,0.12675440203648317,0.09539706485713863,0.2506847759471568,0.09719404704624919,0.05007292747109275,0.08405692385159422,0.20693013707220123,0.088909721718084,ACQ2
485,USA,IRN,Nego,5.32,1.87,1,1,0.13940759767151417,0.15424226561054055,0.10277202274585666,0.04734381559039279,0.09601744958133582,0.08369316942260371,0.20603465160351428,0.17048902777424188,WAR1,0.12675440203648317,0.09539706485713863,0.2506847759471568,0.09719404704624919,0.05007292747109275,0.08405692385159422,0.20693013707220123,0.088909721718084,ACQ2
485,USA,IRN,Nego,5.32,1.88,1,1,0.13914086785357424,0.1548156969785844,0.09980289960750878,0.04798309204884521,0.09693243144532694,0.08354397394850141,0.20566736431185642,0.17211367380580272,WAR1,0.12675440203648317,0.09539706485713863,0.2506847759471568,0.09719404704624919,0.05007292747109275,0.08405692385159422,0.20693013707220123,0.088909721718084,ACQ2
485,USA,IRN,Nego,5.32,1.89,1,1,0.13882624085005546,0.1553437881468373,0.09689610400028026,0.04865742763918468,0.09784335953325914,0.08339683013284052,0.20530512776370735,0.17373112193383544,WAR1,0.12675440203648317,0.09539706485713863,0.2506847759471568,0.09719404704624919,0.05007292747109275,0.08405692385159422,0.20693013707220123,0.088909721718084,ACQ2
485,USA,IRN,Nego,5.32,1.9,1,1,0.13846416109082213,0.15582544186059857,0.09405269248290153,0.04936793170526976,0.0987495729301513,0.08325183080659061,0.2049481704890247,0.1753401986346414,WAR1,0.12675440203648317,0.09539706485713863,0.2506847759471568,0.09719404704624919,0.05007292747109275,0.08405692385159422,0.20693013707220123,0.088909721718084,ACQ2
485,USA,IRN,Nego,5.32,1.91,1,1,0.13805520205448868,0.15625962779223135,0.091273604491654,0.05011569699569791,0.09965040933846563,0.08310905192484354,0.20459667947297105,0.1769397279296478,WAR1,0.12675440203648317,0.09539706485713863,0.2506847759471568,0.09719404704624919,0.05007292747109275,0.08405692385159422,0.20693013707220123,0.088909721718084,ACQ2
485,USA,IRN,Nego,5.32,1.92,1,1,0.13760006536591093,0.15664538650810841,0.08855966170042973,0.05090179583957048,0.10054520669885872,0.08296855167166084,0.20425079795223988,0.1785285342632211,WAR1,0.12675440203648317,0.09539706485713863,0.2506847759471568,0.09719404704624919,0.05007292747109275,0.08405692385159422,0.20693013707220123,0.088909721718084,ACQ2
485,USA,IRN,Nego,5.32,1.93,1,1,0.13709957922429244,0.1569818333303704,0.08591156778079811,0.05172727623921403,0.10143330488429586,0.08283036963828874,0.20391062339199678,0.1801054455107437,WAR1,0.12675440203648317,0.09539706485713863,0.2506847759471568,0.09719404704624919,0.05007292747109275,0.08405692385159422,0.20693013707220123,0.088909721718084,ACQ2
485,USA,IRN,Nego,5.32,1.94,1,1,0.13655469616385874,0.15726816207794744,0.0833299085543332,0.0525931578996026,0.10231404746297426,0.08269452607885341,0.20357620565356097,0.1816692961088692,WAR1,0.12675440203648317,0.09539706485713863,0.2506847759471568,0.09719404704624919,0.05007292747109275,0.08405692385159422,0.20693013707220123,0.088909721718084,ACQ2
485,USA,IRN,Nego,5.32,1.95,1,1,0.13596649015331932,0.1575036486684679,0.0808151525291769,0.05350042821738496,0.10318678352408242,0.0825610212475395,0.2032475453626804,0.18321893029734881,WAR1,0.12675440203648317,0.09539706485713863,0.2506847759471568,0.09719404704624919,0.05007292747109275,0.08405692385159422,0.20693013707220123,0.088909721718084,ACQ2
485,USA,IRN,Nego,5.32,1.96,1,1,0.13533615304457053,0.15768765455955233,0.07836765181286875,0.05445003825559512,0.10405086955890724,0.08242983482121463,0.20292459248815758,0.18475320545913376,WAR1,0.12675440203648317,0.09539706485713863,0.2506847759471568,0.09719404704624919,0.05007292747109275,0.08405692385159422,0.20693013707220123,0.088909721718084,ACQ2
485,USA,IRN,Nego,5.32,1.97,1,1,0.13466499038530338,0.15781963000468294,0.07598764339377745,0.05544289873319802,0.10490567138822274,0.08230092541149656,0.20260724514066294,0.18627099554265591,WAR1,0.12675440203648317,0.09539706485713863,0.2506847759471568,0.09719404704624919,0.05007292747109275,0.08405692385159422,0.20693013707220123,0.088909721718084,ACQ2
485,USA,IRN,Nego,5.32,1.98,1,1,0.13395441661442284,0.15789911709553456,0.07367525078388851,0.05647987606145216,0.10575056612530008,0.08217423017031966,0.20229534860172455,0.1877711945473574,WAR1,0.12675440203648317,0.09539706485713863,0.2506847759471568,0.09719404704624919,0.05007292747109275,0.08405692385159422,0.20693013707220123,0.088909721718084,ACQ2
485,USA,IRN,Nego,5.32,1.99,1,1,0.1332059496634949,0.15792575255953517,0.07143048601612638,0.05756178846153149,0.10658494416232256,0.08204966449313712,0.20198869459307445,0.1892527200507778,WAR1,0.12675440203648317,0.09539706485713863,0.2506847759471568,0.09719404704624919,0.05007292747109275,0.08405692385159422,0.20693013707220123,0.088909721718084,ACQ2
485,USA,IRN,Nego,5.33,1.5,1,1,0.12096747165273793,0.11494422677644942,0.2354995656923234,0.03921503961378994,0.06503337810476736,0.08922179870344053,0.21964495236737278,0.11547356708911873,ACQ2,0.12675440203648317,0.09539706485713863,0.2506847759471568,0.09719404704624919,0.05007292747109275,0.08405692385159422,0.20693013707220123,0.088909721718084,ACQ2
485,USA,IRN,Nego,5.33,1.51,1,1,0.12190419917631874,0.11620366822852239,0.23167490016853703,0.03924910765622018,0.06575062306383356,0.08910730290545338,0.21936308824379977,0.11674711055731495,ACQ2,0.12675440203648317,0.09539706485713863,0.2506847759471568,0.09719404704624919,0.05007292747109275,0.08405692385159422,0.20693013707220123,0.088909721718084,ACQ2
485,USA,IRN,Nego,5.33,1.52,1,1,0.12283199805907252,0.1174676680925447,0.22782923784800468,0.03928810125457147,0.06647914384115255,0.08898967122777596,0.21907350425630112,0.11804067542057699,ACQ2,0.12675440203648317,0.09539706485713863,0.2506847759471568,0.09719404704624919,0.05007292747109275,0.08405692385159422,0.20693013707220123,0.088909721718084,ACQ2
485,USA,IRN,Nego,5.33,1.53,1,1,0.12374950309115758,0.11873527272300795,0.22396493054777483,0.039332366010699026,0.06721880291664473,0.08886890457682366,0.2187762026362771,0.11935401749761515,ACQ2,0.12675440203648317,0.09539706485713863,0.2506847759471568,0.09719404704624919,0.05007292747109275,0.08405692385159422,0.20693013707220123,0.088909721718084,ACQ2
485,USA,IRN,Nego,5.33,1.54,1,1,0.12465531257662174,0.12000548218598948,0.2200843847467915,0.03938227572369885,0.06796944773396538,0.08874501589040788,0.21847121523384755,0.12068686590867773,ACQ2,0.12675440203648317,0.09539706485713863,0.2506847759471568,0.09719404704624919,0.05007292747109275,0.08405692385159422,0.20693013707220123,0.088909721718084,ACQ2
485,USA,IRN,Nego,5.33,1.55,1,1,0.12554799065011046,0.12127725034540193,0.21619005873614308,0.03943823323349295,0.06873091022709955,0.08861803040268403,0.21815860417009664,0.1220389222349711,WAR1,0.12675440203648317,0.09539706485713863,0.2506847759471568,0.09719404704624919,0.05007292747109275,0.08405692385159422,0.20693013707220123,0.088909721718084,ACQ2
485,USA,IRN,Nego,5.33,1.56,1,1,0.12642606992684924,0.12254948514240803,0.21228445942867463,0.03950067120944724,0.06950300636949105,0.08848798585323876,0.21783846235180093,0.12340985971809036,WAR1,0.12675440203648317,0.09539706485713863,0.2506847759471568,0.09719404704624919,0.05007292747109275,0.08405692385159422,0.20693013707220123,0.088909721718084,ACQ2
485,USA,IRN,Nego,5.33,1.57,1,1,0.12728805449408132,0.12382104907895686,0.20837013882628,0.03957005287579244,0.07028553574876162,0.08835493263519832,0.2175109138360401,0.12479932250488941,WAR1,0.12675440203648317,0.09539706485713863,0.2506847759471568,0.09719404704624919,0.05007292747109275,0.08405692385159422,0.20693013707220123,0.088909721718084,ACQ2
485,USA,IRN,Nego,5.33,1.58,1,1,0.12813242324973828,0.1250907599154818,0.20444969014590922,0.03964687266552559,0.07107828117009438,0.08821893387743418,0.21717611403257034,0.1262069249432464,WAR1,0.12675440203648317,0.09539706485713863,0.2506847759471568,0.09719404704624919,0.05007292747109275,0.08405692385159422,0.20693013707220123,0.088909721718084,ACQ2
485,USA,IRN,Nego,5.33,1.59,1,1,0.12895763359140977,0.12635739159168266,0.2005257436082509,0.0397316567944493,0.07188100829134532,0.08808006545620709,0.21683424973248894,0.12763225093416594,WAR1,0.12675440203648317,0.09539706485713863,0.2506847759471568,0.09719404704624919,0.05007292747109275,0.08405692385159422,0.20693013707220123,0.088909721718084,ACQ2
485,USA,IRN,Nego,5.33,1.6,1,1,0.1297621254556862,0.12761967537802457,0.19660096189616671,0.039824963747065165,0.07269346529291411,0.08793841593194573,0.21648553895259698,0.1290748533456006,WAR1,0.12675440203648317,0.09539706485713863,0.2506847759471568,0.09719404704624919,0.05007292747109275,0.08405692385159422,0.20693013707220123,0.088909721718084,ACQ2
485,USA,IRN,Nego,5.33,1.61,1,1,0.13054432570466828,0.12887630126411156,0.1926780352932197,0.03992738466617339,0.07351538258534884,0.08779408640728534,0.2161302305859207,0.13053425349327205,WAR1,0.12675440203648317,0.09539706485713863,0.2506847759471568,0.09719404704624919,0.05007292747109275,0.08405692385159422,0.20693013707220123,0.088909721718084,ACQ2
485,USA,IRN,Nego,5.33,1.62,1,1,0.13130265285291629,0.13012591958845127,0.18875967651602,0.040039543638251594,0.07434647255757763,0.08764719030301377,0.21576860385013913,0.13200994069363015,WAR1,0.12675440203648317,0.09539706485713863,0.2506847759471568,0.09719404704624919,0.05007292747109275,0.08405692385159422,0.20693013707220123,0.088909721718084,ACQ2
485,USA,IRN,Nego,5.33,1.63,1,1,0.13203552212436576,0.13136714291233667,0.18484861525756321,0.040162097866982084,0.07518642936855614,0.08749785304916717,0.21540096752712762,0.13350137189390143,WAR1,0.12675440203648317,0.09539706485713863,0.2506847759471568,0.09719404704624919,0.05007292747109275,0.08405692385159422,0.20693013707220123,0.088909721718084,ACQ2
485,USA,IRN,Nego,5.33,1.64,1,1,0.13274135082481658,0.13259854813864827,0.1809475924622029,0.04029573772767202,0.07603492878499798,0.08734621168919748,0.21502765898850268,0.13500797138396223,WAR1,0.12675440203648317,0.09539706485713863,0.2506847759471568,0.09719404704624919,0.05007292747109275,0.08405692385159422,0.20693013707220123,0.088909721718084,ACQ2
485,USA,IRN,Nego,5.33,1.65,1,1,0.13341856401154703,0.13381867887435922,0.17705935435633235,0.04044118669575464,0.07689162806771195,0.08719241439588152,0.21464904300389448,0.1365291305945188,WAR1,0.12675440203648317,0.09539706485713863,0.2506847759471568,0.09719404704624919,0.05007292747109275,0.08405692385159422,0.20693013707220123,0.088909721718084,ACQ2
485,USA,IRN,Nego,5.33,1.66,1,1,0.1340656004374731,0.13502604803342885,0.17318664626218178,0.040599201143069086,0.07775616590891764,0.08703661989845415,0.21426551033067107,0.1380642079858043,WAR1,0.12675440203648317,0.09539706485713863,0.2506847759471568,0.09719404704624919,0.05007292747109275,0.08405692385159422,0.20693013707220123,0.088909721718084,ACQ2
485,USA,IRN,Nego,5.33,1.67,1,1,0.13468091874313198,0.1362191406746425,0.1693322062253012,0.04077056999617637,0.07862816242274401,0.08687899682131643,0.21387747608597946,0.13961252903070812,WAR1,0.12675440203648317,0.09539706485713863,0.2506847759471568,0.09719404704624919,0.05007292747109275,0.08405692385159422,0.20693013707220123,0.088909721718084,ACQ2
485,USA,IRN,Nego,5.33,1.68,1,1,0.13526300386567175,0.13739641706683528,0.16549875848924447,0.04095611425157317,0.07950721919094794,0.08671972293557549,0.21348537790419755,0.14117338629595455,WAR1,0.12675440203648317,0.09539706485713863,0.2506847759471568,0.09719404704624919,0.05007292747109275,0.08405692385159422,0.20693013707220123,0.088909721718084,ACQ2
485,USA,IRN,Nego,5.33,1.69,1,1,0.13581037363006151,0.13855631597186333,0.16168900685359724,0.041156686343298506,0.08039291936572164,0.08655898432561135,0.2130896738851995,0.1427460396246469,WAR1,0.12675440203648317,0.09539706485713863,0.2506847759471568,0.09719404704624919,0.05007292747109275,0.08405692385159422,0.20693013707220123,0.088909721718084,ACQ2
485,USA,IRN,Nego,5.33,1.7,1,1,0.1363215854839636,0.13969725813371198,0.15790562795378243,0.04137316935907607,0.08128482783129229,0.08639697447380763,0.21269084034116015,0.14432971642320583,WAR1,0.12675440203648317,0.09539706485713863,0.2506847759471568,0.09719404704624919,0.05007292747109275,0.08405692385159422,0.20693013707220123,0.088909721718084,ACQ2
485,USA,IRN,Nego,5.33,1.71,1,1,0.13679524333421333,0.14081764996029067,0.1541512645029203,0.04160647610178583,0.08218249142586768,0.08623389326752696,0.2122893693519394,0.14592361205545595,WAR1,0.12675440203648317,0.09539706485713863,0.2506847759471568,0.09719404704624919,0.05007292747109275,0.08405692385159422,0.20693013707220123,0.088909721718084,ACQ2
485,USA,IRN,Nego,5.33,1.72,1,1,0.13723000443969835,0.14191588738282157,0.15042851853739914,0.041857547993697126,0.08308543922534453,0.08606994593332126,0.2118857661413375,0.14752689034638047,WAR1,0.12675440203648317,0.09539706485713863,0.2506847759471568,0.09719404704624919,0.05007292747109275,0.08405692385159422,0.20693013707220123,0.088909721718084,ACQ2
485,USA,IRN,Nego,5.33,1.73,1,1,0.13762458631269922,0.14299035987629954,0.14673994470866494,0.04212735382150947,0.08399318289008147,0.0859053419042405,0.21148054628865245,0.14913868419785264,WAR1,0.12675440203648317,0.09539706485713863,0.2506847759471568,0.09719404704624919,0.05007292747109275,0.08405692385159422,0.20693013707220123,0.088909721718084,ACQ2
485,USA,IRN,Nego,5.33,1.74,1,1,0.13797777357850194,0.14403945462334783,0.1430880436640184,0.042416888320826664,0.08490521707594764,0.08574029362690844,0.21107423279195398,0.15075809631849516,WAR1,0.12675440203648317,0.09539706485713863,0.2506847759471568,0.09719404704624919,0.05007292747109275,0.08405692385159422,0.20693013707220123,0.088909721718084,ACQ2
485,USA,IRN,Nego,5.33,1.75,1,1,0.13828842474139158,0.14506156080292618,0.13947525555891888,0.0427271705992303,0.08582101991079166,0.08557501531575856,0.21066735300128164,0.15238420006970121,WAR1,0.12675440203648317,0.09539706485713863,0.2506847759471568,0.09719404704624919,0.05007292747109275,0.08405692385159422,0.20693013707220123,0.088909721718084,ACQ2
485,USA,IRN,Nego,5.33,1.76,1,1,0.13855547880401003,0.14605507398479511,0.13590395374239447,0.043059242397611205,0.08674005353743824,0.08540972166245514,0.21026043544151415,0.1540160404297816,WAR1,0.12675440203648317,0.09539706485713863,0.2506847759471568,0.09719404704624919,0.05007292747109275,0.08405692385159422,0.20693013707220123,0.088909721718084,ACQ2
485,USA,IRN,Nego,5.33,1.77,1,1,0.1387779616865725,0.14701840061040863,0.13237643865568324,0.04341416618987219,0.08766176472430617,0.08524462650903825,0.20985400654593822,0.15565263507818083,WAR1,0.12675440203648317,0.09539706485713863,0.2506847759471568,0.09719404704624919,0.05007292747109275,0.08405692385159422,0.20693013707220123,0.088909721718084,ACQ2
485,USA,IRN,Nego,5.33,1.78,1,1,0.1389549923925839,0.14794996254099907,0.12889493198218527,0.04379302312153171,0.08858558554474792,0.0850799414937283,0.20944858732250826,0.1572929756017155,WAR1,0.12675440203648317,0.09539706485713863,0.2506847759471568,0.09719404704624919,0.05007292747109275,0.08405692385159422,0.20693013707220123,0.088909721718084,ACQ2
485,USA,IRN,Nego,5.33,1.79,1,1,0.139085788868502,0.14884820165400028,0.12546157108423703,0.044196910788156595,0.0895109341262333,0.0849158746785908,0.20904468997545156,0.1589360288248286,WAR1,0.12675440203648317,0.09539706485713863,0.2506847759471568,0.09719404704624919,0.05007292747109275,0.08405692385159422,0.20693013707220123,0.088909721718084,ACQ2
485,USA,IRN,Nego,5.33,1.8,1,1,0.13916967350623283,0.1497115844696171,0.12207840375919025,0.0446269408549487,0.09043721547052778,0.08475262916839271,0.2086428145051888,0.1605807382659018,WAR1,0.12675440203648317,0.09539706485713863,0.2506847759471568,0.09719404704624919,0.05007292747109275,0.08405692385159422,0.20693013707220123,0.088909721718084,ACQ2
485,USA,IRN,Nego,5.33,1.81,1,1,0.13920607823941483,0.1505386067902291,0.11874738334385321,0.04508423651923088,0.0913638223460366,0.08459040172998392,0.20824344530954605,0.16222602572170539,WAR1,0.12675440203648317,0.09539706485713863,0.2506847759471568,0.09719404704624919,0.05007292747109275,0.08405692385159422,0.20693013707220123,0.088909721718084,ACQ2
485,USA,IRN,Nego,5.33,1.82,1,1,0.13919454918708057,0.15132779833635412,0.11547036419262277,0.04556992981805841,0.09229013625348591,0.08442938142140884,0.20784704780892285,0.1638707929820668,WAR1,0.12675440203648317,0.09539706485713863,0.2506847759471568,0.09719404704624919,0.05007292747109275,0.08405692385159422,0.20693013707220123,0.088909721718084,ACQ2
485,USA,IRN,Nego,5.33,1.83,1,1,0.13913475080146098,0.15207772736403466,0.11224909755070368,0.046085158783750683,0.09321552846607735,0.08426974823971457,0.20745406511748407,0.1655139236767738,WAR1,0.12675440203648317,0.09539706485713863,0.2506847759471568,0.09719404704624919,0.05007292747109275,0.08405692385159422,0.20693013707220123,0.088909721718084,ACQ2
485,USA,IRN,Nego,5.33,1.84,1,1,0.13902646948032166,0.15278700524964756,0.10908522783977513,0.04663106445084139,0.0941393611451608,0.08411167179607813,0.20706491478160777,0.1671542852565676,WAR1,0.12675440203648317,0.09539706485713863,0.2506847759471568,0.09719404704624919,0.05007292747109275,0.08405692385159422,0.20693013707220123,0.088909721718084,ACQ2
485,USA,IRN,Nego,5.33,1.85,1,1,0.13886961660824404,0.15345429102919037,0.10598028936943686,0.04720878771881788,0.09506098853230308,0.08395531002645161,0.20667998560576978,0.16879073110978618,WAR1,0.12675440203648317,0.09539706485713863,0.2506847759471568,0.09719404704624919,0.05007292747109275,0.08405692385159422,0.20693013707220123,0.088909721718084,ACQ2
485,USA,IRN,Nego,5.33,1.86,1,1,0.1386642309956012,0.1540782958799948,0.10293570348386222,0.047819466076097855,0.09597975821837595,0.08380080794544222,0.20629963458486325,0.17042210281576262,WAR1,0.12675440203648317,0.09539706485713863,0.2506847759471568,0.09719404704624919,0.05007292747109275,0.08405692385159422,0.20693013707220123,0.088909721718084,ACQ2
485,USA,IRN,Nego,5.33,1.87,1,1,0.13841048068854844,0.15465778753342757,0.09995277614938913,0.04846423019201354,0.09689501248991257,0.08364829645062188,0.2059241839606651,0.17204723253542178,WAR1,0.12675440203648317,0.09539706485713863,0.2506847759471568,0.09719404704624919,0.05007292747109275,0.08405692385159422,0.20693013707220123,0.088909721718084,ACQ2
485,USA,IRN,Nego,5.33,1.88,1,1,0.13810866412808406,0.15519159460743218,0.09703269598540752,0.049144200385155795,0.09780608975248767,0.08349789118393251,0.2055539184188597,0.17366494553864073,WAR1,0.12675440203648317,0.09539706485713863,0.2506847759471568,0.09719404704624919,0.05007292747109275,0.08405692385159422,0.20693013707220123,0.088909721718084,ACQ2
485,USA,IRN,Nego,5.33,1.89,1,1,0.13775921064106114,0.1556786108476301,0.09417653273790003,0.04986048297829207,0.09871232603023714,0.08334969145633121,0.2051890824417456,0.17527406286680278,WAR1,0.12675440203648317,0.09539706485713863,0.2506847759471568,0.09719404704624919,0.05007292747109275,0.08405692385159422,0.20693013707220123,0.088909721718084,ACQ2
485,USA,IRN,Nego,5.33,1.9,1,1,0.1373626802508953,0.15611779926511501,0.09138523619244915,0.05061416655221361,0.09961305653984528,0.08320377924133839,0.20482987783056697,0.17687340412757643,WAR1,0.12675440203648317,0.09539706485713863,0.2506847759471568,0.09719404704624919,0.05007292747109275,0.08405692385159422,0.20693013707220123,0.088909721718084,ACQ2
485,USA,IRN,Nego,5.33,1.91,1,1,0.13691976280055912,0.1565081961579963,0.08865963552143948,0.051406318113263585,0.10050761733639131,0.08306021824271853,0.2044764614103436,0.1784617904172882,WAR1,0.12675440203648317,0.09539706485713863,0.2506847759471568,0.09719404704624919,0.05007292747109275,0.08405692385159422,0.20693013707220123,0.088909721718084,ACQ2
485,USA,IRN,Nego,5.33,1.92,1,1,0.13643127638526475,0.15684891500220333,0.08600043905859453,0.05223797919192446,0.10139534702735768,0.08291905304115817,0.20412894292917366,0.18003804736432344,WAR1,0.12675440203648317,0.09539706485713863,0.2506847759471568,0.09719404704624919,0.05007292747109275,0.08405692385159422,0.20693013707220123,0.088909721718084,ACQ2
485,USA,IRN,Nego,5.33,1.93,1,1,0.13589816509697764,0.1571391501950451,0.08340823449284732,0.053110161892631735,0.10227558854988189,0.08278030832451626,0.20378738316327705,0.181601008284823,WAR1,0.12675440203648317,0.09539706485713863,0.2506847759471568,0.09719404704624919,0.05007292747109275,0.08405692385159422,0.20693013707220123,0.088909721718084,ACQ2
485,USA,IRN,Nego,5.33,1.94,1,1,0.1353214960875921,0.15737818063265177,0.08088348947283244,0.05402384491786455,0.10314769100499357,0.08264398820600412,0.20345179223849819,0.18314951743956337,WAR1,0.12675440203648317,0.09539706485713863,0.2506847759471568,0.09719404704624919,0.05007292747109275,0.08405692385159422,0.20693013707220123,0.088909721718084,ACQ2
485,USA,IRN,Nego,5.33,1.95,1,1,0.1347024559622327,0.15756537309974775,0.07842655261291093,0.05497996959244436,0.10401101154114992,0.08251007563450433,0.20312212817863967,0.18468243337837048,WAR1,0.12675440203648317,0.09539706485713863,0.2506847759471568,0.09719404704624919,0.05007292747109275,0.08405692385159422,0.20693013707220123,0.088909721718084,ACQ2
485,USA,IRN,Nego,5.33,1.96,1,1,0.1340423465187473,0.15770018544739745,0.0760376548915263,0.055979435916735834,0.10486491727790231,0.08237853190114573,0.20279829569075392,0.18619863235579115,WAR1,0.12675440203648317,0.09539706485713863,0.2506847759471568,0.09719404704624919,0.05007292747109275,0.08405692385159422,0.20693013707220123,0.088909721718084,ACQ2
485,USA,IRN,Nego,5.33,1.97,1,1,0.13334257985405815,0.15778216953155186,0.07371691143272535,0.05702309867996899,0.10570878725903356,0.08224929624618886,0.20248014519738045,0.18769701179909293,WAR1,0.12675440203648317,0.09539706485713863,0.2506847759471568,0.09719404704624919,0.05007292747109275,0.08405692385159422,0.20693013707220123,0.088909721718084,ACQ2
485,USA,IRN,Nego,5.33,1.98,1,1,0.1326046728626612,0.15781097388259266,0.0714643236617435,0.05811176366705906,0.10654201442305163,0.0821222855702269,0.20216747212558395,0.1891764938070814,WAR1,0.12675440203648317,0.09539706485713863,0.2506847759471568,0.09719404704624919,0.05007292747109275,0.08405692385159422,0.20693013707220123,0.088909721718084,ACQ2
485,USA,IRN,Nego,5.33,1.99,1,1,0.13183024115723038,0.15778634607381123,0.06927978182554677,0.05924618399394929,0.1073640075775629,0.08199739425362922,0.20186001646246324,0.19063602865580698,WAR1,0.12675440203648317,0.09539706485713863,0.2506847759471568,0.09719404704624919,0.05007292747109275,0.08405692385159422,0.20693013707220123,0.088909721718084,ACQ2
485,USA,IRN,Nego,5.34,1.5,1,1,0.12078408473306868,0.1157647460053245,0.23241844076679707,0.03959830022598657,0.0656674023311865,0.0893087282390837,0.2198589542592101,0.11659934343934289,ACQ2,0.12675440203648317,0.09539706485713863,0.2506847759471568,0.09719404704624919,0.05007292747109275,0.08405692385159422,0.20693013707220123,0.088909721718084,ACQ2
485,USA,IRN,Nego,5.34,1.51,1,1,0.12171700760841711,0.11703365481317089,0.22856042297420973,0.03964023534086096,0.06639698641231243,0.08919006521743685,0.21956683132382718,0.11789479630976471,ACQ2,0.12675440203648317,0.09539706485713863,0.2506847759471568,0.09719404704624919,0.05007292747109275,0.08405692385159422,0.20693013707220123,0.088909721718084,ACQ2
485,USA,IRN,Nego,5.34,1.52,1,1,0.12264009732366905,0.11830647874300483,0.22468324294546146,0.0396874436713476,0.06713775999947537,0.08906815225864848,0.2192667077395107,0.11921011731888256,ACQ2,0.12675440203648317,0.09539706485713863,0.2506847759471568,0.09719404704624919,0.05007292747109275,0.08405692385159422,0.20693013707220123,0.088909721718084,ACQ2
485,USA,IRN,Nego,5.34,1.53,1,1,0.12355195224074993,0.11958221339690771,0.2207893196687607,0.039740299885558036,0.06788956906646582,0.08894300088727126,0.21895861187724025,0.12054503297704618,ACQ2,0.12675440203648317,0.09539706485713863,0.2506847759471568,0.09719404704624919,0.05007292747109275,0.08405692385159422,0.20693013707220123,0.088909721718084,ACQ2
485,USA,IRN,Nego,5.34,1.54,1,1,0.1244511352412517,0.1208598069976525,0.21688112577858842,0.039799208013506227,0.06865224380805118,0.08881463523632108,0.21864260314733025,0.12189924177729887,WAR1,0.12675440203648317,0.09539706485713863,0.2506847759471568,0.09719404704624919,0.05007292747109275,0.08405692385159422,0.20693013707220123,0.088909721718084,ACQ2
485,USA,IRN,Nego,5.34,1.55,1,1,0.12533617632237135,0.12213816062512513,0.21296118439277212,0.03986460225315706,0.06942559817840652,0.08868309228000305,0.21831877257235183,0.12327241337581289,WAR1,0.12675440203648317,0.09539706485713863,0.2506847759471568,0.09719404704624919,0.05007292747109275,0.08405692385159422,0.20693013707220123,0.088909721718084,ACQ2
485,USA,IRN,Nego,5.34,1.56,1,1,0.1262055755403591,0.12341612866237191,0.20903206559678306,0.03993694771154639,0.07020942945622692,0.08854842200476976,0.21798724320824175,0.12466418781970126,WAR1,0.12675440203648317,0.09539706485713863,0.2506847759471568,0.09719404704624919,0.05007292747109275,0.08405692385159422,0.20693013707220123,0.088909721718084,ACQ2
485,USA,IRN,Nego,5.34,1.57,1,1,0.12705780630818292,0.12469251946216993,0.20509638257531193,0.040016741072259616,0.0710035178397879,0.08841068751350442,0.21764817040077822,0.12607417482800493,WAR1,0.12675440203648317,0.09539706485713863,0.2506847759471568,0.09719404704624919,0.05007292747109275,0.08405692385159422,0.20693013707220123,0.088909721718084,ACQ2
485,USA,IRN,Nego,5.34,1.58,1,1,0.12789131905141343,0.12596609624393004,0.20115678739415443,0.04010451118051705,0.071807626075217,0.08826996505787857,0.21730174186523954,0.12750195313164997,WAR1,0.12675440203648317,0.09539706485713863,0.2506847759471568,0.09719404704624919,0.05007292747109275,0.08405692385159422,0.20693013707220123,0.088909721718084,ACQ2
485,USA,IRN,Nego,5.34,1.59,1,1,0.1287045452233168,0.12723557822944573,0.19721596643860528,0.04020081953715952,0.07262149912120894,0.08812634399426889,0.21694817757788018,0.12894706987811475,WAR1,0.12675440203648317,0.09539706485713863,0.2506847759471568,0.09719404704624919,0.05007292747109275,0.08405692385159422,0.20693013707220123,0.088909721718084,ACQ2
485,USA,IRN,Nego,5.34,1.6,1,1,0.12949590167684408,0.12849964202452008,0.19327663551790727,0.040306260692957355,0.07344486385336467,0.08797992665904295,0.2165877294689113,0.1304090401064524,WAR1,0.12675440203648317,0.09539706485713863,0.2506847759471568,0.09719404704624919,0.05007292747109275,0.08405692385159422,0.20693013707220123,0.088909721718084,ACQ2
485,USA,IRN,Nego,5.34,1.61,1,1,0.13026379538762753,0.12975692325183885,0.189341534648782,0.04042146253488341,0.07427742881124705,0.08783082815953391,0.21622068090792496,0.1318873462981622,WAR1,0.12675440203648317,0.09539706485713863,0.2506847759471568,0.09719404704624919,0.05007292747109275,0.08405692385159422,0.20693013707220123,0.088909721718084,ACQ2
485,USA,IRN,Nego,5.34,1.62,1,1,0.13100662851829276,0.13100601843862641,0.18541342253463017,0.04054708645629441,0.07511888399114228,0.08767917607762232,0.2158473459741764,0.13338143800921537,WAR1,0.12675440203648317,0.09539706485713863,0.2506847759471568,0.09719404704624919,0.05007292747109275,0.08405692385159422,0.20693013707220123,0.088909721718084,ACQ2
485,USA,IRN,Nego,5.34,1.63,1,1,0.13172280381038232,0.1322454871606426,0.18149507076060367,0.04068382740335458,0.07596890068738106,0.08752511008352272,0.21546806850580877,0.13489073158830447,WAR1,0.12675440203648317,0.09539706485713863,0.2506847759471568,0.09719404704624919,0.05007292747109275,0.08405692385159422,0.20693013707220123,0.088909721718084,ACQ2
485,USA,IRN,Nego,5.34,1.64,1,1,0.13241073028603148,0.13347385444198215,0.17758925772833695,0.04083241379050389,0.07682713138492311,0.08736878145813098,0.21508322092397567,0.136414609986116,WAR1,0.12675440203648317,0.09539706485713863,0.2506847759471568,0.09719404704624919,0.05007292747109275,0.08405692385159422,0.20693013707220123,0.088909721718084,ACQ2
485,USA,IRN,Nego,5.34,1.65,1,1,0.13306882923728108,0.1346896134079471,0.1736987623576312,0.040993607278314984,0.07769320970573627,0.08721035252311747,0.21469320282985133,0.13795242266012067,WAR1,0.12675440203648317,0.09539706485713863,0.2506847759471568,0.09719404704624919,0.05007292747109275,0.08405692385159422,0.20693013707220123,0.088909721718084,ACQ2
485,USA,IRN,Nego,5.34,1.66,1,1,0.13369554047662097,0.13589122818602692,0.16982635758574907,0.04116820240769007,0.07856675041131832,0.08704999597883643,0.21429843937470655,0.13950348557905135,WAR1,0.12675440203648317,0.09539706485713863,0.2506847759471568,0.09719404704624919,0.05007292747109275,0.08405692385159422,0.20693013707220123,0.088909721718084,ACQ2
485,USA,IRN,Nego,5.34,1.67,1,1,0.13428932881810487,0.13707713704776034,0.16597480369812254,0.04135702608500803,0.0794473494635152,0.08688789415106252,0.21389937940553458,0.14106708133089213,WAR1,0.12675440203648317,0.09539706485713863,0.2506847759471568,0.09719404704624919,0.05007292747109275,0.08405692385159422,0.20693013707220123,0.088909721718084,ACQ2
485,USA,IRN,Nego,5.34,1.68,1,1,0.13484869075422293,0.1382457557820346,0.1621468415271385,0.041560936913533394,0.08033458414559298,0.08672423814852993,0.21349649339109336,0.1426424593378543,WAR1,0.12675440203648317,0.09539706485713863,0.2506847759471568,0.09719404704624919,0.05007292747109275,0.08405692385159422,0.20693013707220123,0.088909721718084,ACQ2
485,USA,IRN,Nego,5.34,1.69,1,1,0.13537216128975516,0.13939548128822954,0.15834518555817967,0.041780824367127094,0.08122801324532467,0.08655922693424416,0.21309027113567391,0.14422883618146587,WAR1,0.12675440203648317,0.09539706485713863,0.2506847759471568,0.09719404704624919,0.05007292747109275,0.08405692385159422,0.20693013707220123,0.088909721718084,ACQ2
485,USA,IRN,Nego,5.34,1.7,1,1,0.1358583208901158,0.140524695375591,0.15457251698418628,0.042017607803039175,0.08212717730166406,0.08639306631451632,0.21268121929032,0.14582539604056724,WAR1,0.12675440203648317,0.09539706485713863,0.2506847759471568,0.09719404704624919,0.05007292747109275,0.08405692385159422,0.20693013707220123,0.088909721718084,ACQ2
485,USA,IRN,Nego,5.34,1.71,1,1,0.13630580249833607,0.14163176875336933,0.1508314767516283,0.0422722353113051,0.08303159891640285,0.08622596785064562,0.21226985867362208,0.14743129124469065,WAR1,0.12675440203648317,0.09539706485713863,0.2506847759471568,0.09719404704624919,0.05007292747109275,0.08405692385159422,0.20693013707220123,0.088909721718084,ACQ2
485,USA,IRN,Nego,5.34,1.72,1,1,0.13671329857187006,0.14271506519461696,0.1471246586418622,0.04254568239899181,0.08394078313204675,0.0860581476991003,0.21185672141649298,0.14904564294501885,WAR1,0.12675440203648317,0.09539706485713863,0.2506847759471568,0.09719404704624919,0.05007292747109275,0.08405692385159422,0.20693013707220123,0.088909721718084,ACQ2
485,USA,IRN,Nego,5.34,1.73,1,1,0.13707956808793864,0.1437729458551619,0.14345460243237076,0.042838950508241255,0.08485421787700984,0.08588982538692379,0.21144234794747943,0.1506675419048746,WAR1,0.12675440203648317,0.09539706485713863,0.2506847759471568,0.09719404704624919,0.05007292747109275,0.08405692385159422,0.20693013707220123,0.088909721718084,ACQ2
485,USA,IRN,Nego,5.34,1.74,1,1,0.13740344346419142,0.14480377372816985,0.13982378718230967,0.0431530653677234,0.0857713744791095,0.08572122252988625,0.21102728383712557,0.152296049411484,WAR1,0.12675440203648317,0.09539706485713863,0.2506847759471568,0.09719404704624919,0.05007292747109275,0.08405692385159422,0.20693013707220123,0.088909721718084,ACQ2
485,USA,IRN,Nego,5.34,1.75,1,1,0.13768383734014147,0.14580591821392577,0.13623462468609746,0.043489075177739256,0.08669170824825612,0.0855525615016045,0.21061207652163189,0.1539301983106036,WAR1,0.12675440203648317,0.09539706485713863,0.2506847759471568,0.09719404704624919,0.05007292747109275,0.08405692385159422,0.20693013707220123,0.088909721718084,ACQ2
485,USA,IRN,Nego,5.34,1.76,1,1,0.13791974916412125,0.14677775978399876,0.13268945313748728,0.04384804862979871,0.08761465912916373,0.08538406406244545,0.21019727192750873,0.15556899416547607,WAR1,0.12675440203648317,0.09539706485713863,0.2506847759471568,0.09719404704624919,0.05007292747109275,0.08405692385159422,0.20693013707220123,0.088909721718084,ACQ2
485,USA,IRN,Nego,5.34,1.77,1,1,0.13811027153049096,0.14771769471882026,0.12919053104467804,0.04423107276205163,0.08853965242486612,0.0852159499574985,0.20978341102008544,0.15721141654150897,WAR1,0.12675440203648317,0.09539706485713863,0.2506847759471568,0.09719404704624919,0.05007292747109275,0.08405692385159422,0.20693013707220123,0.088909721718084,ACQ2
485,USA,IRN,Nego,5.34,1.78,1,1,0.13825459621246444,0.14862413989787537,0.12574003143457277,0.044639250652475454,0.08946609959178975,0.08504843549324302,0.20937102629956947,0.15885642041800965,WAR1,0.12675440203648317,0.09539706485713863,0.2506847759471568,0.09719404704624919,0.05007292747109275,0.08405692385159422,0.20693013707220123,0.088909721718084,ACQ2
485,USA,IRN,Nego,5.34,1.79,1,1,0.13835201983724643,0.14949553762217205,0.12234003638135274,0.045073698952242766,0.09039339910711537,0.08488173210273894,0.20896063826885453,0.160502937728277,WAR1,0.12675440203648317,0.09539706485713863,0.2506847759471568,0.09719404704624919,0.05007292747109275,0.08405692385159422,0.20693013707220123,0.088909721718084,ACQ2
485,USA,IRN,Nego,5.34,1.8,1,1,0.13840194915214485,0.15033036044935716,0.11899253189115638,0.045535545262222435,0.0913209374091353,0.08471604490923919,0.20855275189744094,0.16214987902930358,WAR1,0.12675440203648317,0.09539706485713863,0.2506847759471568,0.09719404704624919,0.05007292747109275,0.08405692385159422,0.20693013707220123,0.088909721718084,ACQ2
485,USA,IRN,Nego,5.34,1.81,1,1,0.13840390583291684,0.1511271160227493,0.11569940317092399,0.04602592535614268,0.09224808991127176,0.08455157129805321,0.20814785310567022,0.16379613530227205,WAR1,0.12675440203648317,0.09539706485713863,0.2506847759471568,0.09719404704624919,0.05007292747109275,0.08405692385159422,0.20693013707220123,0.088909721718084,ACQ2
485,USA,IRN,Nego,5.34,1.82,1,1,0.1383575307887701,0.15188435187657937,0.11246243030549223,0.0465459802545895,0.09317422209035,0.08438849950630656,0.2077464052930151,0.16544057988489702,WAR1,0.12675440203648317,0.09539706485713863,0.2506847759471568,0.09719404704624919,0.05007292747109275,0.08405692385159422,0.20693013707220123,0.088909721718084,ACQ2
485,USA,IRN,Nego,5.34,1.83,1,1,0.13826258792212098,0.15260066020080032,0.10928328436288783,0.04709685315476789,0.09409869064960054,0.08422700723993908,0.2073488459334254,0.16708207053645788,WAR1,0.12675440203648317,0.09539706485713863,0.2506847759471568,0.09719404704624919,0.05007292747109275,0.08405692385159422,0.20693013707220123,0.088909721718084,ACQ2
485,USA,IRN,Nego,5.34,1.84,1,1,0.13811896730532094,0.15327468254986185,0.10616352394359874,0.047679686221850134,0.09502084475667771,0.08406726032689357,0.2069555832597671,0.16871945163603014,WAR1,0.12675440203648317,0.09539706485713863,0.2506847759471568,0.09719404704624919,0.05007292747109275,0.08405692385159422,0.20693013707220123,0.088909721718084,ACQ2
485,USA,IRN,Nego,5.34,1.85,1,1,0.137926687741052,0.15390511448075964,0.1031045921854969,0.04829561724880681,0.0959400273567143,0.0839094114149789,0.20656699305824044,0.17035155651395115,WAR1,0.12675440203648317,0.09539706485713863,0.2506847759471568,0.09719404704624919,0.05007292747109275,0.08405692385159422,0.20693013707220123,0.088909721718084,ACQ2
485,USA,IRN,Nego,5.34,1.86,1,1,0.13768589867785544,0.15449071010636495,0.10010781423215123,0.048945776192897944,0.09685557656005886,0.08375359872237868,0.20618341559239978,0.17197720991589316,WAR1,0.12675440203648317,0.09539706485713863,0.2506847759471568,0.09719404704624919,0.05007292747109275,0.08405692385159422,0.20693013707220123,0.088909721718084,ACQ2
485,USA,IRN,Nego,5.34,1.87,1,1,0.1373968814572407,0.15503028655046494,0.09717439516859708,0.04963128159850771,0.09776682710385658,0.08359994484822897,0.20580515267505095,0.17359523059805287,WAR1,0.12675440203648317,0.09539706485713863,0.2506847759471568,0.09719404704624919,0.05007292747109275,0.08405692385159422,0.20693013707220123,0.088909721718084,ACQ2
485,USA,IRN,Nego,5.34,1.88,1,1,0.13706004987393583,0.15552272829099967,0.09430541842530792,0.05035323691775721,0.09867311188601773,0.08344855565014546,0.20543246490496347,0.17520443405087266,WAR1,0.12675440203648317,0.09539706485713863,0.2506847759471568,0.09719404704624919,0.05007292747109275,0.08405692385159422,0.20693013707220123,0.088909721718084,ACQ2
485,USA,IRN,Nego,5.34,1.89,1,1,0.13667595003603628,0.15596699137764244,0.09150184464818743,0.05111272674231894,0.09957376356936457,0.08329951919504938,0.2050655690840286,0.17680363534737206,WAR1,0.12675440203648317,0.09539706485713863,0.2506847759471568,0.09719404704624919,0.05007292747109275,0.08405692385159422,0.20693013707220123,0.088909721718084,ACQ2
485,USA,IRN,Nego,5.34,1.9,1,1,0.13624525951701735,0.15636210750910223,0.0887645110299306,0.051910812962071784,0.10046811625285641,0.08315290478915144,0.20470463582928813,0.17839165211058186,WAR1,0.12675440203648317,0.09539706485713863,0.2506847759471568,0.09719404704624919,0.05007292747109275,0.08405692385159422,0.20693013707220123,0.088909721718084,ACQ2
485,USA,IRN,Nego,5.34,1.91,1,1,0.13576878579677143,0.15670718795431968,0.08609413109608302,0.052748530868638836,0.10135550720576172,0.08300876209251026,0.20434978739316673,0.17996730759274845,WAR1,0.12675440203648317,0.09539706485713863,0.2506847759471568,0.09719404704624919,0.05007292747109275,0.08405692385159422,0.20693013707220123,0.088909721718084,ACQ2
485,USA,IRN,Nego,5.34,1.92,1,1,0.13524746399398213,0.15700142730012873,0.08349129493755694,0.05362688522439602,0.10223527865949544,0.08286712032320274,0.20400109570430952,0.1815294338569285,WAR1,0.12675440203648317,0.09539706485713863,0.2506847759471568,0.09719404704624919,0.05007292747109275,0.08405692385159422,0.20693013707220123,0.088909721718084,ACQ2
485,USA,IRN,Nego,5.34,1.93,1,1,0.13468235389723637,0.15724410700600547,0.08095646988021209,0.05454684632014756,0.10310677965057923,0.0827279875558234,0.20365858064063827,0.18307687504935782,WAR1,0.12675440203648317,0.09539706485713863,0.2506847759471568,0.09719404704624919,0.05007292747109275,0.08405692385159422,0.20693013707220123,0.088909721718084,ACQ2
485,USA,IRN,Nego,5.34,1.94,1,1,0.13407463630731328,0.15743459874432558,0.07849000158130019,0.055509346047255013,0.10396936790684291,0.08259135011876903,0.20332220854559496,0.18460849074859903,WAR1,0.12675440203648317,0.09539706485713863,0.2506847759471568,0.09719404704624919,0.05007292747109275,0.08405692385159422,0.20693013707220123,0.088909721718084,ACQ2
485,USA,IRN,Nego,5.34,1.95,1,1,0.13342560870807363,0.1575723675022239,0.07609211554204383,0.05651527401246985,0.10482241176760125,0.08245717209455149,0.20299189099801934,0.1861231593750166,WAR1,0.12675440203648317,0.09539706485713863,0.2506847759471568,0.09719404704624919,0.05007292747109275,0.08405692385159422,0.20693013707220123,0.088909721718084,ACQ2
485,USA,IRN,Nego,5.34,1.96,1,1,0.13273668028832664,0.1576569744188233,0.07376291902526591,0.057565473725942555,0.10566529212714862,0.08232539492719457,0.20266748384564368,0.18761978164165477,WAR1,0.12675440203648317,0.09539706485713863,0.2506847759471568,0.09719404704624919,0.05007292747109275,0.08405692385159422,0.20693013707220123,0.088909721718084,ACQ2
485,USA,IRN,Nego,5.34,1.97,1,1,0.13200936634198665,0.15768807932945564,0.07150240336670331,0.058660738894741715,0.10649740438956509,0.08219593714059313,0.20234878651175361,0.18909728402520054,WAR1,0.12675440203648317,0.09539706485713863,0.2506847759471568,0.09719404704624919,0.05007292747109275,0.08405692385159422,0.20693013707220123,0.088909721718084,ACQ2
485,USA,IRN,Nego,5.34,1.98,1,1,0.13124528207876074,0.15766544298670263,0.0693104466683237,0.059801809855590166,0.10731816042156782,0.08206869417151215,0.20203554158406767,0.1905546222334754,WAR1,0.12675440203648317,0.09539706485713863,0.2506847759471568,0.09719404704624919,0.05007292747109275,0.08405692385159422,0.20693013707220123,0.088909721718084,ACQ2
485,USA,IRN,Nego,5.34,1.99,1,1,0.1304461358825333,0.15758892892680473,0.0671868168615048,0.06098937018129637,0.10812699048902248,0.08194353832065267,0.20172743469427157,0.19199078464391417,WAR1,0.12675440203648317,0.09539706485713863,0.2506847759471568,0.09719404704624919,0.05007292747109275,0.08405692385159422,0.20693013707220123,0.088909721718084,ACQ2
485,USA,IRN,Nego,5.35,1.5,1,1,0.12061308651507296,0.11659463172767202,0.22929213658891162,0.03999255054803101,0.06631314796018568,0.08938985162918733,0.2200586626647133,0.11774593236622621,ACQ2,0.12675440203648317,0.09539706485713863,0.2506847759471568,0.09719404704624919,0.05007292747109275,0.08405692385159422,0.20693013707220123,0.088909721718084,ACQ2
485,USA,IRN,Nego,5.35,1.51,1,1,0.12154153483319385,0.1178724531848225,0.22540236207026382,0.0400427680029454,0.06705500006361861,0.08926685128379012,0.21975586216754173,0.11906316839382372,ACQ2,0.12675440203648317,0.09539706485713863,0.2506847759471568,0.09719404704624919,0.05007292747109275,0.08405692385159422,0.20693013707220123,0.088909721718084,ACQ2
485,USA,IRN,Nego,5.35,1.52,1,1,0.12245920847133553,0.11915349271221928,0.22149533583459144,0.04009863535606997,0.06780793821588767,0.08914049658293932,0.21944480396592433,0.1204000888610326,ACQ2,0.12675440203648317,0.09539706485713863,0.2506847759471568,0.09719404704624919,0.05007292747109275,0.08405692385159422,0.20693013707220123,0.088909721718084,ACQ2
485,USA,IRN,Nego,5.35,1.53,1,1,0.12336466956949027,0.12043669335307189,0.21757354423642591,0.04016055761382212,0.06857179095950686,0.08901081044949781,0.21912554449103805,0.1217563893271474,WAR1,0.12675440203648317,0.09539706485713863,0.2506847759471568,0.09719404704624919,0.05007292747109275,0.08405692385159422,0.20693013707220123,0.088909721718084,ACQ2
485,USA,IRN,Nego,5.35,1.54,1,1,0.12425644603051741,0.12172094979645828,0.21363952597851704,0.040228970279768815,0.06934637031643348,0.08887782897884522,0.218798172601974,0.12313173601748571,WAR1,0.12675440203648317,0.09539706485713863,0.2506847759471568,0.09719404704624919,0.05007292747109275,0.08405692385159422,0.20693013707220123,0.088909721718084,ACQ2
485,USA,IRN,Nego,5.35,1.55,1,1,0.125133034413249,0.123005108784056,0.20969586861643802,0.04030434011198952,0.07013147134313875,0.08874160163332782,0.2184628100644314,0.12452576503336953,WAR1,0.12675440203648317,0.09539706485713863,0.2506847759471568,0.09719404704624919,0.05007292747109275,0.08405692385159422,0.20693013707220123,0.088909721718084,ACQ2
485,USA,IRN,Nego,5.35,1.56,1,1,0.12599290318660522,0.12428796974363503,0.20574520469912874,0.04038716580477044,0.07092687171689087,0.08860219136891762,0.21811961186252474,0.12593808161752745,WAR1,0.12675440203648317,0.09539706485713863,0.2506847759471568,0.09719404704624919,0.05007292747109275,0.08405692385159422,0.20693013707220123,0.088909721718084,ACQ2
485,USA,IRN,Nego,5.35,1.57,1,1,0.12683449634967014,0.12556828566001121,0.20179020754743804,0.04047797858547274,0.07173233135671685,0.08845967468883259,0.21776876633078554,0.1273682594810729,WAR1,0.12675440203648317,0.09539706485713863,0.2506847759471568,0.09719404704624919,0.05007292747109275,0.08405692385159422,0.20693013707220123,0.088909721718084,ACQ2
485,USA,IRN,Nego,5.35,1.58,1,1,0.1276562374196502,0.1268447641928718,0.19783358667596304,0.04057734271744432,0.07254759208248304,0.08831414161919156,0.21741049509423008,0.12881584019816603,WAR1,0.12675440203648317,0.09539706485713863,0.2506847759471568,0.09719404704624919,0.05007292747109275,0.08405692385159422,0.20693013707220123,0.088909721718084,ACQ2
485,USA,IRN,Nego,5.35,1.59,1,1,0.1284565337863122,0.12811606904939477,0.1938780828668965,0.040685855899970175,0.07337237731548098,0.0881656956021907,0.21704505280538267,0.13028033267437214,WAR1,0.12675440203648317,0.09539706485713863,0.2506847759471568,0.09719404704624919,0.05007292747109275,0.08405692385159422,0.20693013707220123,0.088909721718084,ACQ2
485,USA,IRN,Nego,5.35,1.6,1,1,0.12923378142787698,0.12938082161789902,0.1899264629081724,0.040804149556466725,0.07420639182382052,0.08801445330279423,0.21667272666838897,0.13176121269458116,WAR1,0.12675440203648317,0.09539706485713863,0.2506847759471568,0.09719404704624919,0.05007292747109275,0.08405692385159422,0.20693013707220123,0.088909721718084,ACQ2
485,USA,IRN,Nego,5.35,1.61,1,1,0.12998636997947907,0.13063760286689097,0.18598151401188118,0.04093288900243906,0.07504932151582133,0.08786054432552362,0.21629383574181316,0.13325792255615188,WAR1,0.12675440203648317,0.09539706485713863,0.2506847759471568,0.09719404704624919,0.05007292747109275,0.08405692385159422,0.20693013707220123,0.088909721718084,ACQ2
485,USA,IRN,Nego,5.35,1.62,1,1,0.130712688141207,0.13188495551184076,0.18204603793267246,0.04107277348511941,0.07590083328445178,0.08770411083861598,0.21590873001339478,0.13476987079269775,WAR1,0.12675440203648317,0.09539706485713863,0.2506847759471568,0.09719404704624919,0.05007292747109275,0.08405692385159422,0.20693013707220123,0.088909721718084,ACQ2
485,USA,IRN,Nego,5.35,1.63,1,1,0.13141112940848326,0.13312138644984906,0.17812284480960755,0.041224536087198706,0.07676057490570305,0.08754530710358649,0.21551778924193318,0.13629643199363883,WAR1,0.12675440203648317,0.09539706485713863,0.2506847759471568,0.09719404704624919,0.05007292747109275,0.08405692385159422,0.20693013707220123,0.088909721718084,ACQ2
485,USA,IRN,Nego,5.35,1.64,1,1,0.1320800981031611,0.13434536946008643,0.1742147467586059,0.041388943487637726,0.0776281749935958,0.08738429890907136,0.21512142156352995,0.1378369467243116,WAR1,0.12675440203648317,0.09539706485713863,0.2506847759471568,0.09719404704624919,0.05007292747109275,0.08405692385159422,0.20693013707220123,0.088909721718084,ACQ2
485,USA,IRN,Nego,5.35,1.65,1,1,0.1327180156792848,0.13555534816552892,0.1703245512461933,0.0415667955731946,0.07850324301431601,0.08722126290874083,0.21472006186167283,0.13939072155106894,WAR1,0.12675440203648317,0.09539706485713863,0.2506847759471568,0.09719404704624919,0.05007292747109275,0.08405692385159422,0.20693013707220123,0.088909721718084,ACQ2
485,USA,IRN,Nego,5.35,1.66,1,1,0.1333233272730403,0.13674973924913184,0.16645505427860935,0.04175892489502076,0.07938536936175683,0.08705638586402938,0.21431416990299942,0.14095702917541209,WAR1,0.12675440203648317,0.09539706485713863,0.2506847759471568,0.09719404704624919,0.05007292747109275,0.08405692385159422,0.20693013707220123,0.088909721718084,ACQ2
485,USA,IRN,Nego,5.35,1.67,1,1,0.13389450846209433,0.1379269359152043,0.1626090334434283,0.04196619596544512,0.08027412549651759,0.08688986379344177,0.2139042282430704,0.14253510868079822,WAR1,0.12675440203648317,0.09539706485713863,0.2506847759471568,0.09719404704624919,0.05007292747109275,0.08405692385159422,0.20693013707220123,0.088909721718084,ACQ2
485,USA,IRN,Nego,5.35,1.68,1,1,0.13443007219535189,0.13908531158443227,0.15878924084358415,0.042189504390873156,0.0811690641501821,0.08672190103121646,0.213490739909002,0.14412416589535798,WAR1,0.12675440203648317,0.09539706485713863,0.2506847759471568,0.09719404704624919,0.05007292747109275,0.08405692385159422,0.20693013707220123,0.088909721718084,ACQ2
485,USA,IRN,Nego,5.35,1.69,1,1,0.13492857585025145,0.14022322380878569,0.1549983959660413,0.04242977583755836,0.08206971959647197,0.0865527091991697,0.2130742258683651,0.14572337387335646,WAR1,0.12675440203648317,0.09539706485713863,0.2506847759471568,0.09719404704624919,0.05007292747109275,0.08405692385159422,0.20693013707220123,0.088909721718084,ACQ2
485,USA,IRN,Nego,5.35,1.7,1,1,0.1353886283711228,0.14133901839049126,0.15123917852920182,0.04268796482784579,0.08297560799065379,0.08638250609656238,0.21265522229627606,0.147331873497846,WAR1,0.12675440203648317,0.09539706485713863,0.2506847759471568,0.09719404704624919,0.05007292747109275,0.08405692385159422,0.20693013707220123,0.088909721718084,ACQ2
485,USA,IRN,Nego,5.35,1.71,1,1,0.135808897438952,0.14243103368739754,0.1475142213544909,0.042965053365322595,0.08388622777837258,0.08621151451382657,0.21223427765504474,0.14894877420659333,WAR1,0.12675440203648317,0.09539706485713863,0.2506847759471568,0.09719404704624919,0.05007292747109275,0.08405692385159422,0.20693013707220123,0.088909721718084,ACQ2
485,USA,IRN,Nego,5.35,1.72,1,1,0.13618811662019512,0.1434976050854461,0.14382610330831255,0.04326204938813148,0.0848010601749,0.08603996097692448,0.21181194960305635,0.15057315484303385,WAR1,0.12675440203648317,0.09539706485713863,0.2506847759471568,0.09719404704624919,0.05007292747109275,0.08405692385159422,0.20693013707220123,0.088909721718084,ACQ2
485,USA,IRN,Nego,5.35,1.73,1,1,0.13652509244012823,0.14453706961763568,0.1401773423607302,0.04357998505049496,0.08571956971561707,0.0858680744299826,0.2113888017516986,0.15220406463371286,WAR1,0.12675440203648317,0.09539706485713863,0.2506847759471568,0.09719404704624919,0.05007292747109275,0.08405692385159422,0.20693013707220123,0.088909721718084,ACQ2
485,USA,IRN,Nego,5.35,1.74,1,1,0.13681871132466866,0.14554777070783514,0.1365703888067428,0.0439199148332554,0.08664120487841293,0.0856960848646159,0.2109654002910509,0.15384052429341788,WAR1,0.12675440203648317,0.09539706485713863,0.2506847759471568,0.09719404704624919,0.05007292747109275,0.08405692385159422,0.20693013707220123,0.088909721718084,ACQ2
485,USA,IRN,Nego,5.35,1.75,1,1,0.1370679463537075,0.1465280630171118,0.13300761869493247,0.04428291348495655,0.0875653987785583,0.08552422190502784,0.21054231050670463,0.15548152725900075,WAR1,0.12675440203648317,0.09539706485713863,0.2506847759471568,0.09719404704624919,0.05007292747109275,0.08405692385159422,0.20693013707220123,0.088909721718084,ACQ2
485,USA,IRN,Nego,5.35,1.76,1,1,0.13727186376877532,0.14747631736986586,0.12949132750652168,0.04467007379567697,0.08849156993651475,0.08535271335851873,0.21012009321142439,0.15712604105270217,WAR1,0.12675440203648317,0.09539706485713863,0.2506847759471568,0.09719404704624919,0.05007292747109275,0.08405692385159422,0.20693013707220123,0.088909721718084,ACQ2
485,USA,IRN,Nego,5.35,1.77,1,1,0.13742962917835425,0.14839092573702947,0.12602372412557827,0.04508250420647858,0.08941912311906133,0.08518178374144947,0.20969930111638793,0.15877300877566072,WAR1,0.12675440203648317,0.09539706485713863,0.2506847759471568,0.09719404704624919,0.05007292747109275,0.08405692385159422,0.20693013707220123,0.088909721718084,ACQ2
485,USA,IRN,Nego,5.35,1.78,1,1,0.13754051340533785,0.1492703062538453,0.12260692513824013,0.045521326257976905,0.09034745025404561,0.0850116527909863,0.20928047516741874,0.1604213507321491,WAR1,0.12675440203648317,0.09539706485713863,0.2506847759471568,0.09719404704624919,0.05007292747109275,0.08405692385159422,0.20693013707220123,0.088909721718084,ACQ2
485,USA,IRN,Nego,5.35,1.79,1,1,0.1376038979230273,0.15011290825027784,0.11924294949551469,0.045987671882177034,0.09127593141899674,0.08484253397308433,0.20886414087196287,0.16206996618495934,WAR1,0.12675440203648317,0.09539706485713863,0.2506847759471568,0.09719404704624919,0.05007292747109275,0.08405692385159422,0.20693013707220123,0.088909721718084,ACQ2
485,USA,IRN,Nego,5.35,1.8,1,1,0.13761927982858893,0.150917217272861,0.11593371357047826,0.04648268054238962,0.09220393590375295,0.08467463299716872,0.2084508046425511,0.16371773524220962,WAR1,0.12675440203648317,0.09539706485713863,0.2506847759471568,0.09719404704624919,0.05007292747109275,0.08405692385159422,0.20693013707220123,0.088909721718084,ACQ2
485,USA,IRN,Nego,5.35,1.81,1,1,0.13758627630606296,0.151681760077701,0.11268102663667723,0.04700749622676038,0.09313082334715088,0.08450814634783405,0.20804095018215776,0.16536352087565548,WAR1,0.12675440203648317,0.09539706485713863,0.2506847759471568,0.09719404704624919,0.05007292747109275,0.08405692385159422,0.20693013707220123,0.088909721718084,ACQ2
485,USA,IRN,Nego,5.35,1.82,1,1,0.13750462853472703,0.15240510957535708,0.10948658679030869,0.04756326430175183,0.09405594494767427,0.08434325984362677,0.2076350349362322,0.1670061710703221,WAR1,0.12675440203648317,0.09539706485713863,0.2506847759471568,0.09719404704624919,0.05007292747109275,0.08405692385159422,0.20693013707220123,0.088909721718084,ACQ2
485,USA,IRN,Nego,5.35,1.83,1,1,0.13737420500282968,0.15308588970933076,0.10635197733443491,0.04815112823283588,0.09497864474774959,0.08418014723261644,0.20723348663529556,0.16864452110490705,WAR1,0.12675440203648317,0.09539706485713863,0.2506847759471568,0.09719404704624919,0.05007292747109275,0.08405692385159422,0.20693013707220123,0.088909721718084,ACQ2
485,USA,IRN,Nego,5.35,1.84,1,1,0.1371950041913318,0.15372278025083708,0.10327866363919047,0.048772226180723244,0.09589826099110377,0.08401896883401232,0.20683669995089204,0.17027739596190933,WAR1,0.12675440203648317,0.09539706485713863,0.2506847759471568,0.09719404704624919,0.05007292747109275,0.08405692385159422,0.20693013707220123,0.088909721718084,ACQ2
485,USA,IRN,Nego,5.35,1.85,1,1,0.13696715659726064,0.15431452149331173,0.10026799048775174,0.04942768748269412,0.09681412755221808,0.08385987023456894,0.20644503328641894,0.17190361286577582,WAR1,0.12675440203648317,0.09539706485713863,0.2506847759471568,0.09719404704624919,0.05007292747109275,0.08405692385159422,0.20693013707220123,0.088909721718084,ACQ2
485,USA,IRN,Nego,5.35,1.86,1,1,0.13669092607149896,0.15485991883066214,0.09732117991388195,0.050118629030029754,0.09772557543644407,0.08370298104797125,0.20605880572299867,0.17352198394651305,WAR1,0.12675440203648317,0.09539706485713863,0.2506847759471568,0.09719404704624919,0.05007292747109275,0.08405692385159422,0.20693013707220123,0.088909721718084,ACQ2
485,USA,IRN,Nego,5.35,1.87,1,1,0.1363667104512394,0.1553578472035248,0.09443932953319972,0.05084615155418132,0.09863193434874803,0.08354841374481314,0.20567829413913608,0.17513131902515758,WAR1,0.12675440203648317,0.09539706485713863,0.2506847759471568,0.09719404704624919,0.05007292747109275,0.08405692385159422,0.20693013707220123,0.088909721718084,ACQ2
485,USA,IRN,Nego,5.35,1.88,1,1,0.1359950414728497,0.15580725539769993,0.09162341136702863,0.051611335836155896,0.09953253432833578,0.08339626256021054,0.20530373052149653,0.17673042851622306,WAR1,0.12675440203648317,0.09539706485713863,0.2506847759471568,0.09719404704624919,0.05007292747109275,0.08405692385159422,0.20693013707220123,0.088909721718084,ACQ2
485,USA,IRN,Nego,5.35,1.89,1,1,0.1355765839564674,0.1562071701784645,0.08887427115480698,0.05241523885563244,0.10042670744556363,0.08324660248553989,0.2049352994827815,0.17831812644074357,WAR1,0.12675440203648317,0.09539706485713863,0.2506847759471568,0.09719404704624919,0.05007292747109275,0.08405692385159422,0.20693013707220123,0.088909721718084,ACQ2
485,USA,IRN,Nego,5.35,1.9,1,1,0.1351121342592223,0.1565567002436197,0.08619262814859709,0.053258889898507744,0.10131378955657075,0.0830994883502729,0.2045731360014029,0.1798932335418066,WAR1,0.12675440203648317,0.09539706485713863,0.2506847759471568,0.09719404704624919,0.05007292747109275,0.08405692385159422,0.20693013707220123,0.088909721718084,ACQ2
485,USA,IRN,Nego,5.35,1.91,1,1,0.13460261799952825,0.15685503997691722,0.08357907538122548,0.054143286643875244,0.10219312210998749,0.08295495399941069,0.2042173233965025,0.18145458049255297,WAR1,0.12675440203648317,0.09539706485713863,0.2506847759471568,0.09719404704624919,0.05007292747109275,0.08405692385159422,0.20693013707220123,0.088909721718084,ACQ2
485,USA,IRN,Nego,5.35,1.92,1,1,0.13404908706038854,0.15710147298199895,0.08103408039799298,0.05506939125377956,0.10306405399889473,0.08281301157159818,0.20386789155082294,0.18300101118452416,WAR1,0.12675440203648317,0.09539706485713863,0.2506847759471568,0.09719404704624919,0.05007292747109275,0.08405692385159422,0.20693013707220123,0.088909721718084,ACQ2
485,USA,IRN,Nego,5.35,1.93,1,1,0.13345271588508212,0.15729537537524793,0.07855798644065125,0.05603812649139556,0.10392594344996045,0.08267365088262343,0.20352481539301664,0.18453138608202235,WAR1,0.12675440203648317,0.09539706485713863,0.2506847759471568,0.09719404704624919,0.05007292747109275,0.08405692385159422,0.20693013707220123,0.088909721718084,ACQ2
485,USA,IRN,Nego,5.35,1.94,1,1,0.13281479708397184,0.1574362188140947,0.07615101407139814,0.05705037189544955,0.1047781599403911,0.08253683891867764,0.2031880136501596,0.18604458562585757,WAR1,0.12675440203648317,0.09539706485713863,0.2506847759471568,0.09719404704624919,0.05007292747109275,0.08405692385159422,0.20693013707220123,0.088909721718084,ACQ2
485,USA,IRN,Nego,5.35,1.95,1,1,0.13213673637646936,0.15752357323548544,0.07381326322390097,0.05810696004062575,0.10562008613204592,0.08240251944343514,0.2028573478804669,0.18753951366757055,WAR1,0.12675440203648317,0.09539706485713863,0.2506847759471568,0.09719404704624919,0.05007292747109275,0.08405692385159422,0.20693013707220123,0.088909721718084,ACQ2
485,USA,IRN,Nego,5.35,1.96,1,1,0.1314200468974405,0.15755710927755576,0.07154471566772226,0.059208672915276206,0.1064511198108192,0.08227061272271333,0.20253262179546397,0.1890151009130086,WAR1,0.12675440203648317,0.09539706485713863,0.2506847759471568,0.09719404704624919,0.05007292747109275,0.08405692385159422,0.20693013707220123,0.088909721718084,ACQ2
485,USA,IRN,Nego,5.35,1.97,1,1,0.13066634290251808,0.15753660035620456,0.06934523787190465,0.060356238448850144,0.10727067581823777,0.08214101537014346,0.2022135808800622,0.190470308352079,WAR1,0.12675440203648317,0.09539706485713863,0.2506847759471568,0.09719404704624919,0.05007292747109275,0.08405692385159422,0.20693013707220123,0.088909721718084,ACQ2
485,USA,IRN,Nego,5.35,1.98,1,1,0.1298773329119159,0.15746192436741785,0.06721458425276583,0.06155032722198865,0.1080781879612048,0.08201360031692025,0.20189991231808757,0.19190413064969924,WAR1,0.12675440203648317,0.09539706485713863,0.2506847759471568,0.09719404704624919,0.05007292747109275,0.08405692385159422,0.20693013707220123,0.088909721718084,ACQ2
485,USA,IRN,Nego,5.35,1.99,1,1,0.12905481233738286,0.15733306498598365,0.06515240079008024,0.0627915493920824,0.1088731108849934,0.08188821690825535,0.20159124522972952,0.19331559947149257,WAR1,0.12675440203648317,0.09539706485713863,0.2506847759471568,0.09719404704624919,0.05007292747109275,0.08405692385159422,0.20693013707220123,0.088909721718084,ACQ2
485,USA,IRN,Nego,5.36,1.5,1,1,0.12045384634836825,0.11743334187979963,0.22612217602661064,0.040398279551060866,0.06697055080756545,0.08946497793904498,0.22024360754354347,0.1189132199040071,ACQ2,0.12675440203648317,0.09539706485713863,0.2506847759471568,0.09719404704624919,0.05007292747109275,0.08405692385159422,0.20693013707220123,0.088909721718084,ACQ2
485,USA,IRN,Nego,5.36,1.51,1,1,0.12137711450487505,0.1187194646934485,0.22220232253563463,0.04045722265259236,0.0677245821390288,0.08933747916653847,0.2199297328826305,0.12025208142525175,ACQ2,0.12675440203648317,0.09539706485713863,0.2506847759471568,0.09719404704624919,0.05007292747109275,0.08405692385159422,0.20693013707220123,0.088909721718084,ACQ2
485,USA,IRN,Nego,5.36,1.52,1,1,0.12228862921053842,0.12000805253380895,0.21826720479699044,0.04052222258232809,0.06848957786792861,0.08920653217697401,0.21960736945011167,0.12161041138131977,WAR1,0.12675440203648317,0.09539706485713863,0.2506847759471568,0.09719404704624919,0.05007292747109275,0.08405692385159422,0.20693013707220123,0.088909721718084,ACQ2
485,USA,IRN,Nego,5.36,1.53,1,1,0.12318691679421374,0.12129799417315829,0.21431937647207516,0.04059371592613994,0.06926534817300405,0.089072172073728,0.21927660366297896,0.12298787272470198,WAR1,0.12675440203648317,0.09539706485713863,0.2506847759471568,0.09719404704624919,0.05007292747109275,0.08405692385159422,0.20693013707220123,0.088909721718084,ACQ2
485,USA,IRN,Nego,5.36,1.54,1,1,0.12407047084834615,0.12258812919382496,0.21036144196565404,0.040672170860751894,0.07005168597737768,0.08893444767763695,0.21893755570767165,0.12438409776873662,WAR1,0.12675440203648317,0.09539706485713863,0.2506847759471568,0.09719404704624919,0.05007292747109275,0.08405692385159422,0.20693013707220123,0.088909721718084,ACQ2
485,USA,IRN,Nego,5.36,1.55,1,1,0.12493775543701044,0.12387724858664678,0.2063960525787979,0.04075808785028169,0.07084836652560365,0.08879342167662288,0.21859037990842264,0.12579868743661402,WAR1,0.12675440203648317,0.09539706485713863,0.2506847759471568,0.09719404704624919,0.05007292747109275,0.08405692385159422,0.20693013707220123,0.088909721718084,ACQ2
485,USA,IRN,Nego,5.36,1.56,1,1,0.12578720867746257,0.12516409559389352,0.20242590228758583,0.04085200025562189,0.07165514699684396,0.08864917070111963,0.218235264912942,0.12723121057453063,WAR1,0.12675440203648317,0.09539706485713863,0.2506847759471568,0.09719404704624919,0.05007292747109275,0.08405692385159422,0.20693013707220123,0.088909721718084,ACQ2
485,USA,IRN,Nego,5.36,1.57,1,1,0.1266172466980778,0.1264473668069716,0.1984537231519322,0.040954474847112204,0.07247176615782454,0.08850178532006246,0.21787243368254325,0.12868120333547617,WAR1,0.12675440203648317,0.09539706485713863,0.2506847759471568,0.09719404704624919,0.05007292747109275,0.08405692385159422,0.20693013707220123,0.088909721718084,ACQ2
485,USA,IRN,Nego,5.36,1.58,1,1,0.12742626797219803,0.1277257135277411,0.1944822803623826,0.04106611221106411,0.07329794405917005,0.08835136995260034,0.21750214327479936,0.13014816864004444,WAR1,0.12675440203648317,0.09539706485713863,0.2506847759471568,0.09719404704624919,0.05007292747109275,0.08405692385159422,0.20693013707220123,0.088909721718084,ACQ2
485,USA,IRN,Nego,5.36,1.59,1,1,0.1282126580237529,0.1289977434005662,0.1905143669363957,0.04118754704091217,0.07413338177863299,0.0881980426911909,0.21712468440803936,0.13163157572050976,WAR1,0.12675440203648317,0.09539706485713863,0.2506847759471568,0.09719404704624919,0.05007292747109275,0.08405692385159422,0.20693013707220123,0.088909721718084,ACQ2
485,USA,IRN,Nego,5.36,1.6,1,1,0.12897479449658922,0.1302620223203116,0.18655279807942535,0.04131944830407857,0.07497776121461448,0.08804193503232631,0.2167403807984533,0.13313085975420097,WAR1,0.12675440203648317,0.09539706485713863,0.2506847759471568,0.09719404704624919,0.05007292747109275,0.08405692385159422,0.20693013707220123,0.088909721718084,ACQ2
485,USA,IRN,Nego,5.36,1.61,1,1,0.12971105257527246,0.1315170766194157,0.18260040522999751,0.04146251927605378,0.07583074493322838,0.08788319151182494,0.21634958826225875,0.1346454215919485,WAR1,0.12675440203648317,0.09539706485713863,0.2506847759471568,0.09719404704624919,0.05007292747109275,0.08405692385159422,0.20693013707220123,0.088909721718084,ACQ2
485,USA,IRN,Nego,5.36,1.62,1,1,0.1304198107407646,0.1327613955349218,0.1786600298118787,0.041617497433707976,0.07669197607198434,0.08772196924239573,0.21595269357728342,0.1361746275870633,WAR1,0.12675440203648317,0.09539706485713863,0.2506847759471568,0.09719404704624919,0.05007292747109275,0.08405692385159422,0.20693013707220123,0.088909721718084,ACQ2
485,USA,IRN,Nego,5.36,1.63,1,1,0.1310994568398831,0.1339934339539803,0.1747345167202961,0.04178515420045757,0.07756107830296217,0.08755843735204048,0.21555011310043135,0.1377178095299488,WAR1,0.12675440203648317,0.09539706485713863,0.2506847759471568,0.09719404704624919,0.05007292747109275,0.08405692385159422,0.20693013707220123,0.088909721718084,ACQ2
485,USA,IRN,Nego,5.36,1.64,1,1,0.13174839444286907,0.13521161543386206,0.17082670757292098,0.04196629453660124,0.07843765585812601,0.08739277632278643,0.2151422911397849,0.13927426469304913,WAR1,0.12675440203648317,0.09539706485713863,0.2506847759471568,0.09719404704624919,0.05007292747109275,0.08405692385159422,0.20693013707220123,0.088909721718084,ACQ2
485,USA,IRN,Nego,5.36,1.65,1,1,0.13236504945881775,0.13641433549001133,0.166939433759902,0.042161756368912735,0.07932129361918479,0.08722517723023328,0.21472969808253203,0.14084325599040606,WAR1,0.12675440203648317,0.09539706485713863,0.2506847759471568,0.09719404704624919,0.05007292747109275,0.08405692385159422,0.20693013707220123,0.088909721718084,ACQ2
485,USA,IRN,Nego,5.36,1.66,1,1,0.13294787697420946,0.13759996514313114,0.1630755093305461,0.04237240985440839,0.08021155727414998,0.08705584088543898,0.21431282828247306,0.14242401225564294,WAR1,0.12675440203648317,0.09539706485713863,0.2506847759471568,0.09719404704624919,0.05007292747109275,0.08405692385159422,0.20693013707220123,0.088909721718084,ACQ2
485,USA,IRN,Nego,5.36,1.67,1,1,0.1334953682754224,0.1387668547138118,0.15923772375723835,0.04259915647409322,0.08110799354247845,0.08688497688173702,0.21389219771348886,0.14401572864172982,WAR1,0.12675440203648317,0.09539706485713863,0.2506847759471568,0.09719404704624919,0.05007292747109275,0.08405692385159422,0.20693013707220123,0.088909721718084,ACQ2
485,USA,IRN,Nego,5.36,1.68,1,1,0.13400605801197982,0.1399133378508059,0.15542883461977317,0.04284292795341041,0.08201013047042395,0.08671280255016496,0.2134683413980304,0.1456175671454113,WAR1,0.12675440203648317,0.09539706485713863,0.2506847759471568,0.09719404704624919,0.05007292747109275,0.08405692385159422,0.20693013707220123,0.088909721718084,ACQ2
485,USA,IRN,Nego,5.36,1.69,1,1,0.13447853145347566,0.14103773577679962,0.15165156025538815,0.04310468500705856,0.08291747779796277,0.08653954182826014,0.21304181062233488,0.1472286572587203,WAR1,0.12675440203648317,0.09539706485713863,0.2506847759471568,0.09719404704624919,0.05007292747109275,0.08405692385159422,0.20693013707220123,0.088909721718084,ACQ2
485,USA,IRN,Nego,5.36,1.7,1,1,0.13491143178971093,0.14213836173344913,0.14790857242138003,0.043385415906789196,0.08382952739840477,0.0863654240480332,0.21261316995267782,0.14884809674955507,WAR1,0.12675440203648317,0.09539706485713863,0.2506847759471568,0.09719404704624919,0.05007292747109275,0.08405692385159422,0.20693013707220123,0.088909721718084,ACQ2
485,USA,IRN,Nego,5.36,1.71,1,1,0.13530346742064336,0.14321352560561443,0.1442024890181883,0.04368613487173602,0.08474575379157047,0.08619068264993536,0.21218299406943453,0.15047495257287705,WAR1,0.12675440203648317,0.09539706485713863,0.2506847759471568,0.09719404704624919,0.05007292747109275,0.08405692385159422,0.20693013707220123,0.088909721718084,ACQ2
485,USA,IRN,Nego,5.36,1.72,1,1,0.1356534191803675,0.1442615387031547,0.1405358669212231,0.044007880281743655,0.08566561473119294,0.08601555383057168,0.21175186443804075,0.15210826191370563,WAR1,0.12675440203648317,0.09539706485713863,0.2506847759471568,0.09719404704624919,0.05007292747109275,0.08405692385159422,0.20693013707220123,0.088909721718084,ACQ2
485,USA,IRN,Nego,5.36,1.73,1,1,0.135960147437572,0.14528071867738185,0.1369111949694529,0.044351712715053504,0.08658855186701053,0.08584027513276475,0.21132036583803188,0.1537470333627326,WAR1,0.12675440203648317,0.09539706485713863,0.2506847759471568,0.09719404704624919,0.05007292747109275,0.08405692385159422,0.20693013707220123,0.088909721718084,ACQ2
485,USA,IRN,Nego,5.36,1.74,1,1,0.1362225990138229,0.14626939454833882,0.13333088715786387,0.04471871281255692,0.08751399148184226,0.0856650839873195,0.21088908277317894,0.15539024822507677,WAR1,0.12675440203648317,0.09539706485713863,0.2506847759471568,0.09719404704624919,0.05007292747109275,0.08405692385159422,0.20693013707220123,0.088909721718084,ACQ2
485,USA,IRN,Nego,5.36,1.75,1,1,0.13643981386060813,0.14722591181846756,0.12979727607933914,0.04510997897164129,0.08844134530378343,0.0854902162164618,0.21045859578727671,0.15703686196242195,WAR1,0.12675440203648317,0.09539706485713863,0.2506847759471568,0.09719404704624919,0.05007292747109275,0.08405692385159422,0.20693013707220123,0.088909721718084,ACQ2
485,USA,IRN,Nego,5.36,1.76,1,1,0.13661093143641714,0.14814863764797562,0.12631260665932942,0.045526624873439045,0.08937001139352607,0.0853159045094184,0.21002947771134678,0.15868580576854766,WAR1,0.12675440203648317,0.09539706485713863,0.2506847759471568,0.09719404704624919,0.05007292747109275,0.08405692385159422,0.20693013707220123,0.088909721718084,ACQ2
485,USA,IRN,Nego,5.36,1.77,1,1,0.13673519672617954,0.14903596606727376,0.12287903022393154,0.045969776848049176,0.09029937510668481,0.08514237688095427,0.20960228986888785,0.16033598827803905,WAR1,0.12675440203648317,0.09539706485713863,0.2506847759471568,0.09719404704624919,0.05007292747109275,0.08405692385159422,0.20693013707220123,0.088909721718084,ACQ2
485,USA,IRN,Nego,5.36,1.78,1,1,0.13681196584718183,0.14988632320221346,0.11949859893871491,0.04644057108305058,0.0912288101308903,0.08496985512388998,0.2091775782663043,0.16198629740775503,WAR1,0.12675440203648317,0.09539706485713863,0.2506847759471568,0.09719404704624919,0.05007292747109275,0.08405692385159422,0.20693013707220123,0.088909721718084,ACQ2
485,USA,IRN,Nego,5.36,1.79,1,1,0.13684071118806232,0.1506981724884644,0.11617326065191846,0.04694015068138923,0.09215767959728659,0.08479855326667883,0.20875586979579203,0.163635602330408,WAR1,0.12675440203648317,0.09539706485713863,0.2506847759471568,0.09719404704624919,0.05007292747109275,0.08405692385159422,0.20693013707220123,0.088909721718084,ACQ2
485,USA,IRN,Nego,5.36,1.8,1,1,0.1368210260306417,0.15147001985217493,0.11290485417157646,0.04746966257551394,0.09308533726592601,0.0846286760470459,0.20833766847776436,0.16528275557935662,WAR1,0.12675440203648317,0.09539706485713863,0.2506847759471568,0.09719404704624919,0.05007292747109275,0.08405692385159422,0.20693013707220123,0.088909721718084,ACQ2
485,USA,IRN,Nego,5.36,1.81,1,1,0.13675262860809595,0.1522004188349928,0.10969510500180739,0.0480302543054925,0.09401112878437333,0.08446041741247542,0.20792345176937377,0.166926595283389,WAR1,0.12675440203648317,0.09539706485713863,0.2506847759471568,0.09719404704624919,0.05007292747109275,0.08405692385159422,0.20693013707220123,0.088909721718084,ACQ2
485,USA,IRN,Nego,5.36,1.82,1,1,0.1366353655572821,0.15288797564251635,0.1065456215590386,0.048623070669783885,0.09493439301860965,0.08429395905800749,0.20751366696488016,0.16856594752988188,WAR1,0.12675440203648317,0.09539706485713863,0.2506847759471568,0.09719404704624919,0.05007292747109275,0.08405692385159422,0.20693013707220123,0.088909721718084,ACQ2
485,USA,IRN,Nego,5.36,1.83,1,1,0.13646921472779075,0.15353135409620944,0.10345789188443755,0.049249250258402155,0.0958544634550305,0.0841294690113744,0.2071087277125599,0.1701996288541951,WAR1,0.12675440203648317,0.09539706485713863,0.2506847759471568,0.09719404704624919,0.05007292747109275,0.08405692385159422,0.20693013707220123,0.088909721718084,ACQ2
485,USA,IRN,Nego,5.36,1.84,1,1,0.13625428731545275,0.15412928046968402,0.10043328086439075,0.04990992187940875,0.096770669671963,0.08396710027499918,0.2067090106715975,0.1718264488525041,WAR1,0.12675440203648317,0.09539706485713863,0.2506847759471568,0.09719404704624919,0.05007292747109275,0.08405692385159422,0.20693013707220123,0.088909721718084,ACQ2
485,USA,IRN,Nego,5.36,1.85,1,1,0.13599082929348882,0.15468054819093918,0.09747302796661446,0.05060620089102928,0.09768233887866208,0.08380698953381198,0.20631485233100555,0.17344521291444856,WAR1,0.12675440203648317,0.09539706485713863,0.2506847759471568,0.09719404704624919,0.05007292747109275,0.08405692385159422,0.20693013707220123,0.088909721718084,ACQ2
485,USA,IRN,Nego,5.36,1.86,1,1,0.13567922212018102,0.15518402239260248,0.09457824549548131,0.05133918545322014,0.09858879751917567,0.08364925593723709,0.20592654601113883,0.17505472507096353,WAR1,0.12675440203648317,0.09539706485713863,0.2506847759471568,0.09719404704624919,0.05007292747109275,0.08405692385159422,0.20693013707220123,0.088909721718084,ACQ2
485,USA,IRN,Nego,5.36,1.87,1,1,0.13531998270777973,0.15563864429236868,0.09174991736648022,0.05210995271420715,0.09948937293778559,0.08349399996308826,0.205544339066847,0.17665379095144318,WAR1,0.12675440203648317,0.09539706485713863,0.2506847759471568,0.09719404704624919,0.05007292747109275,0.08405692385159422,0.20693013707220123,0.088909721718084,ACQ2
485,USA,IRN,Nego,5.36,1.88,1,1,0.13491376264329585,0.15604343538567741,0.08898889839644539,0.052919554949371436,0.10038339510193504,0.0833413023704941,0.20516843030980175,0.17824122084297922,WAR1,0.12675440203648317,0.09539706485713863,0.2506847759471568,0.09719404704624919,0.05007292747109275,0.08405692385159422,0.20693013707220123,0.088909721718084,ACQ2
485,USA,IRN,Nego,5.36,1.89,1,1,0.13446134665777731,0.15639750143216388,0.08629591410331912,0.05376901567183563,0.10127019837764349,0.08319122324838629,0.20479896766607858,0.17981583284279565,WAR1,0.12675440203648317,0.09539706485713863,0.2506847759471568,0.09719404704624919,0.05007292747109275,0.08405692385159422,0.20693013707220123,0.088909721718084,ACQ2
485,USA,IRN,Nego,5.36,1.9,1,1,0.13396365034661967,0.15670003621662043,0.08367156100677388,0.054659325736162445,0.1021491233514,0.08304380116552082,0.20443604608369126,0.18137645609321135,WAR1,0.12675440203648317,0.09539706485713863,0.2506847759471568,0.09719404704624919,0.05007292747109275,0.08405692385159422,0.20693013707220123,0.088909721718084,ACQ2
485,USA,IRN,Nego,5.36,1.91,1,1,0.13342171714934636,0.15695032506411333,0.08111630741897298,0.05559143945865955,0.1030195186914282,0.08289905242747973,0.20407970570348952,0.1829219340865102,WAR1,0.12675440203648317,0.09539706485713863,0.2506847759471568,0.09719404704624919,0.05007292747109275,0.08405692385159422,0.20693013707220123,0.088909721718084,ACQ2
485,USA,IRN,Nego,5.36,1.92,1,1,0.13283671460312724,0.15714774808763385,0.07863049471308026,0.0565662707798066,0.10388074304005757,0.08275697044561545,0.2037299303056343,0.18445112802504474,WAR1,0.12675440203648317,0.09539706485713863,0.2506847759471568,0.09719404704624919,0.05007292747109275,0.08405692385159422,0.20693013707220123,0.088909721718084,ACQ2
485,USA,IRN,Nego,5.36,1.93,1,1,0.13220992989003466,0.1572917831452796,0.07621433905576337,0.05758468949620307,0.10473216692774504,0.08261752522244437,0.20338664604274842,0.18596292021978156,WAR1,0.12675440203648317,0.09539706485713863,0.2506847759471568,0.09719404704624919,0.05007292747109275,0.08405692385159422,0.20693013707220123,0.088909721718084,ACQ2
485,USA,IRN,Nego,5.36,1.94,1,1,0.13154276470368975,0.15738200848261027,0.07386793358880107,0.05864751759107064,0.1055731746981039,0.0824806629575643,0.20304972046976835,0.1874562175083917,WAR1,0.12675440203648317,0.09539706485713863,0.2506847759471568,0.09719404704624919,0.05007292747109275,0.08405692385159422,0.20693013707220123,0.088909721718084,ACQ2
485,USA,IRN,Nego,5.36,1.95,1,1,0.1308367294664932,0.15741810503462186,0.0715912510439251,0.05975552569363399,0.1064031664321566,0.08234630577773808,0.20271896187946872,0.1889299546719625,WAR1,0.12675440203648317,0.09539706485713863,0.2506847759471568,0.09719404704624919,0.05007292747109275,0.08405692385159422,0.20693013707220123,0.088909721718084,ACQ2
485,USA,IRN,Nego,5.36,1.96,1,1,0.13009343693408287,0.1573998583608983,0.06938414677409924,0.060909429698540206,0.10722155985897533,0.08221435159433935,0.20239411895152432,0.19038309782754037,WAR1,0.12675440203648317,0.09539706485713863,0.2506847759471568,0.09719404704624919,0.05007292747109275,0.08405692385159422,0.20693013707220123,0.088909721718084,ACQ2
485,USA,IRN,Nego,5.36,1.97,1,1,0.1293145952289768,0.1573271601870582,0.06724636218349066,0.06210988757676384,0.1080277922389615,0.08208467409087246,0.20207488072178661,0.19181464777208992,WAR1,0.12675440203648317,0.09539706485713863,0.2506847759471568,0.09719404704624919,0.05007292747109275,0.08405692385159422,0.20693013707220123,0.088909721718084,ACQ2
485,USA,IRN,Nego,5.36,1.98,1,1,0.12850200035054404,0.15720000952578098,0.06517752853732611,0.06335749640909191,0.10882132220527657,0.08195712284273042,0.20176087687710206,0.1932236432521478,WAR1,0.12675440203648317,0.09539706485713863,0.2506847759471568,0.09719404704624919,0.05007292747109275,0.08405692385159422,0.20693013707220123,0.088909721718084,ACQ2
485,USA,IRN,Nego,5.36,1.99,1,1,0.12765752821343979,0.15701851335158457,0.06317717113159926,0.06465278967222321,0.10960163154843046,0.08183152357072604,0.20145167837945147,0.1946091641325453,WAR1,0.12675440203648317,0.09539706485713863,0.2506847759471568,0.09719404704624919,0.05007292747109275,0.08405692385159422,0.20693013707220123,0.088909721718084,ACQ2
485,USA,IRN,Nego,5.37,1.5,1,1,0.12030570066056773,0.11828027518657201,0.22291016886156795,0.040816002104835214,0.06763952838666007,0.08953392493509667,0.22041334027572002,0.12010105958898017,ACQ2,0.12675440203648317,0.09539706485713863,0.2506847759471568,0.09719404704624919,0.05007292747109275,0.08405692385159422,0.20693013707220123,0.088909721718084,ACQ2
485,USA,IRN,Nego,5.37,1.51,1,1,0.1212230468909685,0.11957402907325565,0.21896199782725365,0.04088414324223324,0.06840563133230523,0.08940177663520327,0.22008801947455592,0.12146135552422457,WAR1,0.12675440203648317,0.09539706485713863,0.2506847759471568,0.09719404704624919,0.05007292747109275,0.08405692385159422,0.20693013707220123,0.088909721718084,ACQ2
485,USA,IRN,Nego,5.37,1.52,1,1,0.12212762357576555,0.12086943680661025,0.21500062772477088,0.04095877956920176,0.06918255776728457,0.08926609774432541,0.21975400711482773,0.12284086969721386,WAR1,0.12675440203648317,0.09539706485713863,0.2506847759471568,0.09719404704624919,0.05007292747109275,0.08405692385159422,0.20693013707220123,0.088909721718084,ACQ2
485,USA,IRN,Nego,5.37,1.53,1,1,0.12301792186908017,0.12216533129558126,0.211028679180292,0.0410403804483109,0.0699700985723244,0.08912693632454055,0.21941142151507292,0.12423923079479798,WAR1,0.12675440203648317,0.09539706485713863,0.2506847759471568,0.09719404704624919,0.05007292747109275,0.08405692385159422,0.20693013707220123,0.088909721718084,ACQ2
485,USA,IRN,Nego,5.37,1.54,1,1,0.12389240196720641,0.12346049558704723,0.20704882162681057,0.041129447871895077,0.07076802664985982,0.08898435467449065,0.21906041604120027,0.1256560355814898,WAR1,0.12675440203648317,0.09539706485713863,0.2506847759471568,0.09719404704624919,0.05007292747109275,0.08405692385159422,0.20693013707220123,0.088909721718084,ACQ2
485,USA,IRN,Nego,5.37,1.55,1,1,0.12474949664893906,0.12475366367861898,0.20306376908654739,0.041226517084672516,0.0715760965289446,0.08883842942715364,0.2187011793471826,0.12709084819794145,WAR1,0.12675440203648317,0.09539706485713863,0.2506847759471568,0.09719404704624919,0.05007292747109275,0.08405692385159422,0.20693013707220123,0.088909721718084,ACQ2
485,USA,IRN,Nego,5.37,1.56,1,1,0.12558761520060738,0.12604352159400947,0.19907627557036273,0.04133215710700619,0.07239404401158486,0.08868925156675858,0.21833393541669827,0.1285431995329725,WAR1,0.12675440203648317,0.09539706485713863,0.2506847759471568,0.09719404704624919,0.05007292747109275,0.08405692385159422,0.20693013707220123,0.088909721718084,ACQ2
485,USA,IRN,Nego,5.37,1.57,1,1,0.12640514772628886,0.12732870873072322,0.19508913010112078,0.04144697114893882,0.07322158586431483,0.08853692635967861,0.21795894339300403,0.1300125866759305,WAR1,0.12675440203648317,0.09539706485713863,0.2506847759471568,0.09719404704624919,0.05007292747109275,0.08405692385159422,0.20693013707220123,0.088909721718084,ACQ2
485,USA,IRN,Nego,5.37,1.58,1,1,0.12720046983997124,0.1286078194880877,0.19110515137171152,0.04157159690533925,0.07405841955874518,0.0883815731946206,0.21757649718551728,0.13149847245600738,WAR1,0.12675440203648317,0.09539706485713863,0.2506847759471568,0.09719404704624919,0.05007292747109275,0.08405692385159422,0.20693013707220123,0.088909721718084,ACQ2
485,USA,IRN,Nego,5.37,1.59,1,1,0.12797194773245163,0.12987940518170812,0.18712718205234652,0.04170670672281604,0.07490422306469689,0.08822332532802077,0.21718692484303295,0.1330002850749272,WAR1,0.12675440203648317,0.09539706485713863,0.2506847759471568,0.09719404704624919,0.05007292747109275,0.08405692385159422,0.20693013707220123,0.088909721718084,ACQ2
485,USA,IRN,Nego,5.37,1.6,1,1,0.1287179436015084,0.13114197624829166,0.18315808276576354,0.0418530076294802,0.07575865469937927,0.0880623295312387,0.21679058768519247,0.13451741783914584,WAR1,0.12675440203648317,0.09539706485713863,0.2506847759471568,0.09719404704624919,0.05007292747109275,0.08405692385159422,0.20693013707220123,0.088909721718084,ACQ2
485,USA,IRN,Nego,5.37,1.61,1,1,0.12943682142942953,0.1323940047424655,0.17920072575302903,0.04201124121917136,0.07662135303588014,0.08789874563692426,0.21638787918573482,0.13604922899736552,WAR1,0.12675440203648317,0.09539706485713863,0.2506847759471568,0.09719404704624919,0.05007292747109275,0.08405692385159422,0.20693013707220123,0.088909721718084,ACQ2
485,USA,IRN,Nego,5.37,1.62,1,1,0.130126953087357,0.13363392712475364,0.17525798825667022,0.04218218338240203,0.07749193687402274,0.08773274598279901,0.21597922360320707,0.13759504168878853,WAR1,0.12675440203648317,0.09539706485713863,0.2506847759471568,0.09719404704624919,0.05007292747109275,0.08405692385159422,0.20693013707220123,0.088909721718084,ACQ2
485,USA,IRN,Nego,5.37,1.63,1,1,0.13078672474119787,0.13486014733729643,0.17133274565181997,0.04236664387700766,0.07837000527639675,0.08756451475204535,0.21556507435714198,0.13915414400709392,WAR1,0.12675440203648317,0.09539706485713863,0.2506847759471568,0.09719404704624919,0.05007292747109275,0.08405692385159422,0.20693013707220123,0.088909721718084,ACQ2
485,USA,IRN,Nego,5.37,1.64,1,1,0.13141454352910897,0.13607104016124708,0.16742786435984341,0.04256546573231386,0.07925513767210458,0.08739424721051123,0.21514591215022127,0.14072578918464976,WAR1,0.12675440203648317,0.09539706485713863,0.2506847759471568,0.09719404704624919,0.05007292747109275,0.08405692385159422,0.20693013707220123,0.088909721718084,ACQ2
485,USA,IRN,Nego,5.37,1.65,1,1,0.13200884447587743,0.13726495484709547,0.16354619458246222,0.04277952448152915,0.08014689403047846,0.08722214884201383,0.2147222428395772,0.1423091959009662,WAR1,0.12675440203648317,0.09539706485713863,0.2506847759471568,0.09719404704624919,0.05007292747109275,0.08405692385159422,0.20693013707220123,0.088909721718084,ACQ2
485,USA,IRN,Nego,5.37,1.66,1,1,0.1325680976049593,0.13844021900651157,0.15969056289762712,0.04300972721803527,0.08104481510672944,0.08704843438413606,0.21429459506313053,0.14390354871887087,WAR1,0.12675440203648317,0.09539706485713863,0.2506847759471568,0.09719404704624919,0.05007292747109275,0.08405692385159422,0.20693013707220123,0.088909721718084,ACQ2
485,USA,IRN,Nego,5.37,1.67,1,1,0.1330908152046025,0.13959514275170518,0.1558637647612225,0.04325701147225168,0.08194842276118343,0.0868733267680428,0.2138635176296459,0.14550799865134614,WAR1,0.12675440203648317,0.09539706485713863,0.2506847759471568,0.09719404704624919,0.05007292747109275,0.08405692385159422,0.20693013707220123,0.088909721718084,ACQ2
485,USA,IRN,Nego,5.37,1.68,1,1,0.13357555920045236,0.14072802306583582,0.15206855696106591,0.04352234390679606,0.0828572203534594,0.08669705596697853,0.21342957668397855,0.14712166386143344,WAR1,0.12675440203648317,0.09539706485713863,0.2506847759471568,0.09719404704624919,0.05007292747109275,0.08405692385159422,0.20693013707220123,0.088909721718084,ACQ2
485,USA,IRN,Nego,5.37,1.69,1,1,0.1340209485833936,0.1418371483857048,0.14830765007150512,0.043806718828714564,0.08377069321264644,0.08651985775922132,0.2129933526617327,0.14874363049708145,WAR1,0.12675440203648317,0.09539706485713863,0.2506847759471568,0.09719404704624919,0.05007292747109275,0.08405692385159422,0.20693013707220123,0.088909721718084,ACQ2
485,USA,IRN,Nego,5.37,1.7,1,1,0.13442566683822094,0.14292080337589563,0.1445837009581812,0.044111156518614726,0.08468830918425012,0.08634197241234123,0.21255543705018812,0.1503729536623079,WAR1,0.12675440203648317,0.09539706485713863,0.2506847759471568,0.09719404704624919,0.05007292747109275,0.08405692385159422,0.20693013707220123,0.088909721718084,ACQ2
485,USA,IRN,Nego,5.37,1.71,1,1,0.13478846931612062,0.14397727387171327,0.14089930538314807,0.04443670137757652,0.08560951925441172,0.0861636432966229,0.21211642897484256,0.15200865852556453,WAR1,0.12675440203648317,0.09539706485713863,0.2506847759471568,0.09719404704624919,0.05007292747109275,0.08405692385159422,0.20693013707220123,0.088909721718084,ACQ2
485,USA,IRN,Nego,5.37,1.72,1,1,0.13510819049194486,0.1450048519667765,0.13725699076051268,0.04478441989373422,0.08653375825164995,0.0859851154364345,0.2116769316331931,0.1536497415657542,WAR1,0.12675440203648317,0.09539706485713863,0.2506847759471568,0.09719404704624919,0.05007292747109275,0.08405692385159422,0.20693013707220123,0.088909721718084,ACQ2
485,USA,IRN,Nego,5.37,1.73,1,1,0.13538375104595832,0.14600184121993298,0.13365920911204954,0.04515539843140823,0.08746044562614827,0.08580663400915331,0.21123754859941302,0.15529517195593603,WAR1,0.12675440203648317,0.09539706485713863,0.2506847759471568,0.09719404704624919,0.05007292747109275,0.08405692385159422,0.20693013707220123,0.088909721718084,ACQ2
485,USA,IRN,Nego,5.37,1.74,1,1,0.13561416470913132,0.14696656195534258,0.13010833027085797,0.04555074084661262,0.08838898630640141,0.08562844280195821,0.21079888002530436,0.15694389308439186,WAR1,0.12675440203648317,0.09539706485713863,0.2506847759471568,0.09719404704624919,0.05007292747109275,0.08405692385159422,0.20693013707220123,0.088909721718084,ACQ2
485,USA,IRN,Nego,5.37,1.75,1,1,0.13579854481122555,0.14789735662909403,0.1266066353790929,0.045971565933675865,0.0893187716328455,0.08545078263736888,0.21036151876431364,0.15859482421238366,WAR1,0.12675440203648317,0.09539706485713863,0.2506847759471568,0.09719404704624919,0.05007292747109275,0.08405692385159422,0.20693013707220123,0.088909721718084,ACQ2
485,USA,IRN,Nego,5.37,1.76,1,1,0.1359361104718358,0.1487925952355813,0.12315631072314787,0.04641900470859229,0.0902491803679231,0.08527388977884112,0.20992604644644872,0.16024686226762982,WAR1,0.12675440203648317,0.09539706485713863,0.2506847759471568,0.09719404704624919,0.05007292747109275,0.08405692385159422,0.20693013707220123,0.088909721718084,ACQ2
485,USA,IRN,Nego,5.37,1.77,1,1,0.13602619237624228,0.1496506807270495,0.11975944194644367,0.04689419753557908,0.09117957978186457,0.08509799432799617,0.20949302953260127,0.16189888377222336,WAR1,0.12675440203648317,0.09539706485713863,0.2506847759471568,0.09719404704624919,0.05007292747109275,0.08405692385159422,0.20693013707220123,0.088909721718084,ACQ2
485,USA,IRN,Nego,5.37,1.78,1,1,0.13606823808036042,0.1504700544201797,0.11641800867627884,0.047398291104171084,0.09210932681330143,0.08492331862519135,0.2090630153770941,0.1635497469034232,WAR1,0.12675440203648317,0.09539706485713863,0.2506847759471568,0.09719404704624919,0.05007292747109275,0.08405692385159422,0.20693013707220123,0.088909721718084,ACQ2
485,USA,IRN,Nego,5.37,1.79,1,1,0.136061816792207,0.15124920136428074,0.11313387959708457,0.047932435265051275,0.09303776930364424,0.08475007566510996,0.20863652832720236,0.16519829368541986,WAR1,0.12675440203648317,0.09539706485713863,0.2506847759471568,0.09719404704624919,0.05007292747109275,0.08405692385159422,0.20693013707220123,0.088909721718084,ACQ2
485,USA,IRN,Nego,5.37,1.8,1,1,0.13600662358109905,0.15198665564652059,0.10990880799801629,0.04849777973372274,0.09396424730395067,0.08457846753888229,0.20821406588799046,0.16684335230981778,WAR1,0.12675440203648317,0.09539706485713863,0.2506847759471568,0.09719404704624919,0.05007292747109275,0.08405692385159422,0.20693013707220123,0.088909721718084,ACQ2
485,USA,IRN,Nego,5.37,1.81,1,1,0.13590248297018004,0.15268100561059783,0.10674442781820434,0.04909547067209619,0.09488809445276264,0.08440868391395517,0.2077960949800755,0.16848373958212845,WAR1,0.12675440203648317,0.09539706485713863,0.2506847759471568,0.09719404704624919,0.05007292747109275,0.08405692385159422,0.20693013707220123,0.088909721718084,ACQ2
485,USA,IRN,Nego,5.37,1.82,1,1,0.13574935187277495,0.15333089896625374,0.10364225020828559,0.04972664715912138,0.09580863942308826,0.08424090056251538,0.20738304831692175,0.17011826349103873,WAR1,0.12675440203648317,0.09539706485713863,0.2506847759471568,0.09719404704624919,0.05007292747109275,0.08405692385159422,0.20693013707220123,0.088909721718084,ACQ2
485,USA,IRN,Nego,5.37,1.83,1,1,0.1355473218384165,0.15393504776797265,0.10060366062216201,0.050392437562752704,0.09672520743633513,0.08407527794877179,0.20697532092703153,0.17174572589655765,WAR1,0.12675440203648317,0.09539706485713863,0.2506847759471568,0.09719404704624919,0.05007292747109275,0.08405692385159422,0.20693013707220123,0.088909721718084,ACQ2
485,USA,IRN,Nego,5.37,1.84,1,1,0.135296620580076,0.15449223324204872,0.09762991644837482,0.05109395582682663,0.09763712184054571,0.08391195988481945,0.20657326684497043,0.17336492533233816,WAR1,0.12675440203648317,0.09539706485713863,0.2506847759471568,0.09719404704624919,0.05007292747109275,0.08405692385159422,0.20693013707220123,0.088909721718084,ACQ2
485,USA,IRN,Nego,5.37,1.85,1,1,0.13499761276010877,0.15500131044184265,0.09472214518614397,0.05183229768785001,0.09854370574974222,0.08375107226418295,0.2061771959936232,0.17497465991650618,WAR1,0.12675440203648317,0.09539706485713863,0.2506847759471568,0.09719404704624919,0.05007292747109275,0.08405692385159422,0.20693013707220123,0.088909721718084,ACQ2
485,USA,IRN,Nego,5.37,1.86,1,1,0.13465080001857532,0.1554612127114627,0.09188134316708006,0.052608536838251486,0.09944428374054155,0.08359272188147253,0.20578737127843916,0.17657373036417728,WAR1,0.12675440203648317,0.09539706485713863,0.2506847759471568,0.09719404704624919,0.05007292747109275,0.08405692385159422,0.20693013707220123,0.088909721718084,ACQ2
485,USA,IRN,Nego,5.37,1.87,1,1,0.13425682023388755,0.15587095593824443,0.08910837481988283,0.05342372105432529,0.10033818360145294,0.0834369953459139,0.20540400591277547,0.17816094309351774,WAR1,0.12675440203648317,0.09539706485713863,0.2506847759471568,0.09719404704624919,0.05007292747109275,0.08405692385159422,0.20693013707220123,0.088909721718084,ACQ2
485,USA,IRN,Nego,5.37,1.88,1,1,0.13381644601205372,0.15622964257425945,0.08640397247204419,0.05427886830886541,0.10122473812942312,0.0832839580958478,0.20502726099180701,0.17973511341569923,WAR1,0.12675440203648317,0.09539706485713863,0.2506847759471568,0.09719404704624919,0.05007292747109275,0.08405692385159422,0.20693013707220123,0.088909721718084,ACQ2
485,USA,IRN,Nego,5.37,1.89,1,1,0.13333058240713744,0.15653646540667768,0.08376873667968597,0.0551749628903119,0.10210328696725679,0.08313365352064138,0.204657243330859,0.18129506879742985,WAR1,0.12675440203648317,0.09539706485713863,0.2506847759471568,0.09719404704624919,0.05007292747109275,0.08405692385159422,0.20693013707220123,0.088909721718084,ACQ2
485,USA,IRN,Nego,5.37,1.9,1,1,0.13280026388182986,0.15679071105614684,0.08120313707417798,0.05611295155205464,0.10297317847452196,0.08298610219583107,0.204294003582494,0.18283965218294335,WAR1,0.12675440203648317,0.09539706485713863,0.2506847759471568,0.09719404704624919,0.05007292747109275,0.08405692385159422,0.20693013707220123,0.088909721718084,ACQ2
485,USA,IRN,Nego,5.37,1.91,1,1,0.13222665052324803,0.15699176318154962,0.07870751371207131,0.05709373971728787,0.10383377162348753,0.08284130123671857,0.20393753464520298,0.18436772536043405,WAR1,0.12675440203648317,0.09539706485713863,0.2506847759471568,0.09719404704624919,0.05007292747109275,0.08405692385159422,0.20693013707220123,0.088909721718084,ACQ2
485,USA,IRN,Nego,5.37,1.92,1,1,0.131611023535183,0.15713910536857975,0.07628207891309513,0.05811818776640734,0.10468443791054188,0.08269922377506753,0.20358777037514436,0.1858781723559812,WAR1,0.12675440203648317,0.09539706485713863,0.2506847759471568,0.09719404704624919,0.05007292747109275,0.08405692385159422,0.20693013707220123,0.088909721718084,ACQ2
485,USA,IRN,Nego,5.37,1.93,1,1,0.13095478003400504,0.15723232367871587,0.0739269195694483,0.059187107435292666,0.10552456327246183,0.08255981856299115,0.20324458461100114,0.187369902836084,WAR1,0.12675440203648317,0.09539706485713863,0.2506847759471568,0.09719404704624919,0.05007292747109275,0.08405692385159422,0.20693013707220123,0.088909721718084,ACQ2
485,USA,IRN,Nego,5.37,1.94,1,1,0.13025942718128897,0.1572711088344261,0.07164199990827706,0.060301258353833403,0.1063535499958611,0.08242300970756687,0.20290779052065805,0.1888418554980881,WAR1,0.12675440203648317,0.09539706485713863,0.2506847759471568,0.09719404704624919,0.05007292747109275,0.08405692385159422,0.20693013707220123,0.088909721718084,ACQ2
485,USA,IRN,Nego,5.37,1.95,1,1,0.12952657569191067,0.1572552580160034,0.06942716468800611,0.06146134475463093,0.1071708186072022,0.08228869653914399,0.20257714027700394,0.19029300142609906,WAR1,0.12675440203648317,0.09539706485713863,0.2506847759471568,0.09719404704624919,0.05007292747109275,0.08405692385159422,0.20693013707220123,0.088909721718084,ACQ2
485,USA,IRN,Nego,5.37,1.96,1,1,0.1287579327618878,0.15718467624539806,0.0672821428079909,0.06266801238186194,0.10797580972994013,0.08215675361570884,0.20225232506867744,0.19172234738853505,WAR1,0.12675440203648317,0.09539706485713863,0.2506847759471568,0.09719404704624919,0.05007292747109275,0.08405692385159422,0.20693013707220123,0.088909721718084,ACQ2
485,USA,IRN,Nego,5.37,1.97,1,1,0.12795529446555082,0.15705937733294703,0.0652065513097153,0.06392184562973645,0.10876798589472716,0.0820270308650184,0.20193297544996958,0.19312893905233536,WAR1,0.12675440203648317,0.09539706485713863,0.2506847759471568,0.09719404704624919,0.05007292747109275,0.08405692385159422,0.20693013707220123,0.088909721718084,ACQ2
485,USA,IRN,Nego,5.37,1.98,1,1,0.12712053767668796,0.15687948436407967,0.06319989974641174,0.06522336493876217,0.10954683328817995,0.08189935386548869,0.20161866203231116,0.1945118640880788,WAR1,0.12675440203648317,0.09539706485713863,0.2506847759471568,0.09719404704624919,0.05007292747109275,0.08405692385159422,0.20693013707220123,0.088909721718084,ACQ2
485,USA,IRN,Nego,5.37,1.99,1,1,0.12625561157307474,0.15664522970504177,0.06126159489648999,0.06657302447610183,0.11031186342553514,0.08177352426601571,0.20130889651778128,0.19587025513995937,WAR1,0.12675440203648317,0.09539706485713863,0.2506847759471568,0.09719404704624919,0.05007292747109275,0.08405692385159422,0.20693013707220123,0.088909721718084,ACQ2
485,USA,IRN,Nego,5.38,1.5,1,1,0.12016795252690077,0.11913476881271222,0.2196578134249752,0.04124625972001728,0.06831997874754742,0.0895965201314712,0.22056743623798383,0.12130927039839184,WAR1,0.12675440203648317,0.09539706485713863,0.2506847759471568,0.09719404704624919,0.05007292747109275,0.08405692385159422,0.20693013707220123,0.088909721718084,ACQ2
485,USA,IRN,Nego,5.38,1.51,1,1,0.12107859859303906,0.12043542218031761,0.21568317120377395,0.04132410135321042,0.06909802573234347,0.08945958223536513,0.2202303244771296,0.1226907742248207,WAR1,0.12675440203648317,0.09539706485713863,0.2506847759471568,0.09719404704624919,0.05007292747109275,0.08405692385159422,0.20693013707220123,0.088909721718084,ACQ2
485,USA,IRN,Nego,5.38,1.52,1,1,0.12197542182062003,0.12173685804586246,0.2116974733016358,0.041408909098423825,0.06988673497183101,0.08931904380045176,0.21988434896115805,0.12409121000001691,WAR1,0.12675440203648317,0.09539706485713863,0.2506847759471568,0.09719404704624919,0.05007292747109275,0.08405692385159422,0.20693013707220123,0.088909721718084,ACQ2
485,USA,IRN,Nego,5.38,1.53,1,1,0.12285687907266712,0.12303785200959959,0.2077034066557253,0.04150118623408838,0.07068587711912806,0.08917496661489813,0.21952966179929823,0.1255101704945953,WAR1,0.12675440203648317,0.09539706485713863,0.2506847759471568,0.09719404704624919,0.05007292747109275,0.08405692385159422,0.20693013707220123,0.088909721718084,ACQ2
485,USA,IRN,Nego,5.38,1.54,1,1,0.12372139833117124,0.12433712932768247,0.20370370471656893,0.04160146963818228,0.07149520414536828,0.08902742718933739,0.2191664513443362,0.12694721530735337,WAR1,0.12675440203648317,0.09539706485713863,0.2506847759471568,0.09719404704624919,0.05007292747109275,0.08405692385159422,0.20693013707220123,0.088909721718084,ACQ2
485,USA,IRN,Nego,5.38,1.55,1,1,0.1245673825863516,0.12563336596297045,0.19970114284170098,0.0417103303229055,0.07231444897890837,0.08887651679529798,0.21879494228721993,0.12840187022464528,WAR1,0.12675440203648317,0.09539706485713863,0.2506847759471568,0.09719404704624919,0.05007292747109275,0.08405692385159422,0.20693013707220123,0.088909721718084,ACQ2
485,USA,IRN,Nego,5.38,1.56,1,1,0.12539321412018758,0.12692518991673987,0.19569853329927817,0.041828373857157264,0.07314332519162456,0.08872234141591717,0.21841539553572628,0.12987362666336918,WAR1,0.12675440203648317,0.09539706485713863,0.2506847759471568,0.09719404704624919,0.05007292747109275,0.08405692385159422,0.20693013707220123,0.088909721718084,ACQ2
485,USA,IRN,Nego,5.38,1.57,1,1,0.12619725918192837,0.12821118285024227,0.19169871989152212,0.041956240666719616,0.07398152673625306,0.08856502160391777,0.21802810786482962,0.13136194120458727,WAR1,0.12675440203648317,0.09539706485713863,0.2506847759471568,0.09719404704624919,0.05007292747109275,0.08405692385159422,0.20693013707220123,0.088909721718084,ACQ2
485,USA,IRN,Nego,5.38,1.58,1,1,0.1269778730492389,0.12948988200307807,0.18770457221187045,0.04209460620236823,0.07482872773860508,0.08840469224240957,0.21763341132784766,0.1328662352245821,WAR1,0.12675440203648317,0.09539706485713863,0.2506847759471568,0.09719404704624919,0.05007292747109275,0.08405692385159422,0.20693013707220123,0.088909721718084,ACQ2
485,USA,IRN,Nego,5.38,1.59,1,1,0.12773340546432468,0.13075978241316535,0.1837189795538662,0.042244180966567846,0.0756845823483271,0.08824150220476257,0.2172316724191204,0.13438589462986564,WAR1,0.12675440203648317,0.09539706485713863,0.2506847759471568,0.09719404704624919,0.05007292747109275,0.08405692385159422,0.20693013707220123,0.088909721718084,ACQ2
485,USA,IRN,Nego,5.38,1.6,1,1,0.12846220642982148,0.13201933944069733,0.17974484449402725,0.04240571038996348,0.07654872465167718,0.08807561391058477,0.21682329098092398,0.1359202697023044,WAR1,0.12675440203648317,0.09539706485713863,0.2506847759471568,0.09719404704624919,0.05007292747109275,0.08405692385159422,0.20693013707220123,0.088909721718084,ACQ2
485,USA,IRN,Nego,5.38,1.61,1,1,0.1291626323445036,0.13326697159592638,0.17578507617516156,0.04257997454954556,0.07742076864955577,0.08790720277571822,0.21640869884947797,0.13746867506011118,WAR1,0.12675440203648317,0.09539706485713863,0.2506847759471568,0.09719404704624919,0.05007292747109275,0.08405692385159422,0.20693013707220123,0.088909721718084,ACQ2
485,USA,IRN,Nego,5.38,1.62,1,1,0.12983305245401366,0.13450106366792647,0.17184258332073282,0.042767787721142744,0.07830030830376544,0.08773645655513594,0.2159883582372992,0.13903038973998383,WAR1,0.12675440203648317,0.09539706485713863,0.2506847759471568,0.09719404704624919,0.05007292747109275,0.08405692385159422,0.20693013707220123,0.088909721718084,ACQ2
485,USA,IRN,Nego,5.38,1.63,1,1,0.13047185558691596,0.13571997014869913,0.16792026701489715,0.04296999775976995,0.07918691765418166,0.08756357457866569,0.21556275985171625,0.1406046574051541,WAR1,0.12675440203648317,0.09539706485713863,0.2506847759471568,0.09719404704624919,0.05007292747109275,0.08405692385159422,0.20693013707220123,0.088909721718084,ACQ2
485,USA,IRN,Nego,5.38,1.64,1,1,0.1310774571415116,0.13692201894415565,0.16402101328660243,0.04318748530232146,0.08008015100920136,0.08738876688057136,0.21513242075208652,0.14219068668354928,WAR1,0.12675440203648317,0.09539706485713863,0.2506847759471568,0.09719404704624919,0.05007292747109275,0.08405692385159422,0.20693013707220123,0.088909721718084,ACQ2
485,USA,IRN,Nego,5.38,1.65,1,1,0.13164830628409965,0.13810551536067153,0.16014768553962788,0.04342116278813563,0.08097954321150733,0.0872122532251786,0.2146978819510947,0.14378765163968457,WAR1,0.12675440203648317,0.09539706485713863,0.2506847759471568,0.09719404704624919,0.05007292747109275,0.08405692385159422,0.20693013707220123,0.088909721718084,ACQ2
485,USA,IRN,Nego,5.38,1.66,1,1,0.1321828933148239,0.13926874635313014,0.15630311687352902,0.04367197329405282,0.08188460998084181,0.08703426203190986,0.21425970576841916,0.14539469238329344,WAR1,0.12675440203648317,0.09539706485713863,0.2506847759471568,0.09719404704624919,0.05007292747109275,0.08405692385159422,0.20693013707220123,0.088909721718084,ACQ2
485,USA,IRN,Nego,5.38,1.67,1,1,0.1326797571529889,0.14040998501769086,0.1524901023430949,0.04394088918172711,0.08279484833513955,0.08685502920428445,0.21381847294798131,0.1470109158170931,WAR1,0.12675440203648317,0.09539706485713863,0.2506847759471568,0.09719404704624919,0.05007292747109275,0.08405692385159422,0.20693013707220123,0.088909721718084,ACQ2
485,USA,IRN,Nego,5.38,1.68,1,1,0.13313749288986032,0.14152749530999986,0.14871139120603033,0.04422891055611726,0.08370973709102209,0.08667479686861577,0.21337477955288864,0.14863539652546554,WAR1,0.12675440203648317,0.09539706485713863,0.2506847759471568,0.09719404704624919,0.05007292747109275,0.08405692385159422,0.20693013707220123,0.088909721718084,ACQ2
485,USA,IRN,Nego,5.38,1.69,1,1,0.13355475935356714,0.14261953696725804,0.14496967921008885,0.04453706353525536,0.084628737444324,0.08649381202927753,0.2129292336549876,0.15026717780524126,WAR1,0.12675440203648317,0.09539706485713863,0.2506847759471568,0.09719404704624919,0.05007292747109275,0.08405692385159422,0.20693013707220123,0.088909721718084,ACQ2
485,USA,IRN,Nego,5.38,1.7,1,1,0.13393028662787707,0.14368437061050332,0.14126760097176538,0.04486639833255965,0.08555129363099252,0.08631232514849381,0.21248245183861178,0.15190527283919647,WAR1,0.12675440203648317,0.09539706485713863,0.2506847759471568,0.09719404704624919,0.05007292747109275,0.08405692385159422,0.20693013707220123,0.088909721718084,ACQ2
485,USA,IRN,Nego,5.38,1.71,1,1,0.13426288346440055,0.14472026300172508,0.1376077224988507,0.04521798715410437,0.0864768336684011,0.08613058865961076,0.21203505554057475,0.1535486660123327,WAR1,0.12675440203648317,0.09539706485713863,0.2506847759471568,0.09719404704624919,0.05007292747109275,0.08405692385159422,0.20693013707220123,0.088909721718084,ACQ2
485,USA,IRN,Nego,5.38,1.72,1,1,0.13455144452624934,0.14572549242899932,0.13399253390865162,0.04559292191437825,0.08740477017682917,0.0859488554237098,0.21158766725068234,0.15519631437050022,WAR1,0.12675440203648317,0.09539706485713863,0.2506847759471568,0.09719404704624919,0.05007292747109275,0.08405692385159422,0.20693013707220123,0.088909721718084,ACQ2
485,USA,IRN,Nego,5.38,1.73,1,1,0.1347949574003931,0.1466983541917756,0.13042444239247733,0.04599231177513886,0.08833450128059542,0.08576737714020358,0.21114090659896184,0.15684714922045434,WAR1,0.12675440203648317,0.09539706485713863,0.2506847759471568,0.09719404704624919,0.05007292747109275,0.08405692385159422,0.20693013707220123,0.088909721718084,ACQ2
485,USA,IRN,Nego,5.38,1.74,1,1,0.13499250931594237,0.1476371661577404,0.12690576547509963,0.04641728051301189,0.08926541158808941,0.08558640272270789,0.21069538635740429,0.15850007787000395,WAR1,0.12675440203648317,0.09539706485713863,0.2506847759471568,0.09719404704624919,0.05007292747109275,0.08405692385159422,0.20693013707220123,0.088909721718084,ACQ2
485,USA,IRN,Nego,5.38,1.75,1,1,0.13514329350637994,0.14854027436234477,0.1234387246153442,0.04686896372247966,0.09019687324971652,0.08540617665197933,0.2102517083852521,0.16015398550650356,WAR1,0.12675440203648317,0.09539706485713863,0.2506847759471568,0.09719404704624919,0.05007292747109275,0.08405692385159422,0.20693013707220123,0.088909721718084,ACQ2
485,USA,IRN,Nego,5.38,1.76,1,1,0.13524661515534098,0.14940605862208078,0.12002543919081732,0.04734850586187497,0.09112824709255644,0.08522693731805961,0.2098104595477115,0.16180773721155817,WAR1,0.12675440203648317,0.09539706485713863,0.2506847759471568,0.09719404704624919,0.05007292747109275,0.08405692385159422,0.20693013707220123,0.088909721718084,ACQ2
485,USA,IRN,Nego,5.38,1.77,1,1,0.13530189686791635,0.15023293813291458,0.11666792090607908,0.047857057150940005,0.09205888383032333,0.0850489153639517,0.2093722076384406,0.16346018010943444,WAR1,0.12675440203648317,0.09539706485713863,0.2506847759471568,0.09719404704624919,0.05007292747109275,0.08405692385159422,0.20693013707220123,0.088909721718084,ACQ2
485,USA,IRN,Nego,5.38,1.78,1,1,0.13530868361256754,0.15101937702585838,0.11336806865942982,0.04839577032945462,0.09298812534699508,0.08487233204318713,0.20893749733622918,0.16511014564627813,WAR1,0.12675440203648317,0.09539706485713863,0.2506847759471568,0.09719404704624919,0.05007292747109275,0.08405692385159422,0.20693013707220123,0.088909721718084,ACQ2
485,USA,IRN,Nego,5.38,1.79,1,1,0.13526664708257088,0.15176388985247333,0.11012766389897453,0.048965797287395085,0.09391530605224428,0.08469739760351884,0.2085068462259992,0.16675645199682396,WAR1,0.12675440203648317,0.09539706485713863,0.2506847759471568,0.09719404704624919,0.05007292747109275,0.08405692385159422,0.20693013707220123,0.088909721718084,ACQ2
485,USA,IRN,Nego,5.38,1.8,1,1,0.13517558943036923,0.15246504697403193,0.1069483664938727,0.0495682855780769,0.0948397543065336,0.08452430970871537,0.20808074091359857,0.16839790659480178,WAR1,0.12675440203648317,0.09539706485713863,0.2506847759471568,0.09719404704624919,0.05007292747109275,0.08405692385159422,0.20693013707220123,0.088909721718084,ACQ2
485,USA,IRN,Nego,5.38,1.81,1,1,0.1350354463332471,0.15312147982910443,0.10383171114178764,0.050204374826784276,0.09576079391342766,0.08435325191004174,0.2076596332629154,0.1700333087826918,WAR1,0.12675440203648317,0.09539706485713863,0.2506847759471568,0.09719404704624919,0.05007292747109275,0.08405692385159422,0.20693013707220123,0.088909721718084,ACQ2
485,USA,IRN,Nego,5.38,1.82,1,1,0.13484628935427068,0.15373188605536178,0.10077910432861918,0.05087519304851493,0.09667774567630079,0.08418439217851198,0.2072439367825978,0.1716614525758228,WAR1,0.12675440203648317,0.09539706485713863,0.2506847759471568,0.09719404704624919,0.05007292747109275,0.08405692385159422,0.20693013707220123,0.088909721718084,ACQ2
485,USA,IRN,Nego,5.38,1.83,1,1,0.1346083275683593,0.1542950344423621,0.09779182185174873,0.05158185288968208,0.09758992901618159,0.08401788150841309,0.20683402318822952,0.17328112953502375,WAR1,0.12675440203648317,0.09539706485713863,0.2506847759471568,0.09719404704624919,0.05007292747109275,0.08405692385159422,0.20693013707220123,0.088909721718084,ACQ2
485,USA,IRN,Nego,5.38,1.84,1,1,0.13432190842960104,0.15480976969292487,0.09487100691334749,0.05232544780993395,0.09849666364695209,0.08385385260194059,0.20643021916418403,0.174891131741116,WAR1,0.12675440203648317,0.09539706485713863,0.2506847759471568,0.09719404704624919,0.05007292747109275,0.08405692385159422,0.20693013707220123,0.088909721718084,ACQ2
485,USA,IRN,Nego,5.38,1.85,1,1,0.13398751786240176,0.15527501697136753,0.09201766878587195,0.05310704822166047,0.0993972713035133,0.08369241864408244,0.20603280334765145,0.17649025486345113,WAR1,0.12675440203648317,0.09539706485713863,0.2506847759471568,0.09719404704624919,0.05007292747109275,0.08405692385159422,0.20693013707220123,0.088909721718084,ACQ2
485,USA,IRN,Nego,5.38,1.86,1,1,0.13360577956568132,0.15568978621731272,0.08923268204776863,0.053927697606263425,0.10029107751782848,0.08353367217615587,0.20564200355552759,0.17807730131346214,WAR1,0.12675440203648317,0.09539706485713863,0.2506847759471568,0.09719404704624919,0.05007292747109275,0.08405692385159422,0.20693013707220123,0.088909721718084,ACQ2
485,USA,IRN,Nego,5.38,1.87,1,1,0.13317745352603771,0.1560531762040014,0.08651678638368329,0.054788408627825524,0.10117741343697173,0.0833776840756577,0.20525799427302394,0.17965108347279893,WAR1,0.12675440203648317,0.09539706485713863,0.2506847759471568,0.09719404704624919,0.05007292747109275,0.08405692385159422,0.20693013707220123,0.088909721718084,ACQ2
485,USA,IRN,Nego,5.38,1.88,1,1,0.13270343374252058,0.15636437832001493,0.08387058694013394,0.05569015926641277,0.10205561767644322,0.08322450264935077,0.2048808944210407,0.18121042698408302,WAR1,0.12675440203648317,0.09539706485713863,0.2506847759471568,0.09719404704624919,0.05007292747109275,0.08405692385159422,0.20693013707220123,0.088909721718084,ACQ2
485,USA,IRN,Nego,5.38,1.89,1,1,0.13218474517233325,0.15662268005310198,0.08129455522467603,0.056633888994806536,0.1029250382010813,0.08307415284578178,0.20451076541755445,0.18275417409066452,WAR1,0.12675440203648317,0.09539706485713863,0.2506847759471568,0.09719404704624919,0.05007292747109275,0.08405692385159422,0.20693013707220123,0.088909721718084,ACQ2
485,USA,IRN,Nego,5.38,1.9,1,1,0.1316225399133818,0.15682746815443707,0.07878903053403753,0.057620495023947685,0.10378503422492592,0.0829266355927166,0.204147609546526,0.18428118701002755,WAR1,0.12675440203648317,0.09539706485713863,0.2506847759471568,0.09719404704624919,0.05007292747109275,0.08405692385159422,0.20693013707220123,0.088909721718084,ACQ2
485,USA,IRN,Nego,5.38,1.91,1,1,0.13101809264606334,0.1569782314612068,0.07635422189449567,0.05865082864369069,0.10463497812039324,0.08278192726428805,0.2037913686461324,0.1857903513237299,WAR1,0.12675440203648317,0.09539706485713863,0.2506847759471568,0.09719404704624919,0.05007292747109275,0.08405692385159422,0.20693013707220123,0.088909721718084,ACQ2
485,USA,IRN,Nego,5.38,1.92,1,1,0.130372795363013,0.15707456335501133,0.07399021049585612,0.05972569168654167,0.10547425732613996,0.08263997928197038,0.2034419231264512,0.18728057936501621,WAR1,0.12675440203648317,0.09539706485713863,0.2506847759471568,0.09719404704624919,0.05007292747109275,0.08405692385159422,0.20693013707220123,0.088909721718084,ACQ2
485,USA,IRN,Nego,5.38,1.93,1,1,0.12968815142167633,0.15711616383330354,0.07169695259870533,0.060845833142795465,0.10630227624206419,0.0825007178528142,0.20309909132505155,0.18875081358358933,WAR1,0.12675440203648317,0.09539706485713863,0.2506847759471568,0.09719404704624919,0.05007292747109275,0.08405692385159422,0.20693013707220123,0.088909721718084,ACQ2
485,USA,IRN,Nego,5.38,1.94,1,1,0.12896576896052153,0.15710284117108045,0.06947428289307953,0.06201194595581025,0.10711845809904436,0.08236404384768721,0.2027626292072483,0.1902000298655283,WAR1,0.12675440203648317,0.09539706485713863,0.2506847759471568,0.09719404704624919,0.05007292747109275,0.08405692385159422,0.20693013707220123,0.088909721718084,ACQ2
485,USA,IRN,Nego,5.38,1.95,1,1,0.12820735372541664,0.15703451315042044,0.06732191828524495,0.06322466402598059,0.10792224679030693,0.08222983282154721,0.20243223041601038,0.19162724078507273,WAR1,0.12675440203648317,0.09539706485713863,0.2506847759471568,0.09719404704624919,0.05007292747109275,0.08405692385159422,0.20693013707220123,0.088909721718084,ACQ2
485,USA,IRN,Nego,5.38,1.96,1,1,0.12741470135814315,0.1569112078363429,0.06523946208785895,0.06448455945121953,0.10871310865076377,0.0820979351770128,0.20210752667463627,0.1930314987640226,WAR1,0.12675440203648317,0.09539706485713863,0.2506847759471568,0.09719404704624919,0.05007292747109275,0.08405692385159422,0.20693013707220123,0.088909721718084,ACQ2
485,USA,IRN,Nego,5.38,1.97,1,1,0.1265896892041477,0.1567330638789549,0.06322640858731379,0.06579214003038489,0.10949053417032178,0.08196817647167867,0.2017880885432991,0.19441189911389917,WAR1,0.12675440203648317,0.09539706485713863,0.2506847759471568,0.09719404704624919,0.05007292747109275,0.08405692385159422,0.20693013707220123,0.088909721718084,ACQ2
485,USA,IRN,Nego,5.38,1.98,1,1,0.12573426770139282,0.15650033032403093,0.06128214796052669,0.06714784705404757,0.11025403962706358,0.08184035786873538,0.2014734265283754,0.19576758293582752,WAR1,0.12675440203648317,0.09539706485713863,0.2506847759471568,0.09719404704624919,0.05007292747109275,0.08405692385159422,0.20693013707220123,0.088909721718084,ACQ2
485,USA,IRN,Nego,5.38,1.99,1,1,0.12485045141649734,0.15621336591709525,0.0594059715118014,0.0685520534042938,0.11100316862635605,0.08171425672948333,0.20116299254108774,0.19709773985338525,WAR1,0.12675440203648317,0.09539706485713863,0.2506847759471568,0.09719404704624919,0.05007292747109275,0.08405692385159422,0.20693013707220123,0.088909721718084,ACQ2
485,USA,IRN,Nego,5.39,1.5,1,1,0.12003987135685001,0.11999609610702139,0.21636689804314754,0.04168962121714854,0.06901177929887187,0.08965260186593764,0.2207054974525589,0.12253763465846401,WAR1,0.12675440203648317,0.09539706485713863,0.2506847759471568,0.09719404704624919,0.05007292747109275,0.08405692385159422,0.20693013707220123,0.088909721718084,ACQ2
485,USA,IRN,Nego,5.39,1.51,1,1,0.12094300240497091,0.12130285385188955,0.21236771692682566,0.04177769679475343,0.06980162163472396,0.08951074638083205,0.22035627964119606,0.12394008236480818,WAR1,0.12675440203648317,0.09539706485713863,0.2506847759471568,0.09719404704624919,0.05007292747109275,0.08405692385159422,0.20693013707220123,0.088909721718084,ACQ2
485,USA,IRN,Nego,5.39,1.52,1,1,0.121831220469564,0.12260946068721142,0.20835970192773948,0.04187324302844306,0.07060194359372743,0.08936523377432098,0.2199980587804821,0.12536113773851174,WAR1,0.12675440203648317,0.09539706485713863,0.2506847759471568,0.09719404704624919,0.05007292747109275,0.08405692385159422,0.20693013707220123,0.088909721718084,ACQ2
485,USA,IRN,Nego,5.39,1.53,1,1,0.12270294927535602,0.12391463363566552,0.20434560529867019,0.04197679817827044,0.07141249468362158,0.08921614030971356,0.21963102261434495,0.1268003560043578,WAR1,0.12675440203648317,0.09539706485713863,0.2506847759471568,0.09719404704624919,0.05007292747109275,0.08405692385159422,0.20693013707220123,0.088909721718084,ACQ2
485,USA,IRN,Nego,5.39,1.54,1,1,0.12355658606113441,0.12521703911183113,0.20032822313015153,0.04208893498910477,0.07223300505274485,0.08906355741749553,0.2192553962250508,0.12825725801248714,WAR1,0.12675440203648317,0.09539706485713863,0.2506847759471568,0.09719404704624919,0.05007292747109275,0.08405692385159422,0.20693013707220123,0.088909721718084,ACQ2
485,USA,IRN,Nego,5.39,1.55,1,1,0.1243905058335592,0.12651529423554955,0.19631039033807615,0.04221026112248064,0.073063185170524,0.0889075916665005,0.21887144196223549,0.1297313296710744,WAR1,0.12675440203648317,0.09539706485713863,0.2506847759471568,0.09719404704624919,0.05007292747109275,0.08405692385159422,0.20693013707220123,0.088909721718084,ACQ2
485,USA,IRN,Nego,5.39,1.56,1,1,0.12520306602281844,0.12780796844452355,0.1922949752563121,0.04234141946286065,0.07390272556106686,0.08874836464036441,0.21847945913876074,0.1312220214732933,WAR1,0.12675440203648317,0.09539706485713863,0.2506847759471568,0.09719404704624919,0.05007292747109275,0.08405692385159422,0.20693013707220123,0.088909721718084,ACQ2
485,USA,IRN,Nego,5.39,1.57,1,1,0.12599261153468577,0.12909358541402577,0.18828487384743625,0.04248308828809511,0.07475129659391118,0.08858601271447161,0.21807978348160434,0.13272874812576976,WAR1,0.12675440203648317,0.09539706485713863,0.2506847759471568,0.09719404704624919,0.05007292747109275,0.08405692385159422,0.20693013707220123,0.088909721718084,ACQ2
485,USA,IRN,Nego,5.39,1.58,1,1,0.1267574801891516,0.13037062528935345,0.1842830035489662,0.042635981294311266,0.0756085483358201,0.08842068672928945,0.21767278632767872,0.13425088828542914,WAR1,0.12675440203648317,0.09539706485713863,0.2506847759471568,0.09719404704624919,0.05007292747109275,0.08405692385159422,0.20693013707220123,0.088909721718084,ACQ2
485,USA,IRN,Nego,5.39,1.59,1,1,0.12749600853115306,0.13163752723421013,0.18029229677684677,0.04280084746603212,0.07647411046730104,0.08825255155677414,0.21725887355641582,0.13578778441126702,WAR1,0.12675440203648317,0.09539706485713863,0.2506847759471568,0.09719404704624919,0.05007292747109275,0.08405692385159422,0.20693013707220123,0.088909721718084,ACQ2
485,USA,IRN,Nego,5.39,1.6,1,1,0.12820653799408027,0.13289269229555364,0.17631569411233788,0.04297847078302356,0.0773475922672802,0.08808178555742854,0.2168384842531593,0.13733874273713664,WAR1,0.12675440203648317,0.09539706485713863,0.2506847759471568,0.09719404704624919,0.05007292747109275,0.08405692385159422,0.20693013707220123,0.088909721718084,ACQ2
485,USA,IRN,Nego,5.39,1.61,1,1,0.1288874213917486,0.13413448658265098,0.1723561372028019,0.043169669756180785,0.07822858266907735,0.08790857992657435,0.2164120890998271,0.1389030333711386,WAR1,0.12675440203648317,0.09539706485713863,0.2506847759471568,0.09719404704624919,0.05007292747109275,0.08405692385159422,0.20693013707220123,0.088909721718084,ACQ2
485,USA,IRN,Nego,5.39,1.62,1,1,0.12953702970947306,0.1353612447551637,0.1684165614111075,0.04337529678569028,0.07911665039051213,0.08773313792947293,0.21598018849194253,0.1404798905266377,WAR1,0.12675440203648317,0.09539706485713863,0.2506847759471568,0.09719404704624919,0.05007292747109275,0.08405692385159422,0.20693013707220123,0.088909721718084,ACQ2
485,USA,IRN,Nego,5.39,1.63,1,1,0.13015375915983704,0.13657127381210202,0.16449988825238707,0.04359623733572779,0.08001134414062555,0.08755567402606669,0.21554331038393476,0.1420685128893189,WAR1,0.12675440203648317,0.09539706485713863,0.2506847759471568,0.09719404704624919,0.05007292747109275,0.08405692385159422,0.20693013707220123,0.088909721718084,ACQ2
485,USA,IRN,Nego,5.39,1.64,1,1,0.13073603846380266,0.13776285717048045,0.16060901766061003,0.04383340892106285,0.08091219290513835,0.08737641288730703,0.21510200786755024,0.14366806412404848,WAR1,0.12675440203648317,0.09539706485713863,0.2506847759471568,0.09719404704624919,0.05007292747109275,0.08405692385159422,0.20693013707220123,0.088909721718084,ACQ2
485,USA,IRN,Nego,5.39,1.65,1,1,0.13128233631304825,0.1389342590195228,0.156746820130793,0.04408775990212363,0.08181870631238275,0.0871955883062654,0.21465685649123975,0.1452776735246241,WAR1,0.12675440203648317,0.09539706485713863,0.2506847759471568,0.09719404704624919,0.05007292747109275,0.08405692385159422,0.20693013707220123,0.088909721718084,ACQ2
485,USA,IRN,Nego,5.39,1.66,1,1,0.1317911689649499,0.14008372893339177,0.15291612878556435,0.04436026808630883,0.08273037508105749,0.08701344200846536,0.21420845133145172,0.14689643680881068,WAR1,0.12675440203648317,0.09539706485713863,0.2506847759471568,0.09719404704624919,0.05007292747109275,0.08405692385159422,0.20693013707220123,0.088909721718084,ACQ2
485,USA,IRN,Nego,5.39,1.67,1,1,0.13226110791751253,0.14120950672265853,0.1491197314171812,0.044651939134607854,0.08364667155075951,0.08683022236711511,0.21375740382981034,0.1485234170603548,WAR1,0.12675440203648317,0.09539706485713863,0.2506847759471568,0.09719404704624919,0.05007292747109275,0.08405692385159422,0.20693013707220123,0.088909721718084,ACQ2
485,USA,IRN,Nego,5.39,1.68,1,1,0.132690787607933,0.14230982750219945,0.1453603625578767,0.04496380477387885,0.08456705029586223,0.08664618303012753,0.213304338413132,0.1501576458189901,WAR1,0.12675440203648317,0.09539706485713863,0.2506847759471568,0.09719404704624919,0.05007292747109275,0.08405692385159422,0.20693013707220123,0.088909721718084,ACQ2
485,USA,IRN,Nego,5.39,1.69,1,1,0.1330789130753893,0.1433829269509019,0.14164069563253975,0.04529692081642538,0.08549094882292835,0.08646158146696911,0.21284988891607973,0.15179812431876666,WAR1,0.12675440203648317,0.09539706485713863,0.2506847759471568,0.09719404704624919,0.05007292747109275,0.08405692385159422,0.20693013707220123,0.088909721718084,ACQ2
485,USA,IRN,Nego,5.39,1.7,1,1,0.13342426752621017,0.14442704673657075,0.1379633352481735,0.045652364989788946,0.08641778835148449,0.08627667744446163,0.212394694828913,0.15344382487439756,WAR1,0.12675440203648317,0.09539706485713863,0.2506847759471568,0.09719404704624919,0.05007292747109275,0.08405692385159422,0.20693013707220123,0.088909721718084,ACQ2
485,USA,IRN,Nego,5.39,1.71,1,1,0.13372571973783265,0.1454404400777616,0.13433080967428618,0.04603123458092116,0.08734697467764278,0.08609173144163947,0.21193939739520593,0.15509369241471024,WAR1,0.12675440203648317,0.09539706485713863,0.2506847759471568,0.09719404704624919,0.05007292747109275,0.08405692385159422,0.20693013707220123,0.088909721718084,ACQ2
485,USA,IRN,Nego,5.39,1.72,1,1,0.13398223123697225,0.1464213774129599,0.13074556356735614,0.04643464390010984,0.08827789911972891,0.08590700301463078,0.2114846355865352,0.15674664616170692,WAR1,0.12675440203648317,0.09539706485713863,0.2506847759471568,0.09719404704624919,0.05007292747109275,0.08405692385159422,0.20693013707220123,0.088909721718084,ACQ2
485,USA,IRN,Nego,5.39,1.73,1,1,0.13419286318724857,0.14736815214660404,0.12720995099076826,0.04686372157119656,0.08920993954477878,0.08572274912325747,0.2110310419829284,0.15840158145321803,WAR1,0.12675440203648317,0.09539706485713863,0.2506847759471568,0.09719404704624919,0.05007292747109275,0.08405692385159422,0.20693013707220123,0.088909721718084,ACQ2
485,USA,IRN,Nego,5.39,1.74,1,1,0.13435678292215023,0.14827908644089935,0.1237262287791845,0.04731960765574372,0.0901424614744825,0.08553922243162952,0.2105792385892897,0.16005737170662063,WAR1,0.12675440203648317,0.09539706485713863,0.2506847759471568,0.09719404704624919,0.05007292747109275,0.08405692385159422,0.20693013707220123,0.088909721718084,ACQ2
485,USA,IRN,Nego,5.39,1.75,1,1,0.13447327006070292,0.1491525370221918,0.12029655029322418,0.04780345061988298,0.09107481926888926,0.08535666959542548,0.21012983261905316,0.16171287052063035,WAR1,0.12675440203648317,0.09539706485713863,0.2506847759471568,0.09719404704624919,0.05007292747109275,0.08405692385159422,0.20693013707220123,0.088909721718084,ACQ2
485,USA,IRN,Nego,5.39,1.76,1,1,0.13454172214550594,0.14998690097084036,0.1169229596066537,0.04831640415361779,0.09200635738592856,0.08517532954880712,0.20968341227693277,0.16336691391171365,WAR1,0.12675440203648317,0.09539706485713863,0.2506847759471568,0.09719404704624919,0.05007292747109275,0.08405692385159422,0.20693013707220123,0.088909721718084,ACQ2
485,USA,IRN,Nego,5.39,1.77,1,1,0.1345616597458981,0.15078062146399424,0.11360738616410984,0.048859623853369956,0.09293641171454795,0.08499543180400387,0.2092405425728636,0.16501832268121266,WAR1,0.12675440203648317,0.09539706485713863,0.2506847759471568,0.09719404704624919,0.05007292747109275,0.08405692385159422,0.20693013707220123,0.088909721718084,ACQ2
485,USA,IRN,Nego,5.39,1.78,1,1,0.13453273097286897,0.15153219344141242,0.11035163994278795,0.049434263779567236,0.09386431097899765,0.08481719477652722,0.2088017611990387,0.16666590490879987,WAR1,0.12675440203648317,0.09539706485713863,0.2506847759471568,0.09719404704624919,0.05007292747109275,0.08405692385159422,0.20693013707220123,0.088909721718084,ACQ2
485,USA,IRN,Nego,5.39,1.79,1,1,0.13445471535686904,0.152240169165394,0.1071574071466308,0.05004147290208737,0.09478937821150724,0.0846408241487499,0.2083675745013921,0.16830845856736973,WAR1,0.12675440203648317,0.09539706485713863,0.2506847759471568,0.09719404704624919,0.05007292747109275,0.08405692385159422,0.20693013707220123,0.088909721718084,ACQ2
485,USA,IRN,Nego,5.39,1.8,1,1,0.1343275270448412,0.15290316364693501,0.10402624645645686,0.05068239144741826,0.0957109322902729,0.08446651128421477,0.20793845357596552,0.1699447742538956,WAR1,0.12675440203648317,0.09539706485713863,0.2506847759471568,0.09719404704624919,0.05007292747109275,0.08405692385159422,0.20693013707220123,0.088909721718084,ACQ2
485,USA,IRN,Nego,5.39,1.81,1,1,0.13415121727849605,0.153519859911356,0.10095958585429197,0.05135814716248254,0.09662828953930581,0.0842944317045464,0.20751483051939287,0.17157363803012807,WAR1,0.12675440203648317,0.09539706485713863,0.2506847759471568,0.09719404704624919,0.05007292747109275,0.08405692385159422,0.20693013707220123,0.088909721718084,ACQ2
485,USA,IRN,Nego,5.39,1.82,1,1,0.13392597612201182,0.15408901407774928,0.09795872003500973,0.05206985151122141,0.09754076538626501,0.08412474364023989,0.20709709486125183,0.17319383436625108,WAR1,0.12675440203648317,0.09539706485713863,0.2506847759471568,0.09719404704624919,0.05007292747109275,0.08405692385159422,0.20693013707220123,0.088909721718084,ACQ2
485,USA,IRN,Nego,5.39,1.83,1,1,0.13365213341385418,0.15460946022763625,0.09502480841336741,0.052818595821241154,0.09844767607389994,0.08395758666591728,0.20668559020435737,0.17480414917972648,WAR1,0.12675440203648317,0.09539706485713863,0.2506847759471568,0.09719404704624919,0.05007292747109275,0.08405692385159422,0.20693013707220123,0.088909721718084,ACQ2
485,USA,IRN,Nego,5.39,1.84,1,1,0.13333015892419953,0.15508011503914265,0.09215887372971103,0.053605447399104805,0.09934834042016061,0.08379308042989572,0.20628061109723145,0.17640337296055422,WAR1,0.12675440203648317,0.09539706485713863,0.2506847759471568,0.09719404704624919,0.05007292747109275,0.08405692385159422,0.20693013707220123,0.088909721718084,ACQ2
485,USA,IRN,Nego,5.39,1.85,1,1,0.1329606617064173,0.15549998216374605,0.0893618012531132,0.05443144563417794,0.10024208162138348,0.08363132348711755,0.20588240016102624,0.1779903039730178,WAR1,0.12675440203648317,0.09539706485713863,0.2506847759471568,0.09719404704624919,0.05007292747109275,0.08405692385159422,0.20693013707220123,0.088909721718084,ACQ2
485,USA,IRN,Nego,5.39,1.86,1,1,0.1325443886381365,0.1558681563232208,0.08663433857653899,0.05529759811230503,0.10112822909224078,0.08347239224367681,0.20549114549117525,0.17956375152270593,WAR1,0.12675440203648317,0.09539706485713863,0.2506847759471568,0.09719404704624919,0.05007292747109275,0.08405692385159422,0.20693013707220123,0.088909721718084,ACQ2
485,USA,IRN,Nego,5.39,1.87,1,1,0.13208222215452878,0.15618382710477674,0.08397709599485677,0.056204876761954875,0.10200612033534548,0.08331634002034669,0.20510697835199782,0.18112253927619293,WAR1,0.12675440203648317,0.09539706485713863,0.2506847759471568,0.09719404704624919,0.05007292747109275,0.08405692385159422,0.20693013707220123,0.088909721718084,ACQ2
485,USA,IRN,Nego,5.39,1.88,1,1,0.1315751771835049,0.15644628243260542,0.08139054745312706,0.057154214056796215,0.10287510283256333,0.083163196241687,0.20472997118045594,0.18266550861926018,WAR1,0.12675440203648317,0.09539706485713863,0.2506847759471568,0.09719404704624919,0.05007292747109275,0.08405692385159422,0.20693013707220123,0.088909721718084,ACQ2
485,USA,IRN,Nego,5.39,1.89,1,1,0.13102439729949994,0.1566549116941314,0.07887503204960879,0.05814649929987696,0.1037345359491932,0.0830129657564884,0.2043601359132332,0.1841915220379679,WAR1,0.12675440203648317,0.09539706485713863,0.2506847759471568,0.09719404704624919,0.05007292747109275,0.08405692385159422,0.20693013707220123,0.088909721718084,ACQ2
485,USA,IRN,Nego,5.39,1.9,1,1,0.13043115011936202,0.15680920849930413,0.0764307560752984,0.05918257501563233,0.10458379284128576,0.0828656282945009,0.20399742264931736,0.1856994665052992,WAR1,0.12675440203648317,0.09539706485713863,0.2506847759471568,0.09719404704624919,0.05007292747109275,0.08405692385159422,0.20693013707220123,0.088909721718084,ACQ2
485,USA,IRN,Nego,5.39,1.91,1,1,0.12979682197051867,0.15690877305132475,0.07405779556950601,0.060263233476742575,0.10542226235549046,0.08272113806359195,0.2036417186582889,0.18718825685453683,WAR1,0.12675440203648317,0.09539706485713863,0.2506847759471568,0.09719404704624919,0.05007292747109275,0.08405692385159422,0.20693013707220123,0.088909721718084,ACQ2
485,USA,IRN,Nego,5.39,1.92,1,1,0.12912291186804425,0.15695331410739405,0.07175609936893779,0.061389213393343446,0.10624935090999407,0.0825794234906754,0.20329284774254464,0.18865683911906647,WAR1,0.12675440203648317,0.09539706485713863,0.2506847759471568,0.09719404704624919,0.05007292747109275,0.08405692385159422,0.20693013707220123,0.088909721718084,ACQ2
485,USA,IRN,Nego,5.39,1.93,1,1,0.12841102484344294,0.15694265050849587,0.06952549262591592,0.0625611967921624,0.10706448434437348,0.08244038710894212,0.20295056995968302,0.19010419381698412,WAR1,0.12675440203648317,0.09539706485713863,0.2506847759471568,0.09719404704624919,0.05007292747109275,0.08405692385159422,0.20693013707220123,0.088909721718084,ACQ2
485,USA,IRN,Nego,5.39,1.94,1,1,0.12766286467387258,0.1568767122580086,0.06736568076967502,0.06377980611275402,0.10786710972557245,0.0823039055930893,0.2026145817092314,0.19152933915779669,WAR1,0.12675440203648317,0.09539706485713863,0.2506847759471568,0.09719404704624919,0.05007292747109275,0.08405692385159422,0.20693013707220123,0.088909721718084,ACQ2
485,USA,IRN,Nego,5.39,1.95,1,1,0.12688022606611038,0.15675554113016907,0.06527625388305999,0.06504560154706397,0.1086566970967587,0.0821698299433789,0.20228451618575832,0.19293133414770042,WAR1,0.12675440203648317,0.09539706485713863,0.2506847759471568,0.09719404704624919,0.05007292747109275,0.08405692385159422,0.20693013707220123,0.088909721718084,ACQ2
485,USA,IRN,Nego,5.39,1.96,1,1,0.1260649863547628,0.15657929079119778,0.06325669146536955,0.0663590786470251,0.10943274115556251,0.08203798581844322,0.20195994419816965,0.19430928156946947,WAR1,0.12675440203648317,0.09539706485713863,0.2506847759471568,0.09719404704624919,0.05007292747109275,0.08405692385159422,0.20693013707220123,0.088909721718084,ACQ2
485,USA,IRN,Nego,5.39,1.97,1,1,0.12521909677898552,0.15634822641829907,0.061306367550497905,0.0677206662227385,0.11019476284816676,0.0819081740157854,0.2016403753525977,0.19566233081292933,WAR1,0.12675440203648317,0.09539706485713863,0.2506847759471568,0.09719404704624919,0.05007292747109275,0.08405692385159422,0.20693013707220123,0.088909721718084,ACQ2
485,USA,IRN,Nego,5.39,1.98,1,1,0.12434457340624347,0.1560627238048297,0.05942455614791269,0.06913072455103086,0.11094231086593857,0.08178017109789557,0.20132525959376568,0.19698968053238342,WAR1,0.12675440203648317,0.09539706485713863,0.2506847759471568,0.09719404704624919,0.05007292747109275,0.08405692385159422,0.20693013707220123,0.088909721718084,ACQ2
485,USA,IRN,Nego,5.39,1.99,1,1,0.1234434877753262,0.15572326794368857,0.05761043697236051,0.07058954391081432,0.11167496303177327,0.08165373016081048,0.20101398909701582,0.19829058110821096,WAR1,0.12675440203648317,0.09539706485713863,0.2506847759471568,0.09719404704624919,0.05007292747109275,0.08405692385159422,0.20693013707220123,0.088909721718084,ACQ2
485,USA,IRN,Nego,5.4,1.5,1,1,0.11992069271721795,0.12086346446924733,0.21303930225968148,0.042146683307656065,0.06971478561885791,0.08970202039964344,0.220827155294472,0.12378589593322369,WAR1,0.12675440203648317,0.09539706485713863,0.2506847759471568,0.09719404704624919,0.05007292747109275,0.08405692385159422,0.20693013707220123,0.088909721718084,ACQ2
485,USA,IRN,Nego,5.4,1.51,1,1,0.12081545732892948,0.12217546591966083,0.20901760120475021,0.04224555809957473,0.07051625234967311,0.08955513246291834,0.22046554866544,0.1252089839690534,WAR1,0.12675440203648317,0.09539706485713863,0.2506847759471568,0.09719404704624919,0.05007292747109275,0.08405692385159422,0.20693013707220123,0.088909721718084,ACQ2
485,USA,IRN,Nego,5.4,1.52,1,1,0.12169418254912585,0.12348631927825336,0.20498936635169934,0.042352442688568345,0.07132799361203478,0.08940454511962707,0.22009483489005116,0.12665031551063996,WAR1,0.12675440203648317,0.09539706485713863,0.2506847759471568,0.09719404704624919,0.05007292747109275,0.08405692385159422,0.20693013707220123,0.088909721718084,ACQ2
485,USA,IRN,Nego,5.4,1.53,1,1,0.12255526040818171,0.12479468192910351,0.20095741390149885,0.04246791129226578,0.07214973687036272,0.0892503498306484,0.21971523912539312,0.12810940664254605,WAR1,0.12675440203648317,0.09539706485713863,0.2506847759471568,0.09719404704624919,0.05007292747109275,0.08405692385159422,0.20693013707220123,0.088909721718084,ACQ2
485,USA,IRN,Nego,5.4,1.54,1,1,0.12339705918343412,0.12609916063156612,0.1969246008101671,0.042592573397505086,0.07298118958653313,0.08909265361896053,0.21932702483910835,0.12958573793272543,WAR1,0.12675440203648317,0.09539706485713863,0.2506847759471568,0.09719404704624919,0.05007292747109275,0.08405692385159422,0.20693013707220123,0.088909721718084,ACQ2
485,USA,IRN,Nego,5.4,1.55,1,1,0.12421792803178225,0.12739831312139946,0.19289381935438413,0.04272707407371396,0.07382203894917132,0.08893157896526147,0.21893049355243346,0.13107875395185373,WAR1,0.12675440203648317,0.09539706485713863,0.2506847759471568,0.09719404704624919,0.05007292747109275,0.08405692385159422,0.20693013707220123,0.088909721718084,ACQ2
485,USA,IRN,Nego,5.4,1.56,1,1,0.1250162020293085,0.12869065002918703,0.18886799129961424,0.04287209414687389,0.07467195166237517,0.08876726360180032,0.2185259843326563,0.13258786289818475,WAR1,0.12675440203648317,0.09539706485713863,0.2506847759471568,0.09719404704624919,0.05007292747109275,0.08405692385159422,0.20693013707220123,0.088909721718084,ACQ2
485,USA,IRN,Nego,5.4,1.57,1,1,0.12579020760895257,0.1299746371225677,0.1848500616874358,0.04302835022386854,0.07553057379798017,0.08859986019995769,0.21811387302400526,0.13411243633523218,WAR1,0.12675440203648317,0.09539706485713863,0.2506847759471568,0.09719404704624919,0.05007292747109275,0.08405692385159422,0.20693013707220123,0.088909721718084,ACQ2
485,USA,IRN,Nego,5.4,1.58,1,1,0.12653826838252846,0.13124869787626728,0.1808429922633018,0.04319659455760526,0.07639753071526022,0.08842953594790638,0.2176945712079416,0.13565180904918894,WAR1,0.12675440203648317,0.09539706485713863,0.2506847759471568,0.09719404704624919,0.05007292747109275,0.08405692385159422,0.20693013707220123,0.088909721718084,ACQ2
485,USA,IRN,Nego,5.4,1.59,1,1,0.12725871132842198,0.13251121637119317,0.17684975457051627,0.0433776147440202,0.07727242705169082,0.08825647201558712,0.21726852488604312,0.1372052790325272,WAR1,0.12675440203648317,0.09539706485713863,0.2506847759471568,0.09719404704624919,0.05007292747109275,0.08405692385159422,0.20693013707220123,0.088909721718084,ACQ2
485,USA,IRN,Nego,5.4,1.6,1,1,0.12794987332118093,0.13376054052094746,0.17287332274077105,0.04357223324292954,0.0781548467881019,0.08808086290523812,0.2168362128811475,0.13877210759968356,WAR1,0.12675440203648317,0.09539706485713863,0.2506847759471568,0.09719404704624919,0.05007292747109275,0.08405692385159422,0.20693013707220123,0.088909721718084,ACQ2
485,USA,IRN,Nego,5.4,1.61,1,1,0.12861010797400707,0.1349949856210697,0.16891666601601846,0.04378130671566252,0.07904435339120272,0.08790291568680847,0.2163981449551041,0.14035151964012696,WAR1,0.12675440203648317,0.09539706485713863,0.2506847759471568,0.09719404704624919,0.05007292747109275,0.08405692385159422,0.20693013707220123,0.088909721718084,ACQ2
485,USA,IRN,Nego,5.4,1.62,1,1,0.12923779275993294,0.13621283821317853,0.16498274104071714,0.044005725173497046,0.07994049003608944,0.08772284911876145,0.21595485964437958,0.14194270401344425,WAR1,0.12675440203648317,0.09539706485713863,0.2506847759471568,0.09719404704624919,0.05007292747109275,0.08405692385159422,0.20693013707220123,0.088909721718084,ACQ2
485,USA,IRN,Nego,5.4,1.63,1,1,0.1298313363723351,0.137412360253001,0.16107448396746318,0.04424641093210206,0.08084277991094352,0.08754089265600204,0.21550692181778897,0.14354481409036424,WAR1,0.12675440203648317,0.09539706485713863,0.2506847759471568,0.09719404704624919,0.05007292747109275,0.08405692385159422,0.20693013707220123,0.088909721718084,ACQ2
485,USA,IRN,Nego,5.4,1.64,1,1,0.13038918628045926,0.1385917935681121,0.15719480242264214,0.04450431736845785,0.08175072660571046,0.08735728534794558,0.21505491996377568,0.14515696844289702,WAR1,0.12675440203648317,0.09539706485713863,0.2506847759471568,0.09719404704624919,0.05007292747109275,0.08405692385159422,0.20693013707220123,0.088909721718084,ACQ2
485,USA,IRN,Nego,5.4,1.65,1,1,0.1309098364309391,0.13974936458810316,0.15334656738190766,0.04478042747805458,0.0826638145861095,0.08717227463103919,0.21459946321785822,0.14677825168598835,WAR1,0.12675440203648317,0.09539706485713863,0.2506847759471568,0.09719404704624919,0.05007292747109275,0.08405692385159422,0.20693013707220123,0.088909721718084,ACQ2
485,USA,IRN,Nego,5.4,1.66,1,1,0.13139183504195442,0.14088328932693372,0.14953260500794294,0.04507575223155082,0.08358150975388856,0.08698611502135166,0.2141411781440676,0.14840771547231016,WAR1,0.12675440203648317,0.09539706485713863,0.2506847759471568,0.09719404704624919,0.05007292747109275,0.08405692385159422,0.20693013707220123,0.088909721718084,ACQ2
485,USA,IRN,Nego,5.4,1.67,1,1,0.13183379243280338,0.14199177859443643,0.14575568850500717,0.04539132873147567,0.08450326009379361,0.08679906671412324,0.21368070528733735,0.1500443796410233,WAR1,0.12675440203648317,0.09539706485713863,0.2506847759471568,0.09719404704624919,0.05007292747109275,0.08405692385159422,0.20693013707220123,0.088909721718084,ACQ2
485,USA,IRN,Nego,5.4,1.68,1,1,0.13223438882834704,0.1430730434114061,0.14201853004616424,0.045728218170973944,0.0854284964072911,0.08661139409839631,0.21321869551684372,0.15168723352057756,WAR1,0.12675440203648317,0.09539706485713863,0.2506847759471568,0.09719404704624919,0.05007292747109275,0.08405692385159422,0.20693013707220123,0.088909721718084,ACQ2
485,USA,IRN,Nego,5.4,1.69,1,1,0.13259238207510857,0.14412530060045733,0.13832377282976333,0.04608750359799653,0.0863566331326619,0.08642336419600506,0.21275580618313228,0.15333523738487512,WAR1,0.12675440203648317,0.09539706485713863,0.2506847759471568,0.09719404704624919,0.05007292747109275,0.08405692385159422,0.20693013707220123,0.088909721718084,ACQ2
485,USA,IRN,Nego,5.4,1.7,1,1,0.1329066152038442,0.14514677852292135,0.13467398332168484,0.04647028748971516,0.08728706925068094,0.08623524503526482,0.21229269711448967,0.15498732406139878,WAR1,0.12675440203648317,0.09539706485713863,0.2506847759471568,0.09719404704624919,0.05007292747109275,0.08405692385159422,0.20693013707220123,0.088909721718084,ACQ2
485,USA,IRN,Nego,5.4,1.71,1,1,0.1331760237722197,0.1461357229305099,0.13107164373903554,0.04687768914328219,0.08821918927471892,0.08604730397064779,0.21183002648034463,0.15664240068924154,WAR1,0.12675440203648317,0.09539706485713863,0.2506847759471568,0.09719404704624919,0.05007292747109275,0.08405692385159422,0.20693013707220123,0.088909721718084,ACQ2
485,USA,IRN,Nego,5.4,1.72,1,1,0.13339964292086454,0.14709040289931852,0.12751914482939708,0.04731084189034453,0.08915236432374085,0.08585980596053754,0.2113684465514694,0.1582993506243277,WAR1,0.12675440203648317,0.09539706485713863,0.2506847759471568,0.09719404704624919,0.05007292747109275,0.08405692385159422,0.20693013707220123,0.088909721718084,ACQ2
485,USA,IRN,Nego,5.4,1.73,1,1,0.13357661407657168,0.1480091168129861,0.12401877899741559,0.047770890143960576,0.09008595327634386,0.08567301181581666,0.21090859938837775,0.1599570354885276,WAR1,0.12675440203648317,0.09539706485713863,0.2506847759471568,0.09719404704624919,0.05007292747109275,0.08405692385159422,0.20693013707220123,0.088909721718084,ACQ2
485,USA,IRN,Nego,5.4,1.74,1,1,0.13370619123777774,0.14889019836146794,0.12057273382749917,0.04825898628775112,0.09101930400365607,0.0854871764325299,0.21045111249051923,0.16161429735879884,WAR1,0.12675440203648317,0.09539706485713863,0.2506847759471568,0.09719404704624919,0.05007292747109275,0.08405692385159422,0.20693013707220123,0.088909721718084,ACQ2
485,USA,IRN,Nego,5.4,1.75,1,1,0.1337877467796858,0.14973202252189094,0.11718308604774831,0.04877628741824899,0.09195175467861741,0.08530254702218852,0.20999659443966895,0.16326996109195108,WAR1,0.12675440203648317,0.09539706485713863,0.2506847759471568,0.09719404704624919,0.05007292747109275,0.08405692385159422,0.20693013707220123,0.088909721718084,ACQ2
485,USA,IRN,Nego,5.4,1.76,1,1,0.13382077671947057,0.15053301148832296,0.11385179597602957,0.04932395195250258,0.09288263515886849,0.0851193613534289,0.2095456305712668,0.1649228367801101,WAR1,0.12675440203648317,0.09539706485713863,0.2506847759471568,0.09719404704624919,0.05007292747109275,0.08405692385159422,0.20693013707220123,0.088909721718084,ACQ2
485,USA,IRN,Nego,5.4,1.77,1,1,0.13380490538587123,0.1512916405179452,0.11058070248443112,0.04990313611404883,0.09381126844017293,0.08493784601871023,0.20909877870739957,0.16657172233142115,WAR1,0.12675440203648317,0.09539706485713863,0.2506847759471568,0.09719404704624919,0.05007292747109275,0.08405692385159422,0.20693013707220123,0.088909721718084,ACQ2
485,USA,IRN,Nego,5.4,1.78,1,1,0.13373988944209966,0.152006443662019,0.10737151851329697,0.05051499031141288,0.09473697217699242,0.08475821473954645,0.20865656498464363,0.16821540616998895,WAR1,0.12675440203648317,0.09539706485713863,0.2506847759471568,0.09719404704624919,0.05007292747109275,0.08405692385159422,0.20693013707220123,0.088909721718084,ACQ2
485,USA,IRN,Nego,5.4,1.79,1,1,0.13362562121627558,0.15267601935112937,0.1042258271607502,0.05116065542433485,0.09565906026649626,0.08458066672342028,0.20821947980914104,0.1698526700484525,WAR1,0.12675440203648317,0.09539706485713863,0.2506847759471568,0.09719404704624919,0.05007292747109275,0.08405692385159422,0.20693013707220123,0.088909721718084,ACQ2
485,USA,IRN,Nego,5.4,1.8,1,1,0.1334621312994793,0.15329903580538728,0.10114507836818239,0.05184125901397479,0.09657684449192104,0.08440538508504083,0.20778797397007243,0.17148229196594222,WAR1,0.12675440203648317,0.09539706485713863,0.2506847759471568,0.09719404704624919,0.05007292747109275,0.08405692385159422,0.20693013707220123,0.088909721718084,ACQ2
485,USA,IRN,Nego,5.4,1.81,1,1,0.13324959037789388,0.15387423624152452,0.09813058621673595,0.05255791147442785,0.09748963622077972,0.08423253534400003,0.20736245494121053,0.17310304918342753,WAR1,0.12675440203648317,0.09539706485713863,0.2506847759471568,0.09719404704624919,0.05007292747109275,0.08405692385159422,0.20693013707220123,0.088909721718084,ACQ2
485,USA,IRN,Nego,5.4,1.82,1,1,0.13298831027229227,0.15440044385005636,0.09518352684443471,0.053311702143987894,0.09839674815295012,0.08406226401017226,0.20694328339847531,0.1747137213276313,WAR1,0.12675440203648317,0.09539706485713863,0.2506847759471568,0.09719404704624919,0.05007292747109275,0.08405692385159422,0.20693013707220123,0.088909721718084,ACQ2
485,USA,IRN,Nego,5.4,1.83,1,1,0.13267874416521575,0.15487656651684942,0.09230493698842543,0.05410369539573809,0.09929749611314084,0.08389469726741115,0.20653076997947933,0.17631309357374017,WAR1,0.12675440203648317,0.09539706485713863,0.2506847759471568,0.09719404704624919,0.05007292747109275,0.08405692385159422,0.20693013707220123,0.088909721718084,ACQ2
485,USA,IRN,Nego,5.4,1.84,1,1,0.1323214860035078,0.15530160126449521,0.08949571315186468,0.05493492672821125,0.1001912008816378,0.08372993976524837,0.20612517230894817,0.1778999598960869,WAR1,0.12675440203648317,0.09539706485713863,0.2506847759471568,0.09719404704624919,0.05007292747109275,0.08405692385159422,0.20693013707220123,0.088909721718084,ACQ2
485,USA,IRN,Nego,5.4,1.85,1,1,0.13191726907129855,0.15567463838980142,0.08675661139038211,0.05580639887802688,0.10107719005657297,0.08356807352740508,0.20572669231170945,0.17947312637480334,WAR1,0.12675440203648317,0.09539706485713863,0.2506847759471568,0.09719404704624919,0.05007292747109275,0.08405692385159422,0.20693013707220123,0.088909721718084,ACQ2
485,USA,IRN,Nego,5.4,1.86,1,1,0.13146696373602124,0.15599486527448939,0.08408824770881762,0.0567190779775555,0.10195479994024308,0.083409156985011,0.20533547383268563,0.18103141454517635,WAR1,0.12675440203648317,0.09539706485713863,0.2506847759471568,0.09719404704624919,0.05007292747109275,0.08405692385159422,0.20693013707220123,0.088909721718084,ACQ2
485,USA,IRN,Nego,5.4,1.87,1,1,0.1309715743774878,0.15626156984682096,0.08149109905509674,0.05767388978173455,0.10282337744124048,0.08325322414149812,0.20495160058104073,0.1825736647750805,WAR1,0.12675440203648317,0.09539706485713863,0.2506847759471568,0.09719404704624919,0.05007292747109275,0.08405692385159422,0.20693013707220123,0.088909721718084,ACQ2
485,USA,IRN,Nego,5.4,1.88,1,1,0.13043223551741348,0.15647414367242168,0.07896550489467088,0.05867171598911863,0.10368228198337087,0.08310028387520392,0.20457509441333954,0.1840987396544611,WAR1,0.12675440203648317,0.09539706485713863,0.2506847759471568,0.09719404704624919,0.05007292747109275,0.08405692385159422,0.20693013707220123,0.088909721718084,ACQ2
485,USA,IRN,Nego,5.4,1.89,1,1,0.12985020717397197,0.1566320846530595,0.07651166934589584,0.05971339068302485,0.10453088741153478,0.08295031938479294,0.2042059139682937,0.18560552737942615,WAR1,0.12675440203648317,0.09539706485713863,0.2506847759471568,0.09719404704624919,0.05007292747109275,0.08405692385159422,0.20693013707220123,0.088909721718084,ACQ2
485,USA,IRN,Nego,5.4,1.9,1,1,0.12922686947296294,0.15673499931267101,0.07412966385402273,0.06079969691917025,0.10536858388397455,0.08280328778167821,0.20384395366339142,0.18709294511212893,WAR1,0.12675440203648317,0.09539706485713863,0.2506847759471568,0.09719404704624919,0.05007292747109275,0.08405692385159422,0.20693013707220123,0.088909721718084,ACQ2
485,USA,IRN,Nego,5.4,1.91,1,1,0.12856371655390963,0.15678260465056526,0.0718194303790795,0.06193136348641125,0.10619477973956568,0.08265911983270093,0.20348904306142895,0.18855994229633888,WAR1,0.12675440203648317,0.09539706485713863,0.2506847759471568,0.09719404704624919,0.05007292747109275,0.08405692385159422,0.20693013707220123,0.088909721718084,ACQ2
485,USA,IRN,Nego,5.4,1.92,1,1,0.1278623498158529,0.15677472954259825,0.0695807850707819,0.06310906186703097,0.1070089033281986,0.08251771985539245,0.20314094661266863,0.19000550390747628,WAR1,0.12675440203648317,0.09539706485713863,0.2506847759471568,0.09719404704624919,0.05007292747109275,0.08405692385159422,0.20693013707220123,0.088909721718084,ACQ2
485,USA,IRN,Nego,5.4,1.93,1,1,0.12712447055370585,0.15671131567227992,0.06741342240167089,0.06433340342239252,0.10781040479177831,0.08237896576719622,0.20279936377601304,0.19142865361496342,WAR1,0.12675440203648317,0.09539706485713863,0.2506847759471568,0.09719404704624919,0.05007292747109275,0.08405692385159422,0.20693013707220123,0.088909721718084,ACQ2
485,USA,IRN,Nego,5.4,1.94,1,1,0.12635187204174742,0.1565924179753566,0.06531691972787265,0.06560493682865143,0.10859875778301327,0.08224270928905426,0.20246392952019057,0.19282845683411381,WAR1,0.12675440203648317,0.09539706485713863,0.2506847759471568,0.09719404704624919,0.05007292747109275,0.08405692385159422,0.20693013707220123,0.088909721718084,ACQ2
485,USA,IRN,Nego,5.4,1.95,1,1,0.1255464311261042,0.1564182045834831,0.06329074224517978,0.06692414578553674,0.10937346110899293,0.08210877630275559,0.20213421520347108,0.19420402364447636,WAR1,0.12675440203648317,0.09539706485713863,0.2506847759471568,0.09719404704624919,0.05007292747109275,0.08405692385159422,0.20693013707220123,0.088909721718084,ACQ2
485,USA,IRN,Nego,5.4,1.96,1,1,0.12471009939284212,0.1561889562552278,0.06133424830650939,0.06829144701896143,0.11013404028659422,0.0819769673603961,0.20180972982784692,0.19555451155162212,WAR1,0.12675440203648317,0.09539706485713863,0.2506847759471568,0.09719404704624919,0.05007292747109275,0.08405692385159422,0.20693013707220123,0.088909721718084,ACQ2
485,USA,IRN,Nego,5.4,1.97,1,1,0.12384489398249102,0.15590506528588002,0.05944669506519948,0.06970718859539542,0.11088004899703695,0.08184705834320777,0.20148992166092944,0.19687912806985983,WAR1,0.12675440203648317,0.09539706485713863,0.2506847759471568,0.09719404704624919,0.05007292747109275,0.08405692385159422,0.20693013707220123,0.088909721718084,ACQ2
485,USA,IRN,Nego,5.4,1.98,1,1,0.12295288812540217,0.15556703389136645,0.057627244407045315,0.07117164856256203,0.11161107042743437,0.0817188012658786,0.20117418021601222,0.19817713310429916,WAR1,0.12675440203648317,0.09539706485713863,0.2506847759471568,0.09719404704624919,0.05007292747109275,0.08405692385159422,0.20693013707220123,0.088909721718084,ACQ2
485,USA,IRN,Nego,5.4,1.99,1,1,0.12203620147518991,0.15517547206600352,0.055874969132473466,0.07268503392714114,0.11232671848796164,0.08159192522130966,0.2008618385778602,0.1994478411120604,WAR1,0.12675440203648317,0.09539706485713863,0.2506847759471568,0.09719404704624919,0.05007292747109275,0.08405692385159422,0.20693013707220123,0.088909721718084,ACQ2
485,USA,IRN,Nego,5.41,1.5,1,1,0.11980961831191649,0.12173601337195102,0.2096769977988369,0.04261807107123769,0.07042883026307124,0.08974463903409882,0.2209320732413297,0.1250537569075584,WAR1,0.12675440203648317,0.09539706485713863,0.2506847759471568,0.09719404704624919,0.05007292747109275,0.08405692385159422,0.20693013707220123,0.088909721718084,ACQ2
485,USA,IRN,Nego,5.41,1.51,1,1,0.12069512876993506,0.12305233041175653,0.20563488284190337,0.04272834289938311,0.07124172701495918,0.08959261796938661,0.2205578299509816,0.12649714014169455,WAR1,0.12675440203648317,0.09539706485713863,0.2506847759471568,0.09719404704624919,0.05007292747109275,0.08405692385159422,0.20693013707220123,0.088909721718084,ACQ2
485,USA,IRN,Nego,5.41,1.52,1,1,0.12156343801986357,0.12436643689476781,0.20158861197152866,0.04284719913551739,0.07206466969937679,0.0894368704272374,0.22017441287159265,0.1279583609801155,WAR1,0.12675440203648317,0.09539706485713863,0.2506847759471568,0.09719404704624919,0.05007292747109275,0.08405692385159422,0.20693013707220123,0.088909721718084,ACQ2
485,USA,IRN,Nego,5.41,1.53,1,1,0.12241290815453651,0.12567692974643735,0.19754106356668688,0.04297525082357757,0.07289736286814795,0.08927750375286374,0.21978208626407716,0.12943689482367268,WAR1,0.12675440203648317,0.09539706485713863,0.2506847759471568,0.09719404704624919,0.05007292747109275,0.08405692385159422,0.20693013707220123,0.088909721718084,ACQ2
485,USA,IRN,Nego,5.41,1.54,1,1,0.12324188060304886,0.12698235552876053,0.19349515324733768,0.043113144942992496,0.07373949047037923,0.08911464118954936,0.2193811535269945,0.1309321804909373,WAR1,0.12675440203648317,0.09539706485713863,0.2506847759471568,0.09719404704624919,0.05007292747109275,0.08405692385159422,0.20693013707220123,0.088909721718084,ACQ2
485,USA,IRN,Nego,5.41,1.55,1,1,0.12404868115458914,0.12828121235475642,0.18945382800382501,0.04326156458730465,0.07459071563858391,0.0889484216901054,0.21897195673239453,0.1324436198384408,WAR1,0.12675440203648317,0.09539706485713863,0.2506847759471568,0.09719404704624919,0.05007292747109275,0.08405692385159422,0.20693013707220123,0.088909721718084,ACQ2
485,USA,IRN,Nego,5.41,1.56,1,1,0.12483162539167339,0.12957195213771866,0.18542005992915137,0.04342122898924951,0.07545068054083753,0.08877899961948582,0.21855487589372072,0.13397057749816288,WAR1,0.12675440203648317,0.09539706485713863,0.2506847759471568,0.09719404704624919,0.05007292747109275,0.08405692385159422,0.20693013707220123,0.088909721718084,ACQ2
485,USA,IRN,Nego,5.41,1.57,1,1,0.12558902451987247,0.13085298318006364,0.1813968395747711,0.0435928933822618,0.07631900630307845,0.0886065443445335,0.21813032795585283,0.13551238073956617,WAR1,0.12675440203648317,0.09539706485713863,0.2506847759471568,0.09719404704624919,0.05007292747109275,0.08405692385159422,0.20693013707220123,0.088909721718084,ACQ2
485,USA,IRN,Nego,5.41,1.58,1,1,0.12631919157605698,0.1321226731037864,0.1773871689552915,0.043777348689128526,0.07719529300538595,0.08843123970774157,0.21769876549962022,0.137068319462989,WAR1,0.12675440203648317,0.09539706485713863,0.2506847759471568,0.09719404704624919,0.05007292747109275,0.08405692385159422,0.20693013707220123,0.088909721718084,ACQ2
485,USA,IRN,Nego,5.41,1.59,1,1,0.12702044799193782,0.13337935212152124,0.17339405423221568,0.04397542102939367,0.07807911975574788,0.08825328338293317,0.21726067515562336,0.13863764633062717,WAR1,0.12675440203648317,0.09539706485713863,0.2506847759471568,0.09719404704624919,0.05007292747109275,0.08405692385159422,0.20693013707220123,0.088909721718084,ACQ2
485,USA,IRN,Nego,5.41,1.6,1,1,0.1276911304843154,0.13462131664402813,0.16942049811152593,0.04418797103814157,0.07897004484446211,0.08807288611188152,0.2168165757249557,0.1402195770406894,WAR1,0.12675440203648317,0.09539706485713863,0.2506847759471568,0.09719404704624919,0.05007292747109275,0.08405692385159422,0.20693013707220123,0.088909721718084,ACQ2
485,USA,IRN,Nego,5.41,1.61,1,1,0.12832959823806098,0.1358468332166373,0.16546949199439392,0.044415892989929526,0.07986760598191223,0.08789027082209418,0.21636701600737787,0.14181329074959378,WAR1,0.12675440203648317,0.09539706485713863,0.2506847759471568,0.09719404704624919,0.05007292747109275,0.08405692385159422,0.20693013707220123,0.088909721718084,ACQ2
485,USA,IRN,Nego,5.41,1.62,1,1,0.1289342403425172,0.13705414277382627,0.16154400792454582,0.0446601137228957,0.0807713206220237,0.08770567162726031,0.21591257234063338,0.14341793064629757,WAR1,0.12675440203648317,0.09539706485713863,0.2506847759471568,0.09719404704624919,0.05007292747109275,0.08405692385159422,0.20693013707220123,0.088909721718084,ACQ2
485,USA,IRN,Nego,5.41,1.63,1,1,0.12950348343683235,0.13824146519774463,0.15764699037969274,0.04492159135941729,0.0816806863732429,0.08751933271318371,0.2154538458578532,0.14503260468203336,WAR1,0.12675440203648317,0.09539706485713863,0.2506847759471568,0.09719404704624919,0.05007292747109275,0.08405692385159422,0.20693013707220123,0.088909721718084,ACQ2
485,USA,IRN,Nego,5.41,1.64,1,1,0.1300357995148161,0.13940700416318996,0.15378134795788603,0.04520131382111915,0.08259518149840352,0.08733150711337732,0.21499145947333337,0.14665638645787454,WAR1,0.12675440203648317,0.09539706485713863,0.2506847759471568,0.09719404704624919,0.05007292747109275,0.08405692385159422,0.20693013707220123,0.088909721718084,ACQ2
485,USA,IRN,Nego,5.41,1.65,1,1,0.13052971383533699,0.14054895224833988,0.1499499450125866,0.04550029713751809,0.0835142655043534,0.0871424553798618,0.21452605461032434,0.148288316271679,WAR1,0.12675440203648317,0.09539706485713863,0.2506847759471568,0.09719404704624919,0.05007292747109275,0.08405692385159422,0.20693013707220123,0.088909721718084,ACQ2
485,USA,IRN,Nego,5.41,1.66,1,1,0.13098381288017485,0.14166549628752706,0.14615559329255276,0.04581958354910497,0.08443737982172045,0.08695244415605155,0.21405828768778357,0.14992740232508503,WAR1,0.12675440203648317,0.09539706485713863,0.2506847759471568,0.09719404704624919,0.05007292747109275,0.08405692385159422,0.20693013707220123,0.088909721718084,ACQ2
485,USA,IRN,Nego,5.41,1.67,1,1,0.13139675229768297,0.14275482293955188,0.1424010436443185,0.04616023940720372,0.08536394857470776,0.08676174465991995,0.21358882638625198,0.15157262209036307,WAR1,0.12675440203648317,0.09539706485713863,0.2506847759471568,0.09719404704624919,0.05007292747109275,0.08405692385159422,0.20693013707220123,0.088909721718084,ACQ2
485,USA,IRN,Nego,5.41,1.68,1,1,0.13176726476770415,0.14381512444253242,0.13868897783595455,0.046523352874476634,0.08629337944032896,0.08657063108686745,0.21311834571605842,0.15322292383607752,WAR1,0.12675440203648317,0.09539706485713863,0.2506847759471568,0.09719404704624919,0.05007292747109275,0.08405692385159422,0.20693013707220123,0.088909721718084,ACQ2
485,USA,IRN,Nego,5.41,1.69,1,1,0.13209416772099886,0.14484460452412312,0.13502200056097322,0.04691003143145102,0.08722506459603212,0.08637937894286182,0.21264752391386726,0.1548772283096927,WAR1,0.12675440203648317,0.09539706485713863,0.2506847759471568,0.09719404704624919,0.05007292747109275,0.08405692385159422,0.20693013707220123,0.088909721718084,ACQ2
485,USA,IRN,Nego,5.41,1.7,1,1,0.13237637084505427,0.14584148443415065,0.13140263168061703,0.04732139919591429,0.08815838175422154,0.08618826331944696,0.21217703819612094,0.15653443057447422,WAR1,0.12675440203648317,0.09539706485713863,0.2506847759471568,0.09719404704624919,0.05007292747109275,0.08405692385159422,0.20693013707220123,0.088909721718084,ACQ2
485,USA,IRN,Nego,5.41,1.71,1,1,0.13261288330759635,0.14680400906532726,0.12783329876134888,0.047758594063438284,0.08909269528176883,0.08599755712310789,0.21170756040011413,0.15819340199729803,WAR1,0.12675440203648317,0.09539706485713863,0.2506847759471568,0.09719404704624919,0.05007292747109275,0.08405692385159422,0.20693013707220123,0.088909721718084,ACQ2
485,USA,IRN,Nego,5.41,1.72,1,1,0.132802820629475,0.14773045312673522,0.12431632996217021,0.04822276467865172,0.0900273574022128,0.08580752927221492,0.2112397525452579,0.15985299238328216,WAR1,0.12675440203648317,0.09539706485713863,0.2506847759471568,0.09719404704624919,0.05007292747109275,0.08405692385159422,0.20693013707220123,0.088909721718084,ACQ2
485,USA,IRN,Nego,5.41,1.73,1,1,0.13294541113983835,0.14861912733422905,0.12085394732346212,0.04871506724817143,0.09096170947797845,0.08561844287533855,0.2107742623484814,0.16151203225250088,WAR1,0.12675440203648317,0.09539706485713863,0.2506847759471568,0.09719404704624919,0.05007292747109275,0.08405692385159422,0.20693013707220123,0.088909721718084,ACQ2
485,USA,IRN,Nego,5.41,1.74,1,1,0.13304000194866766,0.14946838458176784,0.11744826050541318,0.049236662207327385,0.0918950833695984,0.08543055340511724,0.21031171872868426,0.1631693352534241,WAR1,0.12675440203648317,0.09539706485713863,0.2506847759471568,0.09719404704624919,0.05007292747109275,0.08405692385159422,0.20693013707220123,0.088909721718084,ACQ2
485,USA,IRN,Nego,5.41,1.75,1,1,0.13308606437478587,0.1502766260579265,0.11410126101987551,0.04978871075398407,0.09282680286858101,0.08524410688206356,0.2098527273356582,0.16482370070712524,WAR1,0.12675440203648317,0.09539706485713863,0.2506847759471568,0.09719404704624919,0.05007292747109275,0.08405692385159422,0.20693013707220123,0.088909721718084,ACQ2
485,USA,IRN,Nego,5.41,1.76,1,1,0.133083198771339,0.1510423072724281,0.11081481699472409,0.050372371263870626,0.0937561852002446,0.08505933808272133,0.2093978661389523,0.16647391627572,WAR1,0.12675440203648317,0.09539706485713863,0.2506847759471568,0.09719404704624919,0.05007292747109275,0.08405692385159422,0.20693013707220123,0.088909721718084,ACQ2
485,USA,IRN,Nego,5.41,1.77,1,1,0.13303113869543826,0.15176394395841825,0.10759066850462315,0.050988795602902245,0.09468254259250276,0.08487646878642788,0.20894768111177814,0.1681187607479093,WAR1,0.12675440203648317,0.09539706485713863,0.2506847759471568,0.09719404704624919,0.05007292747109275,0.08405692385159422,0.20693013707220123,0.088909721718084,ACQ2
485,USA,IRN,Nego,5.41,1.78,1,1,0.13292975437405358,0.15244011781731612,0.1044304234966158,0.051639125353014965,0.09560518390624272,0.08469570607461563,0.20850268204425468,0.16975700693388646,WAR1,0.12675440203648317,0.09539706485713863,0.2506847759471568,0.09719404704624919,0.05007292747109275,0.08405692385159422,0.20693013707220123,0.088909721718084,ACQ2
485,USA,IRN,Nego,5.41,1.79,1,1,0.13277905542430152,0.15306948207436855,0.10133555433327418,0.05232448796905356,0.09652341632256989,0.08451724069610564,0.20806333851911077,0.1713874246612163,WAR1,0.12675440203648317,0.09539706485713863,0.2506847759471568,0.09719404704624919,0.05007292747109275,0.08405692385159422,0.20693013707220123,0.088909721718084,ACQ2
485,USA,IRN,Nego,5.41,1.8,1,1,0.1325791927928646,0.1536507668144195,0.09830739497039429,0.05304599288526592,0.09743654708179006,0.08434124551123211,0.20763007608145329,0.17300878386258037,WAR1,0.12675440203648317,0.09539706485713863,0.2506847759471568,0.09719404704624919,0.05007292747109275,0.08405692385159422,0.20693013707220123,0.088909721718084,ACQ2
485,USA,IRN,Nego,5.41,1.81,1,1,0.13233045988633166,0.15418278406885036,0.09534713878050388,0.05380472759096478,0.09834388526855789,0.08416787402690118,0.20720327263239594,0.1746198577454941,WAR1,0.12675440203648317,0.09539706485713863,0.2506847759471568,0.09719404704624919,0.05007292747109275,0.08405692385159422,0.20693013707220123,0.088909721718084,ACQ2
485,USA,IRN,Nego,5.41,1.82,1,1,0.1320332928716414,0.15466443262606083,0.09245583702786915,0.05460175369592545,0.09924474363712701,0.08399725903385362,0.20678325507429185,0.1762194260332306,WAR1,0.12675440203648317,0.09539706485713863,0.2506847759471568,0.09719404704624919,0.05007292747109275,0.08405692385159422,0.20693013707220123,0.088909721718084,ACQ2
485,USA,IRN,Nego,5.41,1.83,1,1,0.13168827013346296,0.15509470253922356,0.08963439799534424,0.05543810300708543,0.10013844047009271,0.08382951135649568,0.20637029623308417,0.17780627826521142,WAR1,0.12675440203648317,0.09539706485713863,0.2506847759471568,0.09719404704624919,0.05007292747109275,0.08405692385159422,0.20693013707220123,0.088909721718084,ACQ2
485,USA,IRN,Nego,5.41,1.84,1,1,0.13129611088314078,0.15547267930631753,0.08688358675836153,0.056314773639085255,0.10102430146342517,0.08366471872469,0.20596461208089886,0.1793792171440809,WAR1,0.12675440203648317,0.09539706485713863,0.2506847759471568,0.09719404704624919,0.05007292747109275,0.08405692385159422,0.20693013707220123,0.088909721718084,ACQ2
485,USA,IRN,Nego,5.41,1.85,1,1,0.13085767292169123,0.1557975476986082,0.08420402559667271,0.05723272618211243,0.1019016616299462,0.08350294477590137,0.20556635927953948,0.18093706191552844,WAR1,0.12675440203648317,0.09539706485713863,0.2506847759471568,0.09719404704624919,0.05007292747109275,0.08405692385159422,0.20693013707220123,0.088909721718084,ACQ2
485,USA,IRN,Nego,5.41,1.86,1,1,0.13037394956716555,0.1560685952148034,0.08159619503016433,0.05819287995134474,0.10276986721272903,0.08334422819505626,0.2051756330630069,0.18247865176572986,WAR1,0.12675440203648317,0.09539706485713863,0.2506847759471568,0.09719404704624919,0.05007292747109275,0.08405692385159422,0.20693013707220123,0.088909721718084,ACQ2
485,USA,IRN,Nego,5.41,1.87,1,1,0.12984606576442978,0.1562852151391098,0.07906043546118446,0.05919610934299339,0.10362827759920198,0.08318858199843879,0.20479246547460347,0.18400284922003854,WAR1,0.12675440203648317,0.09539706485713863,0.2506847759471568,0.09719404704624919,0.05007292747109275,0.08405692385159422,0.20693013707220123,0.088909721718084,ACQ2
485,USA,IRN,Nego,5.41,1.88,1,1,0.12927527340296244,0.1564469091823639,0.07659694940233888,0.06024324032246379,0.10447626722603982,0.0830359929668984,0.20441682397161315,0.18550854352531965,WAR1,0.12675440203648317,0.09539706485713863,0.2506847759471568,0.09719404704624919,0.05007292747109275,0.08405692385159422,0.20693013707220123,0.088909721718084,ACQ2
485,USA,IRN,Nego,5.41,1.89,1,1,0.128662945875602,0.15655328968640717,0.0742058042656166,0.061335047070422234,0.10531322746425775,0.08288642123259873,0.20404861040796424,0.18699465399713128,WAR1,0.12675440203648317,0.09539706485713863,0.2506847759471568,0.09719404704624919,0.05007292747109275,0.08405692385159422,0.20693013707220123,0.088909721718084,ACQ2
485,USA,IRN,Nego,5.41,1.9,1,1,0.1280105719182059,0.15660408137296303,0.07188693568595514,0.06247224881252124,0.10613856847330193,0.0827398000224875,0.20368766040270847,0.18846013331185685,WAR1,0.12675440203648317,0.09539706485713863,0.2506847759471568,0.09719404704624919,0.05007292747109275,0.08405692385159422,0.20693013707220123,0.088909721718084,ACQ2
485,USA,IRN,Nego,5.41,1.91,1,1,0.12731974877687807,0.15659912261956196,0.06964015134990786,0.06365550685812472,0.10695172101240263,0.08259603556061744,0.2033337430995557,0.18990397072295156,WAR1,0.12675440203648317,0.09539706485713863,0.2506847759471568,0.09719404704624919,0.05007292747109275,0.08405692385159422,0.20693013707220123,0.088909721718084,ACQ2
485,USA,IRN,Nego,5.41,1.92,1,1,0.12659217475571571,0.15653836624661813,0.06746513529788258,0.06488542187254195,0.10775213819703858,0.08245500713038435,0.2029865613200899,0.1913251951797289,WAR1,0.12675440203648317,0.09539706485713863,0.2506847759471568,0.09719404704624919,0.05007292747109275,0.08405692385159422,0.20693013707220123,0.088909721718084,ACQ2
485,USA,IRN,Nego,5.41,1.93,1,1,0.12582964120387727,0.15642187980168543,0.06536145266643761,0.06616253140595804,0.10853929718809552,0.08231656729666981,0.2026457521106382,0.1927228783266382,WAR1,0.12675440203648317,0.09539706485713863,0.2506847759471568,0.09719404704624919,0.05007292747109275,0.08405692385159422,0.20693013707220123,0.088909721718084,ACQ2
485,USA,IRN,Nego,5.41,1.94,1,1,0.1250340240061134,0.15624984532927577,0.06332855483529819,0.0674873077004299,0.10931270080121637,0.08218054228677771,0.20231088768005417,0.1940961373608346,WAR1,0.12675440203648317,0.09539706485713863,0.2506847759471568,0.09719404704624919,0.05007292747109275,0.08405692385159422,0.20693013707220123,0.088909721718084,ACQ2
485,USA,IRN,Nego,5.41,1.95,1,1,0.12420727464569131,0.15602255861747125,0.06136578494206671,0.0688601557939527,0.11007187902395205,0.08204673252792437,0.20198147672290317,0.19544413772603844,WAR1,0.12675440203648317,0.09539706485713863,0.2506847759471568,0.09719404704624919,0.05007292747109275,0.08405692385159422,0.20693013707220123,0.088909721718084,ACQ2
485,USA,IRN,Nego,5.41,1.96,1,1,0.12335141091278805,0.15574042791593484,0.05947238372602273,0.07028141193772354,0.11081639042866147,0.08191491333788786,0.2016569661196939,0.19676609562128763,WAR1,0.12675440203648317,0.09539706485713863,0.2506847759471568,0.09719404704624919,0.05007292747109275,0.08405692385159422,0.20693013707220123,0.088909721718084,ACQ2
485,USA,IRN,Nego,5.41,1.97,1,1,0.12246850733489453,0.1554039721238311,0.05764749566093352,0.07175134233934191,0.11154582346967698,0.08178483576424135,0.20133674300289012,0.19806128030419048,WAR1,0.12675440203648317,0.09539706485713863,0.2506847759471568,0.09719404704624919,0.05007292747109275,0.08405692385159422,0.20693013707220123,0.088909721718084,ACQ2
485,USA,IRN,Nego,5.41,1.98,1,1,0.12156068540845853,0.15501381845058415,0.05589017533543997,0.0732701422408499,0.11225979765406129,0.08165622756639389,0.20102013717448547,0.19932901616972692,WAR1,0.12675440203648317,0.09539706485713863,0.2506847759471568,0.09719404704624919,0.05007292747109275,0.08405692385159422,0.20693013707220123,0.088909721718084,ACQ2
485,USA,IRN,Nego,5.41,1.99,1,1,0.12063010371285947,0.15457069955727698,0.05419939403836503,0.07483793533630143,0.1129579645763149,0.08152879433345554,0.20070642385794712,0.20056868458747965,WAR1,0.12675440203648317,0.09539706485713863,0.2506847759471568,0.09719404704624919,0.05007292747109275,0.08405692385159422,0.20693013707220123,0.088909721718084,ACQ2
485,USA,IRN,Nego,5.42,1.5,1,1,0.11970581613948339,0.12261281257226118,0.20628204923294502,0.04310443831304923,0.07115372157751224,0.08978033523791176,0.22101994964709745,0.12634087727973983,WAR1,0.12675440203648317,0.09539706485713863,0.2506847759471568,0.09719404704624919,0.05007292747109275,0.08405692385159422,0.20693013707220123,0.088909721718084,ACQ2
485,USA,IRN,Nego,5.42,1.51,1,1,0.12058114893044967,0.12393244798071609,0.2022217135549849,0.043226738162781726,0.07197782942330694,0.08962309560463337,0.22063285935903354,0.12780416698409341,WAR1,0.12675440203648317,0.09539706485713863,0.2506847759471568,0.09719404704624919,0.05007292747109275,0.08405692385159422,0.20693013707220123,0.088909721718084,ACQ2
485,USA,IRN,Nego,5.42,1.52,1,1,0.12143808443059954,0.12524874382102427,0.19815967676492094,0.043358233253973824,0.07281173007323997,0.08946211852952066,0.22023656828993177,0.12928484483678893,WAR1,0.12675440203648317,0.09539706485713863,0.2506847759471568,0.09719404704624919,0.05007292747109275,0.08405692385159422,0.20693013707220123,0.088909721718084,ACQ2
485,USA,IRN,Nego,5.42,1.53,1,1,0.12227495688603968,0.12656023601566774,0.19409887721623284,0.04349957220007882,0.0736551043355927,0.08929752788346569,0.21983138138338873,0.13078234407953374,WAR1,0.12675440203648317,0.09539706485713863,0.2506847759471568,0.09719404704624919,0.05007292747109275,0.08405692385159422,0.20693013707220123,0.088909721718084,ACQ2
485,USA,IRN,Nego,5.42,1.54,1,1,0.12309008334209093,0.12786541069422516,0.19004228653480756,0.04365144008023433,0.07450761186809199,0.08912946370276759,0.21941764337876954,0.13229606039901268,WAR1,0.12675440203648317,0.09539706485713863,0.2506847759471568,0.09719404704624919,0.05007292747109275,0.08405692385159422,0.20693013707220123,0.088909721718084,ACQ2
485,USA,IRN,Nego,5.42,1.55,1,1,0.1238817690685903,0.12916270644684927,0.18599290330008736,0.043814558466344376,0.07536889102936155,0.0889580819075731,0.2189957381180691,0.13382535166312487,WAR1,0.12675440203648317,0.09539706485713863,0.2506847759471568,0.09719404704624919,0.05007292747109275,0.08405692385159422,0.20693013707220123,0.088909721718084,ACQ2
485,USA,IRN,Nego,5.42,1.56,1,1,0.12464831339372612,0.13045051692904627,0.18195374633276148,0.0439896852823601,0.07623855880322329,0.08878355390454466,0.21856608756776624,0.135369537786572,WAR1,0.12675440203648317,0.09539706485713863,0.2506847759471568,0.09719404704624919,0.05007292747109275,0.08405692385159422,0.20693013707220123,0.088909721718084,ACQ2
485,USA,IRN,Nego,5.42,1.57,1,1,0.12538801592915935,0.13172719382054462,0.17792784761393537,0.04417761448608082,0.07711621079989492,0.08860606607028207,0.21812915054711748,0.13692790073298533,WAR1,0.12675440203648317,0.09539706485713863,0.2506847759471568,0.09719404704624919,0.05007292747109275,0.08405692385159422,0.20693013707220123,0.088909721718084,ACQ2
485,USA,IRN,Nego,5.42,1.58,1,1,0.12609918316380195,0.13299105013791504,0.173918244865668,0.044379175564716294,0.07800142133778656,0.08842581911305857,0.2176854211568895,0.13849968466016424,WAR1,0.12675440203648317,0.09539706485713863,0.2506847759471568,0.09719404704624919,0.05007292747109275,0.08405692385159422,0.20693013707220123,0.088909721718084,ACQ2
485,USA,IRN,Nego,5.42,1.59,1,1,0.12678013539811736,0.13424036389730404,0.16992797382763744,0.0445952328365195,0.07889374360920923,0.08824302731157348,0.21723542690533015,0.1400840962143087,WAR1,0.12675440203648317,0.09539706485713863,0.2506847759471568,0.09719404704624919,0.05007292747109275,0.08405692385159422,0.20693013707220123,0.088909721718084,ACQ2
485,USA,IRN,Nego,5.42,1.6,1,1,0.12742921398523865,0.13547338212020113,0.16596006026944354,0.04482668455200033,0.07979270993287402,0.08805791763065818,0.21677972653122618,0.14168030497835807,WAR1,0.12675440203648317,0.09539706485713863,0.2506847759471568,0.09719404704624919,0.05007292747109275,0.08405692385159422,0.20693013707220123,0.088909721718084,ACQ2
485,USA,IRN,Nego,5.42,1.61,1,1,0.12804478883968015,0.13668832517163235,0.16201751178253146,0.04507446178955442,0.08069783209559077,0.08787072871518209,0.21631890752711594,0.1432874440787128,WAR1,0.12675440203648317,0.09539706485713863,0.2506847759471568,0.09719404704624919,0.05007292747109275,0.08405692385159422,0.20693013707220123,0.088909721718084,ACQ2
485,USA,IRN,Nego,5.42,1.62,1,1,0.12862526616903106,0.13788339141661515,0.15810330939989342,0.04533952714177414,0.08160860178507107,0.08768170976478148,0.21585358336911198,0.14490461095372134,WAR1,0.12675440203648317,0.09539706485713863,0.2506847759471568,0.09719404704624919,0.05007292747109275,0.08405692385159422,0.20693013707220123,0.088909721718084,ACQ2
485,USA,IRN,Nego,5.42,1.63,1,1,0.1291690963788677,0.13905676217719065,0.15422039909542484,0.04562287319022537,0.08252449111521701,0.08749111929343824,0.21538439046325056,0.14653086828638576,WAR1,0.12675440203648317,0.09539706485713863,0.2506847759471568,0.09719404704624919,0.05007292747109275,0.08405692385159422,0.20693013707220123,0.088909721718084,ACQ2
485,USA,IRN,Nego,5.42,1.64,1,1,0.12967478209632777,0.1402066069689186,0.15037168321801805,0.04592552076806285,0.08344495324473597,0.08729922377936458,0.21491198482179594,0.14816524510277645,WAR1,0.12675440203648317,0.09539706485713863,0.2506847759471568,0.09719404704624919,0.05007292747109275,0.08405692385159422,0.20693013707220123,0.088909721718084,ACQ2
485,USA,IRN,Nego,5.42,1.65,1,1,0.13014088625343256,0.14133108899246127,0.14656001191809062,0.04624851701148734,0.08436942308937248,0.08710629621206388,0.21443703848641707,0.14980673803667457,WAR1,0.12675440203648317,0.09539706485713863,0.2506847759471568,0.09719404704624919,0.05007292747109275,0.08405692385159422,0.20693013707220123,0.088909721718084,ACQ2
485,USA,IRN,Nego,5.42,1.66,1,1,0.13056604016744902,0.14242837085284296,0.14278817462616264,0.046592933202705536,0.08529731812750412,0.08691261454481357,0.2139602357185304,0.15145431275999197,WAR1,0.12675440203648317,0.09539706485713863,0.2506847759471568,0.09719404704624919,0.05007292747109275,0.08405692385159422,0.20693013707220123,0.088909721718084,ACQ2
485,USA,IRN,Nego,5.42,1.67,1,1,0.13094895155243252,0.14349662047621414,0.13905889164429291,0.0469598624087072,0.08622803929830664,0.08671846006213306,0.21348226898035674,0.15310690557755688,WAR1,0.12675440203648317,0.09539706485713863,0.2506847759471568,0.09719404704624919,0.05007292747109275,0.08405692385159422,0.20693013707220123,0.088909721718084,ACQ2
485,USA,IRN,Nego,5.42,1.68,1,1,0.1312884123936839,0.1445340171915406,0.13537480591157877,0.04735041692181499,0.08716097199117492,0.08652411567302504,0.21300383473324658,0.15476342518393518,WAR1,0.12675440203648317,0.09539706485713863,0.2506847759471568,0.09719404704624919,0.05007292747109275,0.08405692385159422,0.20693013707220123,0.088909721718084,ACQ2
485,USA,IRN,Nego,5.42,1.69,1,1,0.13158330661524612,0.14553875794259388,0.1317384750045134,0.047765725509555046,0.08809548712458139,0.08632986414188829,0.21252562908256648,0.1564227545790554,WAR1,0.12675440203648317,0.09539706485713863,0.2506847759471568,0.09719404704624919,0.05007292747109275,0.08405692385159422,0.20693013707220123,0.088909721718084,ACQ2
485,USA,IRN,Nego,5.42,1.7,1,1,0.13183261746984273,0.14650906359400803,0.12815236343174344,0.04820693048294358,0.08903094231207899,0.08613598626997543,0.21204834330083813,0.15808375313856973,WAR1,0.12675440203648317,0.09539706485713863,0.2506847759471568,0.09719404704624919,0.05007292747109275,0.08405692385159422,0.20693013707220123,0.088909721718084,ACQ2
485,USA,IRN,Nego,5.42,1.71,1,1,0.13203543458084457,0.14744318529398154,0.12461883528071513,0.04867518459375554,0.08996668311270659,0.08594275904108607,0.21157265926283134,0.1597452588340793,WAR1,0.12675440203648317,0.09539706485713863,0.2506847759471568,0.09719404704624919,0.05007292747109275,0.08405692385159422,0.20693013707220123,0.088909721718084,ACQ2
485,USA,IRN,Nego,5.42,1.72,1,1,0.1321909605669776,0.14833941085547359,0.12114014727083856,0.04917164777274463,0.09090204436263273,0.08575045374582814,0.2110992448278979,0.161406090597607,WAR1,0.12675440203648317,0.09539706485713863,0.2506847759471568,0.09719404704624919,0.05007292747109275,0.08405692385159422,0.20693013707220123,0.088909721718084,ACQ2
485,USA,IRN,Nego,5.42,1.73,1,1,0.13229851718255675,0.14919607111744274,0.1177184422642197,0.049697483722100484,0.09183635158447633,0.08555933409924263,0.21062874920596733,0.16306505082399414,WAR1,0.12675440203648317,0.09539706485713863,0.2506847759471568,0.09719404704624919,0.05007292747109275,0.08405692385159422,0.20693013707220123,0.088909721718084,ACQ2
485,USA,IRN,Nego,5.42,1.74,1,1,0.13235755090903736,0.1500115462478098,0.11435574328074967,0.050253856376670375,0.09276892247037001,0.08536965436685148,0.21016179834427734,0.16472092800423419,WAR1,0.12675440203648317,0.09539706485713863,0.2506847759471568,0.09719404704624919,0.05007292747109275,0.08405692385159422,0.20693013707220123,0.088909721718084,ACQ2
485,USA,IRN,Nego,5.42,1.75,1,1,0.13236763793757508,0.1507842719503323,0.11105394805951027,0.050841926249637556,0.09369906843446729,0.0851816575142639,0.20969899037210166,0.16637249948211175,WAR1,0.12675440203648317,0.09539706485713863,0.2506847759471568,0.09719404704624919,0.05007292747109275,0.08405692385159422,0.20693013707220123,0.088909721718084,ACQ2
485,USA,IRN,Nego,5.42,1.76,1,1,0.1323284884870308,0.15151274553844218,0.10781482420314119,0.05146284667944406,0.0946260962302454,0.08499557339535926,0.2092408911404442,0.16801853432589314,WAR1,0.12675440203648317,0.09539706485713863,0.2506847759471568,0.09719404704624919,0.05007292747109275,0.08405692385159422,0.20693013707220123,0.088909721718084,ACQ2
485,USA,IRN,Nego,5.42,1.77,1,1,0.13223995040738057,0.1521955318402327,0.10464000493613204,0.05211775999578369,0.09554930962759549,0.0848116169937649,0.20878802989293493,0.1696577963061756,WAR1,0.12675440203648317,0.09539706485713863,0.2506847759471568,0.09719404704624919,0.05007292747109275,0.08405692385159422,0.20693013707220123,0.088909721718084,ACQ2
485,USA,IRN,Nego,5.42,1.78,1,1,0.13210201202470298,0.1528312689001603,0.10153098550208411,0.05280779362347909,0.09646801114432935,0.08462998673187956,0.20834089510300663,0.17128904697035824,WAR1,0.12675440203648317,0.09539706485713863,0.2506847759471568,0.09719404704624919,0.05007292747109275,0.08405692385159422,0.20693013707220123,0.088909721718084,ACQ2
485,USA,IRN,Nego,5.42,1.79,1,1,0.13191480419072638,0.1534186734445495,0.09848912021892169,0.053534056144003625,0.09738150382633803,0.08445086286106579,0.20789993051089475,0.17291104880350025,WAR1,0.12675440203648317,0.09539706485713863,0.2506847759471568,0.09719404704624919,0.05007292747109275,0.08405692385159422,0.20693013707220123,0.088909721718084,ACQ2
485,USA,IRN,Nego,5.42,1.8,1,1,0.13167860150723093,0.15395654607963236,0.09551562020497571,0.05429763333531991,0.09828909307022629,0.0842744059458801,0.20746553139213592,0.17452256846459882,WAR1,0.12675440203648317,0.09539706485713863,0.2506847759471568,0.09719404704624919,0.05007292747109275,0.08405692385159422,0.20693013707220123,0.088909721718084,ACQ2
485,USA,IRN,Nego,5.42,1.81,1,1,0.13139382270328845,0.15444377619251598,0.09261155178289468,0.05509958421158445,0.09919008848178865,0.08410075545433184,0.20703804108708773,0.17612238008650824,WAR1,0.12675440203648317,0.09539706485713863,0.2506847759471568,0.09719404704624919,0.05007292747109275,0.08405692385159422,0.20693013707220123,0.088909721718084,ACQ2
485,USA,IRN,Nego,5.42,1.82,1,1,0.13106103015130996,0.15487934652714616,0.08977783556256953,0.0559409370851045,0.10008380576320582,0.08393002846519727,0.2066177478186127,0.177709268626854,WAR1,0.12675440203648317,0.09539706485713863,0.2506847759471568,0.09719404704624919,0.05007292747109275,0.08405692385159422,0.20693013707220123,0.088909721718084,ACQ2
485,USA,IRN,Nego,5.42,1.83,1,1,0.130680928516018,0.15526233740895068,0.08701524619877357,0.056822685673714936,0.10096956862130545,0.0837623185023752,0.2062048818225121,0.17928203325635,WAR1,0.12675440203648317,0.09539706485713863,0.2506847759471568,0.09719404704624919,0.05007292747109275,0.08405692385159422,0.20693013707220123,0.088909721718084,ACQ2
485,USA,IRN,Nego,5.42,1.84,1,1,0.13025436253869319,0.15559193059340512,0.0843244128140776,0.057745785277452534,0.10184671068866943,0.08359769450517698,0.20579961281259979,0.18083949076992512,WAR1,0.12675440203648317,0.09539706485713863,0.2506847759471568,0.09719404704624919,0.05007292747109275,0.08405692385159422,0.20693013707220123,0.088909721718084,ACQ2
485,USA,IRN,Nego,5.42,1.85,1,1,0.12978231396725048,0.15586741271524873,0.0817058200728487,0.05871114904900314,0.10271457744877713,0.08343619994231712,0.2054020477995378,0.1823804790050168,WAR1,0.12675440203648317,0.09539706485713863,0.2506847759471568,0.09719404704624919,0.05007292747109275,0.08405692385159422,0.20693013707220123,0.088909721718084,ACQ2
485,USA,IRN,Nego,5.42,1.86,1,1,0.1292658976508045,0.15608817831651667,0.07915980988781057,0.05971964438285203,0.10357252815577102,0.08327785207621805,0.20501222927971155,0.1839038602503154,WAR1,0.12675440203648317,0.09539706485713863,0.2506847759471568,0.09719404704624919,0.05007292747109275,0.08405692385159422,0.20693013707220123,0.088909721718084,ACQ2
485,USA,IRN,Nego,5.42,1.87,1,1,0.128706356825293,0.15625373243296725,0.07668658373673215,0.06077208944832913,0.10441993773883633,0.0831226413830816,0.2046301338075706,0.18540852462718996,WAR1,0.12675440203648317,0.09539706485713863,0.2506847759471568,0.09719404704624919,0.05007292747109275,0.08405692385159422,0.20693013707220123,0.088909721718084,ACQ2
485,USA,IRN,Nego,5.42,1.88,1,1,0.12810505762438498,0.15636369271993011,0.07428620556331426,0.061869249891753436,0.10525619868061718,0.08297053113301063,0.20425567096197753,0.18689339342501204,WAR1,0.12675440203648317,0.09539706485713863,0.2506847759471568,0.09719404704624919,0.05007292747109275,0.08405692385159422,0.20693013707220123,0.088909721718084,ACQ2
485,USA,IRN,Nego,5.42,1.89,1,1,0.12746348285722403,0.15641779110014276,0.07195860523323626,0.06301183573259497,0.10608072285858137,0.08282145713329489,0.2038886827142331,0.18835742237069233,WAR1,0.12675440203648317,0.09539706485713863,0.2506847759471568,0.09719404704624919,0.05007292747109275,0.08405692385159422,0.20693013707220123,0.088909721718084,ACQ2
485,USA,IRN,Nego,5.42,1.9,1,1,0.1267832251014994,0.1564158749178455,0.06970358251356694,0.06420049847793097,0.1068929433378174,0.08267532763680333,0.20352894320255788,0.18979960481197847,WAR1,0.12675440203648317,0.09539706485713863,0.2506847759471568,0.09719404704624919,0.05007292747109275,0.08405692385159422,0.20693013707220123,0.088909721718084,ACQ2
485,USA,IRN,Nego,5.42,1.91,1,1,0.12606597916682508,0.15635790758535284,0.06752081154130145,0.06543582847842254,0.10769231610343087,0.08253202341624763,0.20317615891491297,0.19121897479350664,WAR1,0.12675440203648317,0.09539706485713863,0.2506847759471568,0.09719404704624919,0.05007292747109275,0.08405692385159422,0.20693013707220123,0.088909721718084,ACQ2
485,USA,IRN,Nego,5.42,1.92,1,1,0.12531353398940004,0.15624396871057897,0.06540984574461049,0.06671835254754627,0.10847832172053744,0.08239139800390026,0.202829969279134,0.19261461000429284,WAR1,0.12675440203648317,0.09539706485713863,0.2506847759471568,0.09719404704624919,0.05007292747109275,0.08405692385159422,0.20693013707220123,0.088909721718084,ACQ2
485,USA,IRN,Nego,5.42,1.93,1,1,0.12452776402433427,0.15607425369663358,0.06337012317844738,0.06804853186384019,0.1092504669098429,0.08225327809515376,0.20248994765640876,0.19398563457533946,WAR1,0.12675440203648317,0.09539706485713863,0.2506847759471568,0.09719404704624919,0.05007292747109275,0.08405692385159422,0.20693013707220123,0.088909721718084,ACQ2
485,USA,IRN,Nego,5.42,1.94,1,1,0.12371062020683031,0.15584907280766352,0.06140097223441513,0.06942676017346858,0.1100082860269875,0.08211746411310546,0.20215560273116273,0.19533122170636688,WAR1,0.12675440203648317,0.09539706485713863,0.2506847759471568,0.09719404704624919,0.05007292747109275,0.08405692385159422,0.20693013707220123,0.088909721718084,ACQ2
485,USA,IRN,Nego,5.42,1.95,1,1,0.12286412055750771,0.1555688496986412,0.05950161768323373,0.07085336230746406,0.11075134243422996,0.0819837309301288,0.2018263802874136,0.19665059610138114,WAR1,0.12675440203648317,0.09539706485713863,0.2506847759471568,0.09719404704624919,0.05007292747109275,0.08405692385159422,0.20693013707220123,0.088909721718084,ACQ2
485,USA,IRN,Nego,5.42,1.96,1,1,0.12199034051051881,0.15523411941076842,0.0576711870067577,0.07232859302461464,0.11147922975365424,0.0818518287411705,0.20150166535864156,0.1979430361938742,WAR1,0.12675440203648317,0.09539706485713863,0.2506847759471568,0.09719404704624919,0.05007292747109275,0.08405692385159422,0.20693013707220123,0.088909721718084,ACQ2
485,USA,IRN,Nego,5.42,1.97,1,1,0.12109140304563018,0.1548455258385843,0.05590871697528033,0.0738526361871588,0.11219157299192406,0.08172148408228241,0.20118078473519685,0.19920787614394286,WAR1,0.12675440203648317,0.09539706485713863,0.2506847759471568,0.09719404704624919,0.05007292747109275,0.08405692385159422,0.20693013707220123,0.088909721718084,ACQ2
485,USA,IRN,Nego,5.42,1.98,1,1,0.12016946870711008,0.1544038186796465,0.054213160424847806,0.07542560427232216,0.11288802952765077,0.08159240098668315,0.20086300981027552,0.200444507591464,WAR1,0.12675440203648317,0.09539706485713863,0.2506847759471568,0.09719404704624919,0.05007292747109275,0.08405692385159422,0.20693013707220123,0.088909721718084,ACQ2
485,USA,IRN,Nego,5.42,1.99,1,1,0.1192267255929703,0.15390984988275844,0.052583393188517034,0.07704753821835228,0.11356828995369374,0.08146426226945441,0.20054755974256644,0.2016523811516872,WAR2,0.12675440203648317,0.09539706485713863,0.2506847759471568,0.09719404704624919,0.05007292747109275,0.08405692385159422,0.20693013707220123,0.088909721718084,ACQ2
485,USA,IRN,Nego,5.43,1.5,1,1,0.11960842084984431,0.12349286055082367,0.20285661431500432,0.04360646778330184,0.07188924252668445,0.08980900177479469,0.22109052051901085,0.127646871680536,WAR1,0.12675440203648317,0.09539706485713863,0.2506847759471568,0.09719404704624919,0.05007292747109275,0.08405692385159422,0.20693013707220123,0.088909721718084,ACQ2
485,USA,IRN,Nego,5.43,1.51,1,1,0.12047261742663341,0.12481474659689538,0.19878033791653263,0.04374146027731422,0.07272431687498748,0.08964647440170434,0.22069041294844435,0.12912963355748827,WAR1,0.12675440203648317,0.09539706485713863,0.2506847759471568,0.09719404704624919,0.05007292747109275,0.08405692385159422,0.20693013707220123,0.088909721718084,ACQ2
485,USA,IRN,Nego,5.43,1.52,1,1,0.12131718781639411,0.12613209653551025,0.1947048908083916,0.04388629568220625,0.07356890538358477,0.08948021558622951,0.22028111936619985,0.13062928882148356,WAR1,0.12675440203648317,0.09539706485713863,0.2506847759471568,0.09719404704624919,0.05007292747109275,0.08405692385159422,0.20693013707220123,0.088909721718084,ACQ2
485,USA,IRN,Nego,5.43,1.53,1,1,0.1221404408634669,0.12744338505343245,0.19063326865178637,0.04404166077958267,0.07442266433507357,0.08931036631043404,0.21986298683991284,0.13214522716631094,WAR1,0.12675440203648317,0.09539706485713863,0.2506847759471568,0.09719404704624919,0.05007292747109275,0.08405692385159422,0.20693013707220123,0.088909721718084,ACQ2
485,USA,IRN,Nego,5.43,1.54,1,1,0.12294067206351912,0.12874703795629744,0.18656849593566774,0.04420827919228011,0.07528522837599859,0.08913708391035499,0.2194364026971972,0.13367679986868478,WAR1,0.12675440203648317,0.09539706485713863,0.2506847759471568,0.09719404704624919,0.05007292747109275,0.08405692385159422,0.20693013707220123,0.088909721718084,ACQ2
485,USA,IRN,Nego,5.43,1.55,1,1,0.12371616939787204,0.13004143478639216,0.18251361920027645,0.04438691124281578,0.0761562104425397,0.08896054169243249,0.21900179358137647,0.13522331965629492,WAR1,0.12675440203648317,0.09539706485713863,0.2506847759471568,0.09719404704624919,0.05007292747109275,0.08405692385159422,0.20693013707220123,0.088909721718084,ACQ2
485,USA,IRN,Nego,5.43,1.56,1,1,0.12446521957179647,0.13132491180692735,0.17847169987464007,0.04457835362984477,0.07703520176601238,0.08878092842747302,0.21855962420573216,0.13678406071757362,WAR1,0.12675440203648317,0.09539706485713863,0.2506847759471568,0.09719404704624919,0.05007292747109275,0.08405692385159422,0.20693013707220123,0.088909721718084,ACQ2
485,USA,IRN,Nego,5.43,1.57,1,1,0.1251861146347822,0.1325957653531593,0.1744458067576082,0.044783438913497495,0.0779217719620853,0.08859844771935842,0.21811039579939817,0.13835825886011083,WAR1,0.12675440203648317,0.09539706485713863,0.2506847759471568,0.09719404704624919,0.05007292747109275,0.08405692385159422,0.20693013707220123,0.088909721718084,ACQ2
485,USA,IRN,Nego,5.43,1.58,1,1,0.12587715895513366,0.13385225554729205,0.17043900817711444,0.04500303480157874,0.07881546920720117,0.08841331724687203,0.21765464424090095,0.13994511182390723,WAR1,0.12675440203648317,0.09539706485713863,0.2506847759471568,0.09719404704624919,0.05007292747109275,0.08405692385159422,0.20693013707220123,0.088909721718084,ACQ2
485,USA,IRN,Nego,5.43,1.59,1,1,0.12653667651550687,0.1350926103704964,0.1664543638673329,0.04523804322986755,0.07971582050522587,0.08822576787828124,0.21719293787845045,0.14154377975483876,WAR1,0.12675440203648317,0.09539706485713863,0.2506847759471568,0.09719404704624919,0.05007292747109275,0.08405692385159422,0.20693013707220123,0.088909721718084,ACQ2
485,USA,IRN,Nego,5.43,1.6,1,1,0.12716301849029035,0.13631503008168727,0.1624949166081419,0.045489399231150064,0.08062233204684507,0.0880360426596647,0.21672587503941904,0.1431533858428016,WAR1,0.12675440203648317,0.09539706485713863,0.2506847759471568,0.09719404704624919,0.05007292747109275,0.08405692385159422,0.20693013707220123,0.088909721718084,ACQ2
485,USA,IRN,Nego,5.43,1.61,1,1,0.1277545710601367,0.13751769196894706,0.15856368367574533,0.04575806958912711,0.08153448966368158,0.08784439567938923,0.21625408123492657,0.14477301712804613,WAR1,0.12675440203648317,0.09539706485713863,0.2506847759471568,0.09719404704624919,0.05007292747109275,0.08405692385159422,0.20693013707220123,0.088909721718084,ACQ2
485,USA,IRN,Nego,5.43,1.62,1,1,0.12830976341358225,0.13869875541574894,0.154663648157307,0.046045051274951496,0.0824517593785397,0.08765109081260945,0.21577820606906778,0.146401725478193,WAR1,0.12675440203648317,0.09539706485713863,0.2506847759471568,0.09719404704624919,0.05007292747109275,0.08405692385159422,0.20693013707220123,0.088909721718084,ACQ2
485,USA,IRN,Nego,5.43,1.63,1,1,0.12882707588065365,0.1398563672604796,0.15079775018595323,0.04635136966583593,0.0833735880525885,0.08745640035114702,0.21529891986596802,0.14803852873737408,WAR1,0.12675440203648317,0.09539706485713863,0.2506847759471568,0.09719404704624919,0.05007292747109275,0.08405692385159422,0.20693013707220123,0.088909721718084,ACQ2
485,USA,IRN,Nego,5.43,1.64,1,1,0.1293050481387699,0.1409886674242531,0.14696887815538895,0.04667807654691925,0.08429940412969429,0.08726060352559036,0.21481691003151016,0.14968241204787414,WAR1,0.12675440203648317,0.09539706485713863,0.2506847759471568,0.09719404704624919,0.05007292747109275,0.08405692385159422,0.20693013707220123,0.088909721718084,ACQ2
485,USA,IRN,Nego,5.43,1.65,1,1,0.1297422874272061,0.1420937947787162,0.14317985997557928,0.04702624789935242,0.08522861847750958,0.08706398492791145,0.21433287717015453,0.15133232934357055,WAR1,0.12675440203648317,0.09539706485713863,0.2506847759471568,0.09719404704624919,0.05007292747109275,0.08405692385159422,0.20693013707220123,0.088909721718084,ACQ2
485,USA,IRN,Nego,5.43,1.66,1,1,0.13013747670299636,0.14316989322253762,0.13943345443239782,0.04739698147934868,0.08616062532432285,0.08686683284428649,0.21384753098070075,0.15298720501340934,WAR1,0.12675440203648317,0.09539706485713863,0.2506847759471568,0.09719404704624919,0.05007292747109275,0.08405692385159422,0.20693013707220123,0.088909721718084,ACQ2
485,USA,IRN,Nego,5.43,1.67,1,1,0.13048938266851046,0.14421511793259711,0.13573234271478896,0.047791394194704795,0.08709480329009443,0.08666943750911955,0.2133615859580679,0.1546459357321169,WAR1,0.12675440203648317,0.09539706485713863,0.2506847759471568,0.09719404704624919,0.05007292747109275,0.08405692385159422,0.20693013707220123,0.088909721718084,ACQ2
485,USA,IRN,Nego,5.43,1.68,1,1,0.13079686359912562,0.14522764175360817,0.13207912017278928,0.04821061928703019,0.08803051650953597,0.08647208929246022,0.21287575693110553,0.1563073924543449,WAR1,0.12675440203648317,0.09539706485713863,0.2506847759471568,0.09719404704624919,0.05007292747109275,0.08405692385159422,0.20693013707220123,0.088909721718084,ACQ2
485,USA,IRN,Nego,5.43,1.69,1,1,0.1310588768984946,0.14620566168805307,0.12847628836868683,0.048655803329583844,0.08896711584455616,0.08627507683406903,0.21239075446906203,0.15797042256749455,WAR1,0.12675440203648317,0.09539706485713863,0.2506847759471568,0.09719404704624919,0.05007292747109275,0.08405692385159422,0.20693013707220123,0.088909721718084,ACQ2
485,USA,IRN,Nego,5.43,1.7,1,1,0.1312744863089307,0.14714740544691043,0.12492624748167448,0.0491281030522165,0.08990394018288775,0.0860786851382771,0.21190728019153782,0.15963385219756512,WAR1,0.12675440203648317,0.09539706485713863,0.2506847759471568,0.09719404704624919,0.05007292747109275,0.08405692385159422,0.20693013707220123,0.088909721718084,ACQ2
485,USA,IRN,Nego,5.43,1.71,1,1,0.13144286870543784,0.14805113802072736,0.12143128912359545,0.0496286820064208,0.09084031781923448,0.08588319364451633,0.21142602201854324,0.16129648866152432,WAR1,0.12675440203648317,0.09539706485713863,0.2506847759471568,0.09719404704624919,0.05007292747109275,0.08405692385159422,0.20693013707220123,0.088909721718084,ACQ2
485,USA,IRN,Nego,5.43,1.72,1,1,0.13156332040389077,0.14891516823013864,0.1179935896198289,0.050158707084905454,0.09177556791483335,0.08568887428891808,0.21094764939857044,0.16295712305891424,WAR1,0.12675440203648317,0.09539706485713863,0.2506847759471568,0.09719404704624919,0.05007292747109275,0.08405692385159422,0.20693013707220123,0.088909721718084,ACQ2
485,USA,IRN,Nego,5.43,1.73,1,1,0.1316352629168388,0.14973785521493857,0.11461520380509774,0.05071934491142627,0.0927090020309091,0.08549598957271545,0.21047280855341416,0.16461453299465983,WAR1,0.12675440203648317,0.09539706485713863,0.2506847759471568,0.09719404704624919,0.05007292747109275,0.08405692385159422,0.20693013707220123,0.088909721718084,ACQ2
485,USA,IRN,Nego,5.43,1.74,1,1,0.13165824809430982,0.1505176148212503,0.11129805937907149,0.05131175811782317,0.09363992573110595,0.08530479065330694,0.2100021177787776,0.16626748542435468,WAR1,0.12675440203648317,0.09539706485713863,0.2506847759471568,0.09719404704624919,0.05007292747109275,0.08405692385159422,0.20693013707220123,0.088909721718084,ACQ2
485,USA,IRN,Nego,5.43,1.75,1,1,0.13163196259179627,0.15125292584716443,0.10804395186119105,0.05193710152633947,0.09456764024760564,0.08511551547376084,0.2095361628395155,0.16791473961262698,WAR1,0.12675440203648317,0.09539706485713863,0.2506847759471568,0.09719404704624919,0.05007292747109275,0.08405692385159422,0.20693013707220123,0.088909721718084,ACQ2
485,USA,IRN,Nego,5.43,1.76,1,1,0.1315562316132338,0.15194233610839084,0.10485454017827495,0.05259651825633614,0.09549144420527128,0.08492838694626952,0.2090754924976853,0.16955505019453837,WAR1,0.12675440203648317,0.09539706485713863,0.2506847759471568,0.09719404704624919,0.05007292747109275,0.08405692385159422,0.20693013707220123,0.088909721718084,ACQ2
485,USA,IRN,Nego,5.43,1.77,1,1,0.1314310218831571,0.15258446828691635,0.10173134291229396,0.0532911357754705,0.09641063539779286,0.08474361120459893,0.2086206142104545,0.17118717032931563,WAR1,0.12675440203648317,0.09539706485713863,0.2506847759471568,0.09719404704624919,0.05007292747109275,0.08405692385159422,0.20693013707220123,0.088909721718084,ACQ2
485,USA,IRN,Nego,5.43,1.78,1,1,0.13125644380923743,0.15317802552733728,0.09867573522934017,0.05402206191629694,0.09732451260943341,0.08456137593995217,0.20817199003335132,0.1728098549350512,WAR1,0.12675440203648317,0.09539706485713863,0.2506847759471568,0.09719404704624919,0.05007292747109275,0.08405692385159422,0.20693013707220123,0.088909721718084,ACQ2
485,USA,IRN,Nego,5.43,1.79,1,1,0.13103275280396667,0.15372179674735734,0.09568894650441265,0.05479038088005987,0.09823237747558389,0.08438184883387938,0.20773003276242613,0.17442186399231405,WAR1,0.12675440203648317,0.09539706485713863,0.2506847759471568,0.09719404704624919,0.05007292747109275,0.08405692385159422,0.20693013707220123,0.088909721718084,ACQ2
485,USA,IRN,Nego,5.43,1.8,1,1,0.1307603497422471,0.15421466163087375,0.09277205865028061,0.05559714925020253,0.09913353637492345,0.08420517610095676,0.2072951023466386,0.17602196590387714,WAR1,0.12675440203648317,0.09539706485713863,0.2506847759471568,0.09719404704624919,0.05007292747109275,0.08405692385159422,0.20693013707220123,0.088909721718084,ACQ2
485,USA,IRN,Nego,5.43,1.81,1,1,0.13043978053994523,0.15465559527403608,0.08992600515250043,0.0564433920387918,0.10002730234554164,0.08403148115292891,0.20686750259926245,0.17760894089699356,WAR1,0.12675440203648317,0.09539706485713863,0.2506847759471568,0.09719404704624919,0.05007292747109275,0.08405692385159422,0.20693013707220123,0.088909721718084,ACQ2
485,USA,IRN,Nego,5.43,1.82,1,1,0.1300717348469805,0.155043672456638,0.08715157080672714,0.057330098789657336,0.1009129970169138,0.08386086339489883,0.2064474782343636,0.17918158445382068,WAR1,0.12675440203648317,0.09539706485713863,0.2506847759471568,0.09719404704624919,0.05007292747109275,0.08405692385159422,0.20693013707220123,0.088909721718084,ACQ2
485,USA,IRN,Nego,5.43,1.83,1,1,0.12965704385711127,0.15537807151314853,0.0844493921488651,0.05825821976253829,0.10178995254913377,0.08369339716296999,0.20603521225150198,0.18073871075473102,WAR1,0.12675440203648317,0.09539706485713863,0.2506847759471568,0.09719404704624919,0.05007292747109275,0.08405692385159422,0.20693013707220123,0.088909721718084,ACQ2
485,USA,IRN,Nego,5.43,1.84,1,1,0.12919667724516648,0.15565807777959428,0.08181995856338763,0.059228662222902906,0.10265751357030056,0.08352913081151674,0.2056308236887872,0.18227915611834447,WAR1,0.12675440203648317,0.09539706485713863,0.2506847759471568,0.09719404704624919,0.05007292747109275,0.08405692385159422,0.20693013707220123,0.088909721718084,ACQ2
485,USA,IRN,Nego,5.43,1.85,1,1,0.12869173925093982,0.15588308659439032,0.07926361405037191,0.06024228686231373,0.10351503910245129,0.08336808595699824,0.20523436576131038,0.18380178242122414,WAR1,0.12675440203648317,0.09539706485713863,0.2506847759471568,0.09719404704624919,0.05007292747109275,0.08405692385159422,0.20693013707220123,0.088909721718084,ACQ2
485,USA,IRN,Nego,5.43,1.86,1,1,0.1281434639372291,0.15605260583308211,0.07678055962745418,0.061299904374221975,0.10436190446593377,0.08321025688395513,0.20484582439883492,0.18530548047928913,WAR1,0.12675440203648317,0.09539706485713863,0.2506847759471568,0.09719404704624919,0.05007292747109275,0.08405692385159422,0.20693013707220123,0.088909721718084,ACQ2
485,USA,IRN,Nego,5.43,1.87,1,1,0.12755320965748668,0.1561662579588654,0.07437085633900777,0.06240227220983238,0.10519750315165095,0.08305561011753355,0.20446511719344287,0.1867891733721802,WAR1,0.12675440203648317,0.09539706485713863,0.2506847759471568,0.09719404704624919,0.05007292747109275,0.08405692385159422,0.20693013707220123,0.088909721718084,ACQ2
485,USA,IRN,Nego,5.43,1.88,1,1,0.12692245277616512,0.15622378157273292,0.07203442884138202,0.0635500915381564,0.10602124865020306,0.08290408416559733,0.20409209276466994,0.18825181969109323,WAR1,0.12675440203648317,0.09539706485713863,0.2506847759471568,0.09719404704624919,0.05007292747109275,0.08405692385159422,0.20693013707220123,0.088909721718084,ACQ2
485,USA,IRN,Nego,5.43,1.89,1,1,0.12625278069202742,0.15622503244921865,0.06977106952996666,0.06474400443348945,0.10683257622662831,0.08275558943218862,0.2037265305464639,0.18969241669001688,WAR1,0.12675440203648317,0.09539706485713863,0.2506847759471568,0.09719404704624919,0.05007292747109275,0.08405692385159422,0.20693013707220123,0.088909721718084,ACQ2
485,USA,IRN,Nego,5.43,1.9,1,1,0.12554588422138308,0.1561699840460395,0.06758044317115466,0.06598459131230369,0.10763094462922801,0.08261000830281563,0.20336814099714523,0.19111000331993028,WAR1,0.12675440203648317,0.09539706485713863,0.2506847759471568,0.09719404704624919,0.05007292747109275,0.08405692385159422,0.20693013707220123,0.088909721718084,ACQ2
485,USA,IRN,Nego,5.43,1.91,1,1,0.12480354940433191,0.15605872747852817,0.06546209199990617,0.06727236863986547,0.10841583772088242,0.08246719540075108,0.20301656623035902,0.19250366312537576,WAR1,0.12675440203648317,0.09539706485713863,0.2506847759471568,0.09719404704624919,0.05007292747109275,0.08405692385159422,0.20693013707220123,0.088909721718084,ACQ2
485,USA,IRN,Nego,5.43,1.92,1,1,0.12402764880260186,0.15589147095266723,0.0634154412415563,0.06860778692478231,0.10918676602134236,0.08232697801224233,0.20267138106185031,0.19387252698295743,WAR1,0.12675440203648317,0.09539706485713863,0.2506847759471568,0.09719404704624919,0.05007292747109275,0.08405692385159422,0.20693013707220123,0.088909721718084,ACQ2
485,USA,IRN,Nego,5.43,1.93,1,1,0.12322013236237855,0.15566853865380623,0.06143980501470797,0.06999122901711674,0.10994326814923858,0.08218915667724515,0.2023320944637256,0.19521577566178128,WAR1,0.12675440203648317,0.09539706485713863,0.2506847759471568,0.09719404704624919,0.05007292747109275,0.08405692385159422,0.20693013707220123,0.088909721718084,ACQ2
485,USA,IRN,Nego,5.43,1.94,1,1,0.12238301791958829,0.15539036909181222,0.05953439257050689,0.07142300872271118,0.1106849121530068,0.0820535059410151,0.2019981514147083,0.19653264218665117,WAR1,0.12675440203648317,0.09539706485713863,0.2506847759471568,0.09719404704624919,0.05007292747109275,0.08405692385159422,0.20693013707220123,0.088909721718084,ACQ2
485,USA,IRN,Nego,5.43,1.95,1,1,0.12151838142835197,0.1550575129074424,0.05769831482228386,0.07290336974295686,0.11141129672058057,0.08191977526061447,0.20166893513176515,0.19782241398600478,WAR1,0.12675440203648317,0.09539706485713863,0.2506847759471568,0.09719404704624919,0.05007292747109275,0.08405692385159422,0.20693013707220123,0.088909721718084,ACQ2
485,USA,IRN,Nego,5.43,1.96,1,1,0.12062834699570793,0.1546706301491345,0.05593059111847927,0.07443248494547634,0.11212205225856632,0.08178769005914117,0.20134376966539208,0.19908443480810237,WAR1,0.12675440203648317,0.09539706485713863,0.2506847759471568,0.09719404704624919,0.05007292747109275,0.08405692385159422,0.20693013707220123,0.088909721718084,ACQ2
485,USA,IRN,Nego,5.43,1.97,1,1,0.1197150768071646,0.1542304870341233,0.05423015621095027,0.07601045596713538,0.11281684183267478,0.08165695291925949,0.20102192283783146,0.20031810639086067,WAR1,0.12675440203648317,0.09539706485713863,0.2506847759471568,0.09719404704624919,0.05007292747109275,0.08405692385159422,0.20693013707220123,0.088909721718084,ACQ2
485,USA,IRN,Nego,5.43,1.98,1,1,0.11878076102812932,0.15373795221273148,0.05259586737021571,0.07763731314654329,0.11349536196242392,0.0815272449064343,0.20070260950059038,0.2015228898729318,WAR2,0.12675440203648317,0.09539706485713863,0.2506847759471568,0.09719404704624919,0.05007292747109275,0.08405692385159422,0.20693013707220123,0.088909721718084,ACQ2
485,USA,IRN,Nego,5.43,1.99,1,1,0.11782760776573387,0.15319399255975755,0.05102651159896655,0.07931301577885139,0.11415734326453386,0.08139822701115418,0.20038499508488525,0.20269830693611723,WAR2,0.12675440203648317,0.09539706485713863,0.2506847759471568,0.09719404704624919,0.05007292747109275,0.08405692385159422,0.20693013707220123,0.088909721718084,ACQ2
485,USA,IRN,Nego,5.44,1.5,1,1,0.11951653432211043,0.12437508321745017,0.19940294393628977,0.04412487124119712,0.07263514954735537,0.08983054782336586,0.22114356227428694,0.12897130763794434,WAR1,0.12675440203648317,0.09539706485713863,0.2506847759471568,0.09719404704624919,0.05007292747109275,0.08405692385159422,0.20693013707220123,0.088909721718084,ACQ2
485,USA,IRN,Nego,5.44,1.51,1,1,0.12036860214788501,0.12569808054868462,0.19531309288477305,0.044273254956894534,0.07348091906731626,0.08966268081573953,0.22073030966752552,0.13047305991118166,WAR1,0.12675440203648317,0.09539706485713863,0.2506847759471568,0.09719404704624919,0.05007292747109275,0.08405692385159422,0.20693013707220123,0.088909721718084,ACQ2
485,USA,IRN,Nego,5.44,1.52,1,1,0.12119978386132485,0.1270152770450387,0.19122667534428595,0.04443216654345658,0.07433589764949936,0.08949110614064489,0.2203079295778361,0.13199116383791343,WAR1,0.12675440203648317,0.09539706485713863,0.2506847759471568,0.09719404704624919,0.05007292747109275,0.08405692385159422,0.20693013707220123,0.088909721718084,ACQ2
485,USA,IRN,Nego,5.44,1.53,1,1,0.12200836572285008,0.12832508627319097,0.18714674112482202,0.04460233138509439,0.07519971632872831,0.08931598240990503,0.21987681247354418,0.1335249642818653,WAR1,0.12675440203648317,0.09539706485713863,0.2506847759471568,0.09719404704624919,0.05007292747109275,0.08405692385159422,0.20693013707220123,0.088909721718084,ACQ2
485,USA,IRN,Nego,5.44,1.54,1,1,0.12279262489875119,0.1296258742037371,0.1830763639239415,0.04478451190922117,0.0760719840911986,0.08913748468861893,0.21943738932741502,0.13507376695711648,WAR1,0.12675440203648317,0.09539706485713863,0.2506847759471568,0.09719404704624919,0.05007292747109275,0.08405692385159422,0.20693013707220123,0.088909721718084,ACQ2
485,USA,IRN,Nego,5.44,1.55,1,1,0.12355083570893506,0.13091596221780333,0.17901863408655627,0.04497950725908134,0.07695228788364745,0.08895580400055496,0.2189901303990388,0.13663683844438254,WAR1,0.12675440203648317,0.09539706485713863,0.2506847759471568,0.09719404704624919,0.05007292747109275,0.08405692385159422,0.20693013707220123,0.088909721718084,ACQ2
485,USA,IRN,Nego,5.44,1.56,1,1,0.12428127626990546,0.13219363049354724,0.17497665099028764,0.045188152770490625,0.07784019270936089,0.08877114670475615,0.2185355437001671,0.138213406361485,WAR1,0.12675440203648317,0.09539706485713863,0.2506847759471568,0.09719404704624919,0.05007292747109275,0.08405692385159422,0.20693013707220123,0.088909721718084,ACQ2
485,USA,IRN,Nego,5.44,1.57,1,1,0.12498223550585585,0.13345712177006985,0.17095351509096599,0.045411319244333406,0.07873524181468756,0.08858373374139457,0.21807417313816552,0.13980265969452713,WAR1,0.12675440203648317,0.09539706485713863,0.2506847759471568,0.09719404704624919,0.05007292747109275,0.08405692385159422,0.20693013707220123,0.088909721718084,ACQ2
485,USA,IRN,Nego,5.44,1.58,1,1,0.12565202049485433,0.13470464548253128,0.16695231966804783,0.045649912007774886,0.0796369569692379,0.08839379974620214,0.2176065963359352,0.14140374929541646,WAR1,0.12675440203648317,0.09539706485713863,0.2506847759471568,0.09719404704624919,0.05007292747109275,0.08405692385159422,0.20693013707220123,0.088909721718084,ACQ2
485,USA,IRN,Nego,5.44,1.59,1,1,0.12628896411119117,0.1359343822583811,0.1629761423147469,0.04590486975860315,0.08054483884240304,0.08820159203419746,0.21713342213006398,0.14301578855041325,WAR1,0.12675440203648317,0.09539706485713863,0.2506847759471568,0.09719404704624919,0.05007292747109275,0.08405692385159422,0.20693013707220123,0.088909721718084,ACQ2
485,USA,IRN,Nego,5.44,1.6,1,1,0.12689143291916402,0.13714448876068233,0.15902803622237746,0.04617716318870795,0.0814583674782463,0.08800736945488914,0.21665528775258264,0.1446378542233502,WAR1,0.12675440203648317,0.09539706485713863,0.2506847759471568,0.09719404704624919,0.05007292747109275,0.08405692385159422,0.20693013707220123,0.088909721718084,ACQ2
485,USA,IRN,Nego,5.44,1.61,1,1,0.1274578352679776,0.13833310286055212,0.15511102131270785,0.04646779338440046,0.0823770028702018,0.08781140112265617,0.21617285570543354,0.1462689874760704,WAR1,0.12675440203648317,0.09539706485713863,0.2506847759471568,0.09719404704624919,0.05007292747109275,0.08405692385159422,0.20693013707220123,0.088909721718084,ACQ2
485,USA,IRN,Nego,5.44,1.62,1,1,0.12798662953216447,0.139498349116859,0.15122807527591076,0.04677779000307146,0.08330018563637284,0.08761396502755528,0.21568681034057624,0.14790819506748962,WAR1,0.12675440203648317,0.09539706485713863,0.2506847759471568,0.09719404704624919,0.05007292747109275,0.08405692385159422,0.20693013707220123,0.088909721718084,ACQ2
485,USA,IRN,Nego,5.44,1.63,1,1,0.12847633243709677,0.1406383445375677,0.14738212457487918,0.04710820922753732,0.08422733779556445,0.08741534653335704,0.2151978541624739,0.1495544507315236,WAR1,0.12675440203648317,0.09539706485713863,0.2506847759471568,0.09719404704624919,0.05007292747109275,0.08405692385159422,0.20693013707220123,0.088909721718084,ACQ2
485,USA,IRN,Nego,5.44,1.64,1,1,0.12892552740487273,0.14175120459357463,0.14357603547916542,0.047460131501318434,0.0851578636435214,0.08721583677114031,0.21470670387346683,0.1512066967329402,WAR1,0.12675440203648317,0.09539706485713863,0.2506847759471568,0.09719404704624919,0.05007292747109275,0.08405692385159422,0.20693013707220123,0.088909721718084,ACQ2
485,USA,IRN,Nego,5.44,1.65,1,1,0.12933287285222955,0.14283504945260783,0.1398126051935288,0.04783465905000034,0.0860911507281826,0.0870157309382511,0.21421408618617405,0.15286384559902577,WAR1,0.12675440203648317,0.09539706485713863,0.2506847759471568,0.09719404704624919,0.05007292747109275,0.08405692385159422,0.20693013707220123,0.088909721718084,ACQ2
485,USA,IRN,Nego,5.44,1.66,1,1,0.12969711036925716,0.14388801039783589,0.13609455314696475,0.048232913195719346,0.08702657092211571,0.0868153265138208,0.21372073343048137,0.15452478202380504,WAR1,0.12675440203648317,0.09539706485713863,0.2506847759471568,0.09719404704624919,0.05007292747109275,0.08405692385159422,0.20693013707220123,0.088909721718084,ACQ2
485,USA,IRN,Nego,5.44,1.67,1,1,0.13001707270565685,0.1449082363932905,0.1324245125081106,0.04865603147366952,0.08796348158966967,0.08661492140332294,0.21322737898583738,0.15618836494044233,WAR1,0.12675440203648317,0.09539706485713863,0.2506847759471568,0.09719404704624919,0.05007292747109275,0.08405692385159422,0.20693013707220123,0.088909721718084,ACQ2
485,USA,IRN,Nego,5.44,1.68,1,1,0.13029169149017067,0.14589390075611494,0.12880502199204946,0.04910516456131986,0.08890122684578282,0.08641481202578818,0.2127347525723868,0.15785342975638716,WAR1,0.12675440203648317,0.09539706485713863,0.2506847759471568,0.09719404704624919,0.05007292747109275,0.08405692385159422,0.20693013707220123,0.088909721718084,ACQ2
485,USA,IRN,Nego,5.44,1.69,1,1,0.13052000460866348,0.14684320789402952,0.12523851802174815,0.049581473032742296,0.08983913890281917,0.08621529135828172,0.2122435754368929,0.15951879074482303,WAR1,0.12675440203648317,0.09539706485713863,0.2506847759471568,0.09719404704624919,0.05007292747109275,0.08405692385159422,0.20693013707220123,0.088909721718084,ACQ2
485,USA,IRN,Nego,5.44,1.7,1,1,0.13070116316720767,0.14775440006528748,0.12172732730471258,0.05008612395206752,0.09077653950127378,0.08601664695304681,0.2117545554713699,0.16118324358503455,WAR1,0.12675440203648317,0.09539706485713863,0.2506847759471568,0.09719404704624919,0.05007292747109275,0.08405692385159422,0.20693013707220123,0.088909721718084,ACQ2
485,USA,IRN,Nego,5.44,1.71,1,1,0.13083443796841268,0.1486257641177781,0.11827365988193835,0.050620287321592475,0.09171274141969477,0.08581915894332158,0.21126838230383033,0.16284556804343175,WAR1,0.12675440203648317,0.09539706485713863,0.2506847759471568,0.09719404704624919,0.05007292747109275,0.08405692385159422,0.20693013707220123,0.088909721718084,ACQ2
485,USA,IRN,Nego,5.44,1.72,1,1,0.13091922543215187,0.14945563816381643,0.11487960270195699,0.051185132401455266,0.09264705005871002,0.08562309805422955,0.21078572240152477,0.16450453078615535,WAR1,0.12675440203648317,0.09539706485713863,0.2506847759471568,0.09719404704624919,0.05007292747109275,0.08405692385159422,0.20693013707220123,0.088909721718084,ACQ2
485,USA,IRN,Nego,5.44,1.73,1,1,0.1309550528957512,0.15024241814751815,0.11154711376780346,0.05178182391906504,0.09357876509361998,0.08542872363532478,0.21030721422748905,0.16615888831342845,WAR1,0.12675440203648317,0.09539706485713863,0.2506847759471568,0.09719404704624919,0.05007292747109275,0.08405692385159422,0.20693013707220123,0.088909721718084,ACQ2
485,USA,IRN,Nego,5.44,1.74,1,1,0.13094158323355523,0.150984564262459,0.1082780168991557,0.052411518187631755,0.09450718218962043,0.08523628173133578,0.2098334634911286,0.1678073900051134,WAR1,0.12675440203648317,0.09539706485713863,0.2506847759471568,0.09719404704624919,0.05007292747109275,0.08405692385159422,0.20693013707220123,0.088909721718084,ACQ2
485,USA,IRN,Nego,5.44,1.75,1,1,0.13087861874151743,0.15168060717851017,0.10507399714584133,0.0530753591541767,0.09543159477333682,0.08504600320740352,0.20936503853295724,0.1694487812662568,WAR1,0.12675440203648317,0.09539706485713863,0.2506847759471568,0.09719404704624919,0.05007292747109275,0.08405692385159422,0.20693013707220123,0.088909721718084,ACQ2
485,USA,IRN,Nego,5.44,1.76,1,1,0.13076610423899263,0.15232915403827374,0.10193659688248731,0.053774474398336866,0.09635129585398705,0.08485810194466309,0.20890246588250466,0.17108180676075455,WAR1,0.12675440203648317,0.09539706485713863,0.2506847759471568,0.09719404704624919,0.05007292747109275,0.08405692385159422,0.20693013707220123,0.088909721718084,ACQ2
485,USA,IRN,Nego,5.44,1.77,1,1,0.13060412934712892,0.15292889418535155,0.09886721260743413,0.05450997110410068,0.09726557988712849,0.08467277312138088,0.20844622602684548,0.1727052137206297,WAR1,0.12675440203648317,0.09539706485713863,0.2506847759471568,0.09719404704624919,0.05007292747109275,0.08405692385159422,0.20693013707220123,0.088909721718084,ACQ2
485,USA,IRN,Nego,5.44,1.78,1,1,0.13039292991107063,0.15347860458870363,0.09586709246227562,0.05528293202733563,0.0981737446735794,0.0844901915940551,0.20799674942521437,0.17431775531776567,WAR1,0.12675440203648317,0.09539706485713863,0.2506847759471568,0.09719404704624919,0.05007292747109275,0.08405692385159422,0.20693013707220123,0.088909721718084,ACQ2
485,USA,IRN,Nego,5.44,1.79,1,1,0.13013288854146068,0.15397715492952682,0.09293733448164293,0.056094411482597126,0.0990750932857323,0.08431051039193248,0.20755441280283,0.17591819408427795,WAR1,0.12675440203648317,0.09539706485713863,0.2506847759471568,0.09719404704624919,0.05007292747109275,0.08405692385159422,0.20693013707220123,0.088909721718084,ACQ2
485,USA,IRN,Nego,5.44,1.8,1,1,0.12982453425936033,0.15442351231935614,0.09007888557623579,0.056945431373230035,0.09996893601309319,0.08413385933731561,0.20711953575438652,0.17750530536702197,WAR1,0.12675440203648317,0.09539706485713863,0.2506847759471568,0.09719404704624919,0.05007292747109275,0.08405692385159422,0.20693013707220123,0.088909721718084,ACQ2
485,USA,IRN,Nego,5.44,1.81,1,1,0.12946854123755985,0.15481674562040862,0.08729254124572991,0.05783697728918975,0.10085459231847767,0.08396034380284989,0.2066923776847606,0.17907788080102388,WAR1,0.12675440203648317,0.09539706485713863,0.2506847759471568,0.09719404704624919,0.05007292747109275,0.08405692385159422,0.20693013707220123,0.088909721718084,ACQ2
485,USA,IRN,Nego,5.44,1.82,1,1,0.1290657266402101,0.1551560293415284,0.08457894601212017,0.058769994697299516,0.10173139279588571,0.0837900436157102,0.20627313511135337,0.1806347317858926,WAR1,0.12675440203648317,0.09539706485713863,0.2506847759471568,0.09719404704624919,0.05007292747109275,0.08405692385159422,0.20693013707220123,0.088909721718084,ACQ2
485,USA,IRN,Nego,5.44,1.83,1,1,0.12861704757166892,0.15544064708541797,0.08193859455839334,0.05974538524880521,0.1025986811206593,0.08362301211728704,0.20586193934923971,0.18217469294852845,WAR1,0.12675440203648317,0.09539706485713863,0.2506847759471568,0.09719404704624919,0.05007292747109275,0.08405692385159422,0.20693013707220123,0.088909721718084,ACQ2
485,USA,IRN,Nego,5.44,1.84,1,1,0.12812359715427601,0.15566999452516378,0.07937183355217561,0.060764003229058394,0.10345581598211287,0.08345927538559599,0.2054588545969068,0.18369662557471056,WAR1,0.12675440203648317,0.09539706485713863,0.2506847759471568,0.09719404704624919,0.05007292747109275,0.08405692385159422,0.20693013707220123,0.088909721718084,ACQ2
485,USA,IRN,Nego,5.44,1.85,1,1,0.12758659976340697,0.15584358189038608,0.07687886412922586,0.061826652173918695,0.1043021729884328,0.08329883162624306,0.20506387643694113,0.18519942099144537,WAR1,0.12675440203648317,0.09539706485713863,0.2506847759471568,0.09719404704624919,0.05007292747109275,0.08405692385159422,0.20693013707220123,0.088909721718084,ACQ2
485,USA,IRN,Nego,5.44,1.86,1,1,0.12700740545644842,0.1559610359456981,0.0744597450073422,0.06293408167698492,0.10513714653328408,0.0831416507363685,0.20467693076255147,0.18668200388132233,WAR1,0.12675440203648317,0.09539706485713863,0.2506847759471568,0.09719404704624919,0.05007292747109275,0.08405692385159422,0.20693013707220123,0.088909721718084,ACQ2
485,USA,IRN,Nego,5.44,1.87,1,1,0.12638748364025837,0.15602210144657944,0.07211439619741368,0.06408698441098896,0.1059601516132616,0.08298767404457698,0.2042978731373331,0.1881433355095882,WAR1,0.12675440203648317,0.09539706485713863,0.2506847759471568,0.09719404704624919,0.05007292747109275,0.08405692385159422,0.20693013707220123,0.088909721718084,ACQ2
485,USA,IRN,Nego,5.44,1.88,1,1,0.12572841602910437,0.15602664206030617,0.06984260327497056,0.06528599338559347,0.10677062558510286,0.08283681422845258,0.20392648859220724,0.18958241684426264,WAR1,0.12675440203648317,0.09539706485713863,0.2506847759471568,0.09719404704624919,0.05007292747109275,0.08405692385159422,0.20693013707220123,0.088909721718084,ACQ2
485,USA,IRN,Nego,5.44,1.89,1,1,0.12503188895195888,0.15597464074228992,0.06764402217262937,0.06653167946237412,0.10756802985146485,0.08268895540985416,0.20356249186001746,0.1909982915494112,WAR1,0.12675440203648317,0.09539706485713863,0.2506847759471568,0.09719404704624919,0.05007292747109275,0.08405692385159422,0.20693013707220123,0.088909721718084,ACQ2
485,USA,IRN,Nego,5.44,1.9,1,1,0.1242996850743012,0.1558661995610957,0.06551818445127623,0.06782454914592129,0.10835185146407726,0.08254395342678988,0.20320552804482706,0.1923900488317114,WAR1,0.12675440203648317,0.09539706485713863,0.2506847759471568,0.09719404704624919,0.05007292747109275,0.08405692385159422,0.20693013707220123,0.088909721718084,ACQ2
485,USA,IRN,Nego,5.44,1.91,1,1,0.12353367460515434,0.15570153896860697,0.06346450300563472,0.06916504266774488,0.10912160463325056,0.08240163627929391,0.2028551737195718,0.19375682612074296,WAR1,0.12675440203648317,0.09539706485713863,0.2506847759471568,0.09719404704624919,0.05007292747109275,0.08405692385159422,0.20693013707220123,0.088909721718084,ACQ2
485,USA,IRN,Nego,5.44,1.92,1,1,0.12273580606492482,0.155480996515287,0.06148227815801771,0.07055353237700404,0.10987683213304347,0.0822618047453596,0.2025109384423549,0.1950978115640086,WAR1,0.12675440203648317,0.09539706485713863,0.2506847759471568,0.09719404704624919,0.05007292747109275,0.08405692385159422,0.20693013707220123,0.088909721718084,ACQ2
485,USA,IRN,Nego,5.44,1.93,1,1,0.12190809669363828,0.15520502501429062,0.05957070409252204,0.07199032144902957,0.11061710659190706,0.08212423316163948,0.20217226667836435,0.19641224631860854,WAR1,0.12675440203648317,0.09539706485713863,0.2506847759471568,0.09719404704624919,0.05007292747109275,0.08405692385159422,0.20693013707220123,0.088909721718084,ACQ2
485,USA,IRN,Nego,5.44,1.94,1,1,0.12105262258232592,0.15487419016229212,0.057728875580695505,0.07347564291918571,0.11134203165932285,0.08198867036230549,0.20183854011114427,0.1976994266227282,WAR1,0.12675440203648317,0.09539706485713863,0.2506847759471568,0.09719404704624919,0.05007292747109275,0.08405692385159422,0.20693013707220123,0.088909721718084,ACQ2
485,USA,IRN,Nego,5.44,1.95,1,1,0.12017150861255604,0.1544891676292944,0.05595579494877503,0.07500965904588576,0.11205124303983831,0.08185484076817742,0.20150908032379664,0.1989587056316763,WAR1,0.12675440203648317,0.09539706485713863,0.2506847759471568,0.09719404704624919,0.05007292747109275,0.08405692385159422,0.20693013707220123,0.088909721718084,ACQ2
485,USA,IRN,Nego,5.44,1.96,1,1,0.11926691829037694,0.1540507396343172,0.05425037923597216,0.07659246100259944,0.11274440938697568,0.08172244561699567,0.20118315182764906,0.20018949500511374,WAR1,0.12675440203648317,0.09539706485713863,0.2506847759471568,0.09719404704624919,0.05007292747109275,0.08405692385159422,0.20693013707220123,0.088909721718084,ACQ2
485,USA,IRN,Nego,5.44,1.97,1,1,0.11834104356119966,0.15355979102865935,0.052611467492984856,0.07822406889454728,0.113421233050725,0.08159116432454014,0.20085996541303805,0.20139126623430553,WAR2,0.12675440203648317,0.09539706485713863,0.2506847759471568,0.09719404704624919,0.05007292747109275,0.08405692385159422,0.20693013707220123,0.088909721718084,ACQ2
485,USA,IRN,Nego,5.44,1.98,1,1,0.11739609469137424,0.15301730491329263,0.051037828169961844,0.07990443209158196,0.11408145067371603,0.08146065596520957,0.20053868179417733,0.20256355170068652,WAR2,0.12675440203648317,0.09539706485713863,0.2506847759471568,0.09719404704624919,0.05007292747109275,0.08405692385159422,0.20693013707220123,0.088909721718084,ACQ2
485,USA,IRN,Nego,5.44,1.99,1,1,0.11643429030038999,0.1524243578217665,0.04952816654356747,0.08163342986460122,0.11472483363265988,0.08133056085968422,0.20021841551764408,0.20370594545968682,WAR2,0.12675440203648317,0.09539706485713863,0.2506847759471568,0.09719404704624919,0.05007292747109275,0.08405692385159422,0.20693013707220123,0.088909721718084,ACQ2
485,USA,IRN,Nego,5.45,1.5,1,1,0.11942922648518216,0.125258332924904,0.19592338166787193,0.04466038934461958,0.07339117143980255,0.08984490007827581,0.2211788944508612,0.13031370360848277,WAR1,0.12675440203648317,0.09539706485713863,0.2506847759471568,0.09719404704624919,0.05007292747109275,0.08405692385159422,0.20693013707220123,0.088909721718084,ACQ2
485,USA,IRN,Nego,5.45,1.51,1,1,0.12026814038091224,0.12658122979252528,0.19182240687853971,0.04482289695553483,0.07424733703385278,0.08967165978747935,0.2207524139721772,0.13183391519897855,WAR1,0.12675440203648317,0.09539706485713863,0.2506847759471568,0.09719404704624919,0.05007292747109275,0.08405692385159422,0.20693013707220123,0.088909721718084,ACQ2
485,USA,IRN,Nego,5.45,1.52,1,1,0.12108487934636843,0.12789699261137305,0.18772754135470343,0.04499665496371183,0.07511237925865023,0.08949475413377093,0.22031691015531896,0.13336988817610335,WAR1,0.12675440203648317,0.09539706485713863,0.2506847759471568,0.09719404704624919,0.05007292747109275,0.08405692385159422,0.20693013707220123,0.088909721718084,ACQ2
485,USA,IRN,Nego,5.45,1.53,1,1,0.12187771026563102,0.12920397432925043,0.18364188537684611,0.04518242760629595,0.07598590325117158,0.08931435979883057,0.2198728179527281,0.13492092141924616,WAR1,0.12675440203648317,0.09539706485713863,0.2506847759471568,0.09719404704624919,0.05007292747109275,0.08405692385159422,0.20693013707220123,0.088909721718084,ACQ2
485,USA,IRN,Nego,5.45,1.54,1,1,0.1226448955961628,0.1305004819878843,0.1795685576605958,0.045381016172957866,0.07686749177119775,0.08913066991690861,0.21942061281954964,0.1364862740747432,WAR1,0.12675440203648317,0.09539706485713863,0.2506847759471568,0.09719404704624919,0.05007292747109275,0.08405692385159422,0.20693013707220123,0.088909721718084,ACQ2
485,USA,IRN,Nego,5.45,1.55,1,1,0.12338470003069023,0.13178478014161774,0.1755106876503485,0.04559325847567258,0.0777567053034584,0.08894389346026113,0.21896080920070482,0.1380651657372467,WAR1,0.12675440203648317,0.09539706485713863,0.2506847759471568,0.09719404704624919,0.05007292747109275,0.08405692385159422,0.20693013707220123,0.088909721718084,ACQ2
485,USA,IRN,Nego,5.45,1.56,1,1,0.12409539754095993,0.13305509466710666,0.1714714074547689,0.045820028109260065,0.07865308225359585,0.08875425448999534,0.21849395868663396,0.13965677679767913,WAR1,0.12675440203648317,0.09539706485713863,0.2506847759471568,0.09719404704624919,0.05007292747109275,0.08405692385159422,0.20693013707220123,0.088909721718084,ACQ2
485,USA,IRN,Nego,5.45,1.57,1,1,0.12477527877074823,0.1343096169582868,0.16745384346401576,0.04606223349535245,0.07955613924128589,0.08856199127133688,0.21802064783527358,0.1412602489637003,WAR1,0.12675440203648317,0.09539706485713863,0.2506847759471568,0.09719404704624919,0.05007292747109275,0.08405692385159422,0.20693013707220123,0.088909721718084,ACQ2
485,USA,IRN,Nego,5.45,1.58,1,1,0.12542265873942,0.13554650849683728,0.1634611076938127,0.0463208167039746,0.0804653714932759,0.08836735525375339,0.217541495661339,0.14287468595758707,WAR1,0.12675440203648317,0.09539706485713863,0.2506847759471568,0.09719404704624919,0.05007292747109275,0.08405692385159422,0.20693013707220123,0.088909721718084,ACQ2
485,USA,IRN,Nego,5.45,1.59,1,1,0.12603588481131495,0.1367639057842345,0.15949628890647202,0.04659675204859199,0.08138025333847766,0.08817060991788095,0.21705715079770502,0.1444991543953227,WAR1,0.12675440203648317,0.09539706485713863,0.2506847759471568,0.09719404704624919,0.05007292747109275,0.08405692385159422,0.20693013707220123,0.088909721718084,ACQ2
485,USA,IRN,Nego,5.45,1.6,1,1,0.12661334488043152,0.13795992561732556,0.15556244356356605,0.046891044452267924,0.08230023880658635,0.08797202949277168,0.21656828833754327,0.14613268484950762,WAR1,0.12675440203648317,0.09539706485713863,0.2506847759471568,0.09719404704624919,0.05007292747109275,0.08405692385159422,0.20693013707220123,0.088909721718084,ACQ2
485,USA,IRN,Nego,5.45,1.61,1,1,0.12715347571436603,0.13913267068523466,0.15166258666902474,0.04720472758446122,0.08322476233100563,0.08777189754858954,0.21607560636984172,0.1477742730974764,WAR1,0.12675440203648317,0.09539706485713863,0.2506847759471568,0.09719404704624919,0.05007292747109275,0.08405692385159422,0.20693013707220123,0.088909721718084,ACQ2
485,USA,IRN,Nego,5.45,1.62,1,1,0.12765477139638504,0.14028023546142232,0.14779968256492076,0.04753886176995957,0.08415323955614366,0.08757050547150652,0.21557982222492572,0.1494228815547363,WAR1,0.12675440203648317,0.09539706485713863,0.2506847759471568,0.09719404704624919,0.05007292747109275,0.08405692385159422,0.20693013707220123,0.088909721718084,ACQ2
485,USA,IRN,Nego,5.45,1.63,1,1,0.1281157917999747,0.14140071236091245,0.14397663574498232,0.047894531673454595,0.08508506824842228,0.08736815082915181,0.21508166845054308,0.15107744089255903,WAR1,0.12675440203648317,0.09539706485713863,0.2506847759471568,0.09719404704624919,0.05007292747109275,0.08405692385159422,0.20693013707220123,0.088909721718084,ACQ2
485,USA,IRN,Nego,5.45,1.64,1,1,0.12853517102633236,0.14249219812917438,0.14019628175287194,0.04827284376529299,0.08601962930961846,0.08716513563652335,0.2145818885429115,0.15273685183727517,WAR1,0.12675440203648317,0.09539706485713863,0.2506847759471568,0.09719404704624919,0.05007292747109275,0.08405692385159422,0.20693013707220123,0.088909721718084,ACQ2
485,USA,IRN,Nego,5.45,1.65,1,1,0.1289116257321544,0.14355280042595342,0.13646137823343016,0.04867492357595769,0.0869562878904482,0.08696176453374706,0.21408123246075075,0.1543999871475584,WAR1,0.12675440203648317,0.09539706485713863,0.2506847759471568,0.09719404704624919,0.05007292747109275,0.08405692385159422,0.20693013707220123,0.088909721718084,ACQ2
485,USA,IRN,Nego,5.45,1.66,1,1,0.12924396327281581,0.1445806445645503,0.13277459620531726,0.049101912748815014,0.08789439460160925,0.08675834288843581,0.2135804519536978,0.15606569376475884,WAR1,0.12675440203648317,0.09539706485713863,0.2506847759471568,0.09719404704624919,0.05007292747109275,0.08405692385159422,0.20693013707220123,0.088909721718084,ACQ2
485,USA,IRN,Nego,5.45,1.67,1,1,0.12953108958472337,0.14557388036471286,0.12913851162281897,0.049554965902578664,0.08883328681884058,0.08655517483663036,0.21308029573952303,0.15773279513017235,WAR1,0.12675440203648317,0.09539706485713863,0.2506847759471568,0.09719404704624919,0.05007292747109275,0.08405692385159422,0.20693013707220123,0.088909721718084,ACQ2
485,USA,IRN,Nego,5.45,1.68,1,1,0.1297720167303049,0.14653068907546113,0.1255555972929467,0.05003524731677511,0.08977229007792666,0.08635256127737173,0.2125815045671968,0.15940009366201713,WAR1,0.12675440203648317,0.09539706485713863,0.2506847759471568,0.09719404704624919,0.05007292747109275,0.08405692385159422,0.20693013707220123,0.088909721718084,ACQ2
485,USA,IRN,Nego,5.45,1.69,1,1,0.12996587002982538,0.1474492903228489,0.12202821521141576,0.050543927455215756,0.09071071955499016,0.08615079783683453,0.21208480620502215,0.16106637338384738,WAR1,0.12675440203648317,0.09539706485713863,0.2506847759471568,0.09719404704624919,0.05007292747109275,0.08405692385159422,0.20693013707220123,0.088909721718084,ACQ2
485,USA,IRN,Nego,5.45,1.7,1,1,0.13011189470601447,0.14832794903688357,0.11855860937763431,0.05108217934408596,0.09164788162686983,0.08595017281862798,0.21159091039471523,0.16273040269516872,WAR1,0.12675440203648317,0.09539706485713863,0.2506847759471568,0.09719404704624919,0.05007292747109275,0.08405692385159422,0.20693013707220123,0.088909721718084,ACQ2
485,USA,IRN,Nego,5.45,1.71,1,1,0.13020946197034955,0.14916498231158376,0.1151488991445527,0.05165117482272695,0.09258307550588046,0.08575096515733227,0.21110050381344975,0.16439093727412446,WAR1,0.12675440203648317,0.09539706485713863,0.2506847759471568,0.09719404704624919,0.05007292747109275,0.08405692385159422,0.20693013707220123,0.088909721718084,ACQ2
485,USA,IRN,Nego,5.45,1.72,1,1,0.13025807448373503,0.14995876615243162,0.11180107315418833,0.052252080686518446,0.09351559494279044,0.08555344239257001,0.21061424508645532,0.1660467231013109,WAR1,0.12675440203648317,0.09539706485713863,0.2506847759471568,0.09719404704624919,0.05007292747109275,0.08405692385159422,0.20693013707220123,0.088909721718084,ACQ2
485,USA,IRN,Nego,5.45,1.73,1,1,0.130257371129223,0.15070774206624235,0.10851698390393899,0.0528860547424521,0.09444472999142757,0.08535785868092023,0.21013275989277597,0.16769649959301963,WAR1,0.12675440203648317,0.09539706485713863,0.2506847759471568,0.09719404704624919,0.05007292747109275,0.08405692385159422,0.20693013707220123,0.088909721718084,ACQ2
485,USA,IRN,Nego,5.45,1.74,1,1,0.130207131040245,0.1514104234496923,0.10529834298256202,0.053554241799031996,0.09536976882793514,0.08516445286276261,0.20965663620625405,0.16933900283151682,WAR1,0.12675440203648317,0.09539706485713863,0.2506847759471568,0.09719404704624919,0.05007292747109275,0.08405692385159422,0.20693013707220123,0.088909721718084,ACQ2
485,USA,IRN,Nego,5.45,1.75,1,1,0.13010727683450019,0.1520654017343536,0.10214671700802978,0.05425776961303946,0.09628999961732947,0.08497344660070293,0.20918641971273305,0.1709729688793118,WAR1,0.12675440203648317,0.09539706485713863,0.2506847759471568,0.09719404704624919,0.05007292747109275,0.08405692385159422,0.20693013707220123,0.088909721718084,ACQ2
485,USA,IRN,Nego,5.45,1.76,1,1,0.12995787701106865,0.15267135224803036,0.099063524292523,0.0549977448164688,0.09720471241966537,0.08478504260559276,0.20872260944289825,0.17259713716375263,WAR1,0.12675440203648317,0.09539706485713863,0.2506847759471568,0.09719404704624919,0.05007292747109275,0.08405692385159422,0.20693013707220123,0.088909721718084,ACQ2
485,USA,IRN,Nego,5.45,1.77,1,1,0.12975914747637202,0.15322703975440516,0.09605003225271477,0.05577524884757556,0.09811320112777656,0.08459942296532919,0.20826565365813923,0.17421025391768757,WAR1,0.12675440203648317,0.09539706485713863,0.2506847759471568,0.09719404704624919,0.05007292747109275,0.08405692385159422,0.20693013707220123,0.088909721718084,ACQ2
485,USA,IRN,Nego,5.45,1.78,1,1,0.1295114521731643,0.15373132363543085,0.09310735557636282,0.05659133391048267,0.09901476542822489,0.0844167475906263,0.2078159460243727,0.17581107566133525,WAR1,0.12675440203648317,0.09539706485713863,0.2506847759471568,0.09719404704624919,0.05007292747109275,0.08405692385159422,0.20693013707220123,0.088909721718084,ACQ2
485,USA,IRN,Nego,5.45,1.79,1,1,0.1292153027956892,0.15418316268347093,0.09023645514919382,0.05744701898816708,0.0999087127767619,0.08423715279081836,0.2073738221059752,0.1773983727099236,WAR1,0.12675440203648317,0.09539706485713863,0.2506847759471568,0.09719404704624919,0.05007292747109275,0.08405692385159422,0.20693013707220123,0.088909721718084,ACQ2
485,USA,IRN,Nego,5.45,1.8,1,1,0.12887135758333207,0.15458161947286006,0.08743813773922937,0.05834328593388085,0.10079436037927092,0.08406074999149421,0.20693955620887297,0.17897093269105957,WAR1,0.12675440203648317,0.09539706485713863,0.2506847759471568,0.09719404704624919,0.05007292747109275,0.08405692385159422,0.20693013707220123,0.088909721718084,ACQ2
485,USA,IRN,Nego,5.45,1.81,1,1,0.12848041919442213,0.15492586428327998,0.08471305642918378,0.059281075666153815,0.10167103716882471,0.08388762460441396,0.20651335859851971,0.18052756405520198,WAR1,0.12675440203648317,0.09539706485713863,0.2506847759471568,0.09719404704624919,0.05007292747109275,0.08405692385159422,0.20693013707220123,0.088909721718084,ACQ2
485,USA,IRN,Nego,5.45,1.82,1,1,0.1280434316711581,0.15521517855008998,0.08206171178141626,0.06026128449244326,0.10253808576916362,0.08371783505873188,0.20609537311497467,0.18206709956202233,WAR1,0.12675440203648317,0.09539706485713863,0.2506847759471568,0.09719404704624919,0.05007292747109275,0.08405692385159422,0.20693013707220123,0.088909721718084,ACQ2
485,USA,IRN,Nego,5.45,1.83,1,1,0.1275614765158342,0.15544895781951618,0.07948445371422583,0.06128476058623342,0.10339486443458099,0.08355141200107291,0.2056856752036622,0.18358839972487434,WAR1,0.12675440203648317,0.09539706485713863,0.2506847759471568,0.09719404704624919,0.05007292747109275,0.08405692385159422,0.20693013707220123,0.088909721718084,ACQ2
485,USA,IRN,Nego,5.45,1.84,1,1,0.12703576790750762,0.15562671418937257,0.07698148406305651,0.06235230064190725,0.10424074895591094,0.08338835767049847,0.2052842703766719,0.18509035619507466,WAR1,0.12675440203648317,0.09539706485713863,0.2506847759471568,0.09719404704624919,0.05007292747109275,0.08405692385159422,0.20693013707220123,0.088909721718084,ACQ2
485,USA,IRN,Nego,5.45,1.85,1,1,0.12646764709688588,0.15574807821879513,0.07455285979547072,0.06346464673098341,0.10507513452205905,0.08322864545286815,0.20489109311569215,0.18657189506724553,WAR1,0.12675440203648317,0.09539706485713863,0.2506847759471568,0.09719404704624919,0.05007292747109275,0.08405692385159422,0.20693013707220123,0.088909721718084,ACQ2
485,USA,IRN,Nego,5.45,1.86,1,1,0.12585857602541017,0.15581280029332087,0.07219849684454933,0.06462248338230811,0.10589743752632289,0.08307221961756893,0.2045060062238943,0.18803198008662542,WAR1,0.12675440203648317,0.09539706485713863,0.2506847759471568,0.09719404704624919,0.05007292747109275,0.08405692385159422,0.20693013707220123,0.088909721718084,ACQ2
485,USA,IRN,Nego,5.45,1.87,1,1,0.12521013022219835,0.15582075143459995,0.0699181745216756,0.06582643490747193,0.10670709730663334,0.08291899523805422,0.20412880063031627,0.18946961573905036,WAR1,0.12675440203648317,0.09539706485713863,0.2506847759471568,0.09719404704624919,0.05007292747109275,0.08405692385159422,0.20693013707220123,0.088909721718084,ACQ2
485,USA,IRN,Nego,5.45,1.88,1,1,0.12452399103959172,0.155771923547104,0.06771154046645196,0.06707706299106499,0.10750357780883149,0.08276885829611767,0.20375919564656303,0.19088385020427506,WAR1,0.12675440203648317,0.09539706485713863,0.2506847759471568,0.09719404704624919,0.05007292747109275,0.08405692385159422,0.20693013707220123,0.088909721718084,ACQ2
485,USA,IRN,Nego,5.45,1.89,1,1,0.12380193729446703,0.155666429097451,0.0655781160887407,0.06837486456336717,0.10828636916220075,0.0826216659683288,0.2033968396719486,0.192273778153496,WAR1,0.12675440203648317,0.09539706485713863,0.2506847759471568,0.09719404704624919,0.05007292747109275,0.08405692385159422,0.20693013707220123,0.088909721718084,ACQ2
485,USA,IRN,Nego,5.45,1.9,1,1,0.12304583638813806,0.15550450022542686,0.06351730245550478,0.06972026997068036,0.1090549891567199,0.08247724709158213,0.20304131133957976,0.19363854337236808,WAR1,0.12675440203648317,0.09539706485713863,0.2506847759471568,0.09719404704624919,0.05007292747109275,0.08405692385159422,0.20693013707220123,0.088909721718084,ACQ2
485,USA,IRN,Nego,5.45,1.91,1,1,0.12225763498254032,0.15528648728948163,0.061528386573208256,0.071113641455751,0.10980898461190278,0.08233540280326983,0.20269212109232315,0.1949773411915231,WAR1,0.12675440203648317,0.09539706485713863,0.2506847759471568,0.09719404704624919,0.05007292747109275,0.08405692385159422,0.20693013707220123,0.088909721718084,ACQ2
485,USA,IRN,Nego,5.45,1.92,1,1,0.12143934931438496,0.15501285685341556,0.0596105480150132,0.0725552719576197,0.11054793262765904,0.08219590735017553,0.20234871317412811,0.1962894207076039,WAR1,0.12675440203648317,0.09539706485713863,0.2506847759471568,0.09719404704624919,0.05007292747109275,0.08405692385159422,0.20693013707220123,0.088909721718084,ACQ2
485,USA,IRN,Nego,5.45,1.93,1,1,0.1205930552320421,0.15468418912515802,0.05776286584085065,0.0740453842367985,0.11127144170835478,0.08205850905882398,0.20201046801882058,0.1975740867791513,WAR1,0.12675440203648317,0.09539706485713863,0.2506847759471568,0.09719404704624919,0.05007292747109275,0.08405692385159422,0.20693013707220123,0.088909721718084,ACQ2
485,USA,IRN,Nego,5.45,1.94,1,1,0.11972087804201949,0.15430117486292766,0.05598432575765156,0.07558413032798024,0.11197915275216226,0.08192293145870984,0.20167670501525087,0.1988307017832983,WAR1,0.12675440203648317,0.09539706485713863,0.2506847759471568,0.09719404704624919,0.05007292747109275,0.08405692385159422,0.20693013707220123,0.088909721718084,ACQ2
485,USA,IRN,Nego,5.45,1.95,1,1,0.11882498225299146,0.15386461176862495,0.05427382746659259,0.07717159131857157,0.11267073989887302,0.08178887454858161,0.20134668562461405,0.20005868712115082,WAR1,0.12675440203648317,0.09539706485713863,0.2506847759471568,0.09719404704624919,0.05007292747109275,0.08405692385159422,0.20693013707220123,0.088909721718084,ACQ2
485,USA,IRN,Nego,5.45,1.96,1,1,0.11790756130537977,0.1533754003929586,0.05263019214415442,0.07880777744732155,0.11334591123057901,0.08165601619479358,0.2010196168228924,0.20125752446192074,WAR2,0.12675440203648317,0.09539706485713863,0.2506847759471568,0.09719404704624919,0.05007292747109275,0.08405692385159422,0.20693013707220123,0.088909721718084,ACQ2
485,USA,IRN,Nego,5.45,1.97,1,1,0.11697082737347335,0.15283453958146823,0.05105217000411362,0.08049262851325865,0.11400440932098474,0.08152401364967059,0.20069465483874457,0.20242675671828647,WAR2,0.12675440203648317,0.09539706485713863,0.2506847759471568,0.09719404704624919,0.05007292747109275,0.08405692385159422,0.20693013707220123,0.088909721718084,ACQ2
485,USA,IRN,Nego,5.45,1.98,1,1,0.11601700132498649,0.15224312149516564,0.04953844788831902,0.08222601458117682,0.11464601163058193,0.08139250517688004,0.20037090915482272,0.2035659887480674,WAR2,0.12675440203648317,0.09539706485713863,0.2506847759471568,0.09719404704624919,0.05007292747109275,0.08405692385159422,0.20693013707220123,0.088909721718084,ACQ2
485,USA,IRN,Nego,5.45,1.99,1,1,0.11504830291981953,0.15160232624387707,0.04808765683524805,0.08400773696611576,0.11527053074644737,0.08126111176998933,0.200047446738493,0.20467488778000986,WAR2,0.12675440203648317,0.09539706485713863,0.2506847759471568,0.09719404704624919,0.05007292747109275,0.08405692385159422,0.20693013707220123,0.088909721718084,ACQ2
485,USA,IRN,Nego,5.46,1.5,1,1,0.11934553640258225,0.12614138783382536,0.19242036284444086,0.045213791346706604,0.07415700830939917,0.08985200382121132,0.22119638234397,0.13167352709786426,WAR1,0.12675440203648317,0.09539706485713863,0.2506847759471568,0.09719404704624919,0.05007292747109275,0.08405692385159422,0.20693013707220123,0.088909721718084,ACQ2
485,USA,IRN,Nego,5.46,1.51,1,1,0.12017024021882407,0.12746289969686023,0.18831079835601652,0.04539118956821043,0.0750232421471139,0.0896733757645368,0.2207566383400394,0.133211615908399,WAR1,0.12675440203648317,0.09539706485713863,0.2506847759471568,0.09719404704624919,0.05007292747109275,0.08405692385159422,0.20693013707220123,0.088909721718084,ACQ2
485,USA,IRN,Nego,5.46,1.52,1,1,0.12097145390148861,0.12877587591515258,0.18421008760205443,0.04558059835665941,0.07589799204424186,0.08949114386351327,0.22030802244345582,0.13476482587343394,WAR1,0.12675440203648317,0.09539706485713863,0.2506847759471568,0.09719404704624919,0.05007292747109275,0.08405692385159422,0.20693013707220123,0.088909721718084,ACQ2
485,USA,IRN,Nego,5.46,1.53,1,1,0.12174742857008816,0.13007860974151791,0.18012137711095466,0.045782820848310285,0.07678083667445648,0.08930550321927283,0.2198510149514059,0.13633240888399378,WAR1,0.12675440203648317,0.09539706485713863,0.2506847759471568,0.09719404704624919,0.05007292747109275,0.08405692385159422,0.20693013707220123,0.088909721718084,ACQ2
485,USA,IRN,Nego,5.46,1.54,1,1,0.12249641600526187,0.13136935064843025,0.17604782586820586,0.04599869702968665,0.07767133210116474,0.08911666527394073,0.21938613638909993,0.13791357668421017,WAR1,0.12675440203648317,0.09539706485713863,0.2506847759471568,0.09719404704624919,0.05007292747109275,0.08405692385159422,0.20693013707220123,0.088909721718084,ACQ2
485,USA,IRN,Nego,5.46,1.55,1,1,0.12321667572132314,0.13264630818020426,0.1719925971457787,0.04622910298791853,0.07856901198225472,0.0889248570674475,0.2189139456802024,0.13950750123487096,WAR1,0.12675440203648317,0.09539706485713863,0.2506847759471568,0.09719404704624919,0.05007292747109275,0.08405692385159422,0.20693013707220123,0.088909721718084,ACQ2
485,USA,IRN,Nego,5.46,1.56,1,1,0.12390648240223297,0.13390765620449321,0.1679588499948388,0.046474949939322704,0.07947338787548382,0.0887303203546308,0.2184350379733275,0.14111331525567017,WAR1,0.12675440203648317,0.09539706485713863,0.2506847759471568,0.09719404704624919,0.05007292747109275,0.08405692385159422,0.20693013707220123,0.088909721718084,ACQ2
485,USA,IRN,Nego,5.46,1.57,1,1,0.12456413366255342,0.13515153755367468,0.16394973044717565,0.04673718303017011,0.08038394964740471,0.08853331058277207,0.2179500421249513,0.14273011295129812,WAR1,0.12675440203648317,0.09539706485713863,0.2506847759471568,0.09719404704624919,0.05007292747109275,0.08405692385159422,0.20693013707220123,0.088909721718084,ACQ2
485,USA,IRN,Nego,5.46,1.58,1,1,0.1251879580887248,0.13637606904236474,0.1599683624760183,0.04701677990532635,0.08130016598805435,0.08833409573126337,0.217459617842922,0.1443569509253261,WAR1,0.12675440203648317,0.09539706485713863,0.2506847759471568,0.09719404704624919,0.05007292747109275,0.08405692385159422,0.20693013707220123,0.088909721718084,ACQ2
485,USA,IRN,Nego,5.46,1.59,1,1,0.12577632350996817,0.13757934684293424,0.15601783877177947,0.04731474904232785,0.08222148503292796,0.08813295501672963,0.21696445249874707,0.14599284928458567,WAR1,0.12675440203648317,0.09539706485713863,0.2506847759471568,0.09719404704624919,0.05007292747109275,0.08405692385159422,0.20693013707220123,0.088909721718084,ACQ2
485,USA,IRN,Nego,5.46,1.6,1,1,0.12632764544237188,0.13875945219654554,0.15210121139266355,0.047632127850441464,0.0831473350930074,0.08793017746860107,0.2164652576209581,0.1476367929354109,WAR1,0.12675440203648317,0.09539706485713863,0.2506847759471568,0.09719404704624919,0.05007292747109275,0.08405692385159422,0.20693013707220123,0.088909721718084,ACQ2
485,USA,IRN,Nego,5.46,1.61,1,1,0.12684039564439642,0.13991445743299247,0.14822148235385266,0.04796998053632777,0.0840771254928491,0.08772606038182103,0.21596276508600942,0.14928773307175097,WAR1,0.12675440203648317,0.09539706485713863,0.2506847759471568,0.09719404704624919,0.05007292747109275,0.08405692385159422,0.20693013707220123,0.088909721718084,ACQ2
485,USA,IRN,Nego,5.46,1.62,1,1,0.12731311071724516,0.14104243226856314,0.14438159422206287,0.04832939574005335,0.08501024751594911,0.08752090765505577,0.21545772302730617,0.15094458885376474,WAR1,0.12675440203648317,0.09539706485713863,0.2506847759471568,0.09719404704624919,0.05007292747109275,0.08405692385159422,0.20693013707220123,0.088909721718084,ACQ2
485,USA,IRN,Nego,5.46,1.63,1,1,0.127744400679422,0.14214145034735526,0.1405844207845475,0.04871148394735063,0.08594607545581978,0.08731502802440633,0.2149508914869815,0.1526062492741175,WAR1,0.12675440203648317,0.09539706485713863,0.2506847759471568,0.09719404704624919,0.05007292747109275,0.08405692385159422,0.20693013707220123,0.088909721718084,ACQ2
485,USA,IRN,Nego,5.46,1.64,1,1,0.12813295744144731,0.14320959598801378,0.136832757863043,0.04911737468616658,0.08688396777043643,0.08710873320418504,0.21444303783888644,0.1542715752078216,WAR1,0.12675440203648317,0.09539706485713863,0.2506847759471568,0.09719404704624919,0.05007292747109275,0.08405692385159422,0.20693013707220123,0.088909721718084,ACQ2
485,USA,IRN,Nego,5.46,1.65,1,1,0.12847756310421557,0.144244971094811,0.13312931434363368,0.04954821351765093,0.08782326833695529,0.08690233594777418,0.2139349320148399,0.15593940164011966,WAR1,0.12675440203648317,0.09539706485713863,0.2506847759471568,0.09719404704624919,0.05007292747109275,0.08405692385159422,0.20693013707220123,0.088909721718084,ACQ2
485,USA,IRN,Nego,5.46,1.66,1,1,0.1287770980029584,0.1452457021894071,0.12947670349303975,0.05000515883377546,0.08876330780287955,0.08669614804289888,0.2134273415694198,0.15760854006562097,WAR1,0.12675440203648317,0.09539706485713863,0.2506847759471568,0.09719404704624919,0.05007292747109275,0.08405692385159422,0.20693013707220123,0.088909721718084,ACQ2
485,USA,IRN,Nego,5.46,1.67,1,1,0.12903054841828174,0.14620994751755692,0.12587743463036402,0.05048937847572504,0.08970340502916112,0.08649047825680353,0.21292102662142745,0.15927778105068,WAR1,0.12675440203648317,0.09539706485713863,0.2506847759471568,0.09719404704624919,0.05007292747109275,0.08405692385159422,0.20693013707220123,0.088909721718084,ACQ2
485,USA,IRN,Nego,5.46,1.68,1,1,0.12923701387632697,0.14713590418351236,0.12233390522089387,0.05100204618903419,0.09064286862008139,0.08628563024777827,0.2124167347125134,0.16094589694985956,WAR1,0.12675440203648317,0.09539706485713863,0.2506847759471568,0.09719404704624919,0.05007292747109275,0.08405692385159422,0.20693013707220123,0.088909721718084,ACQ2
485,USA,IRN,Nego,5.46,1.69,1,1,0.12939571396179286,0.14802181526391706,0.11884839345517313,0.05154433793313857,0.09158099853415846,0.08608190046023911,0.21191519562531574,0.16261164476626502,WAR1,0.12675440203648317,0.09539706485713863,0.2506847759471568,0.09719404704624919,0.05007292747109275,0.08405692385159422,0.20693013707220123,0.088909721718084,ACQ2
485,USA,IRN,Nego,5.46,1.7,1,1,0.12950599457035664,0.14886597685262157,0.11542305137227092,0.052117428064559636,0.09251708776978194,0.08587957602108988,0.2114171162047541,0.1642737691445655,WAR1,0.12675440203648317,0.09539706485713863,0.2506847759471568,0.09719404704624919,0.05007292747109275,0.08405692385159422,0.20693013707220123,0.088909721718084,ACQ2
485,USA,IRN,Nego,5.46,1.71,1,1,0.12956733353091485,0.14966674498803303,0.1120598985810867,0.052722485414324116,0.09345042411878084,0.0856789326553853,0.210923175226838,0.16593100548463713,WAR1,0.12675440203648317,0.09539706485713863,0.2506847759471568,0.09719404704624919,0.05007292747109275,0.08405692385159422,0.20693013707220123,0.088909721718084,ACQ2
485,USA,IRN,Nego,5.46,1.72,1,1,0.12957934553300515,0.1504225424153555,0.10876081662770952,0.05336066928144011,0.09438029198068215,0.08548023263936448,0.21043401835947456,0.16758208316296866,WAR1,0.12675440203648317,0.09539706485713863,0.2506847759471568,0.09719404704624919,0.05007292747109275,0.08405692385159422,0.20693013707220123,0.088909721718084,ACQ2
485,USA,IRN,Nego,5.46,1.73,1,1,0.12954178630068536,0.1511318651372998,0.10552754405043269,0.054033125365298,0.09530597423001087,0.08528372280873472,0.2099502532592904,0.16922572884824844,WAR1,0.12675440203648317,0.09539706485713863,0.2506847759471568,0.09719404704624919,0.05007292747109275,0.08405692385159422,0.20693013707220123,0.088909721718084,ACQ2
485,USA,IRN,Nego,5.46,1.74,1,1,0.12945455596096753,0.1517932887085376,0.102361672157118,0.05474098166074678,0.0962267541286183,0.085089632639664,0.20947244484744454,0.17086066989690302,WAR1,0.12675440203648317,0.09539706485713863,0.2506847759471568,0.09719404704624919,0.05007292747109275,0.08405692385159422,0.20693013707220123,0.088909721718084,ACQ2
485,USA,IRN,Nego,5.46,1.75,1,1,0.12931770156251277,0.15240547423124542,0.09926464155236041,0.05548534434030677,0.09714191727468605,0.08489817241929729,0.20900111080583364,0.17248563781375786,WAR1,0.12675440203648317,0.09539706485713863,0.2506847759471568,0.09719404704624919,0.05007292747109275,0.08405692385159422,0.20693013707220123,0.088909721718084,ACQ2
485,USA,IRN,Nego,5.46,1.76,1,1,0.12913141870858816,0.15296717401149393,0.09623773943444401,0.05626729364852999,0.09805075357974354,0.08470953152176604,0.20853671733299506,0.17409937176243911,WAR1,0.12675440203648317,0.09539706485713863,0.2506847759471568,0.09719404704624919,0.05007292747109275,0.08405692385159422,0.20693013707220123,0.088909721718084,ACQ2
485,USA,IRN,Nego,5.46,1.77,1,1,0.1288960522771308,0.15347723683890852,0.0932820976745619,0.05708787983390811,0.09895255926474733,0.08452387680463043,0.20807967519649248,0.17570062210962045,WAR1,0.12675440203648317,0.09539706485713863,0.2506847759471568,0.09719404704624919,0.05007292747109275,0.08405692385159422,0.20693013707220123,0.088909721718084,ACQ2
485,USA,IRN,Nego,5.46,1.78,1,1,0.12861209621002084,0.15393461285489324,0.09039869168330325,0.05794811914395308,0.09984663886598508,0.08434135113950307,0.20763033611562526,0.17728815398671616,WAR1,0.12675440203648317,0.09539706485713863,0.2506847759471568,0.09719404704624919,0.05007292747109275,0.08405692385159422,0.20693013707220123,0.088909721718084,ACQ2
485,USA,IRN,Nego,5.46,1.79,1,1,0.12828019236320842,0.15433835797772918,0.08758834006213503,0.058848989909138574,0.10073230724130734,0.08416207208927733,0.20718898950504874,0.1788607508521555,WAR1,0.12675440203648317,0.09539706485713863,0.2506847759471568,0.09719404704624919,0.05007292747109275,0.08405692385159422,0.20693013707220123,0.088909721718084,ACQ2
485,USA,IRN,Nego,5.46,1.8,1,1,0.12790112841901766,0.15468763785595752,0.08485170503061253,0.05979142874128037,0.10160889156692877,0.08398613074294543,0.2067558596063458,0.18041721803691174,WAR1,0.12675440203648317,0.09539706485713863,0.2506847759471568,0.09719404704624919,0.05007292747109275,0.08405692385159422,0.20693013707220123,0.088909721718084,ACQ2
485,USA,IRN,Nego,5.46,1.81,1,1,0.127475834871636,0.1549817313246278,0.08218929361344125,0.06077632687164018,0.10247573331480085,0.08381359071747024,0.2063311030308487,0.18195638625553484,WAR1,0.12675440203648317,0.09539706485713863,0.2506847759471568,0.09719404704624919,0.05007292747109275,0.08405692385159422,0.20693013707220123,0.088909721718084,ACQ2
485,USA,IRN,Nego,5.46,1.82,1,1,0.12700538110636148,0.15522003334218643,0.07960145956535138,0.061804526653540956,0.1033321902003355,0.08364448733458617,0.2059148067330998,0.18347711506453812,WAR1,0.12675440203648317,0.09539706485713863,0.2506847759471568,0.09719404704624919,0.05007292747109275,0.08405692385159422,0.20693013707220123,0.088909721718084,ACQ2
485,USA,IRN,Nego,5.46,1.83,1,1,0.12649097060249523,0.1554020573890013,0.07708840600608793,0.06287681825356585,0.10417763809006868,0.08347882697878242,0.20550698643034385,0.18497829624965478,WAR1,0.12675440203648317,0.09539706485713863,0.2506847759471568,0.09719404704624919,0.05007292747109275,0.08405692385159422,0.20693013707220123,0.088909721718084,ACQ2
485,USA,IRN,Nego,5.46,1.84,1,1,0.1259339352987256,0.15552743731176977,0.07465018873269698,0.06399393655444616,0.10501147285870441,0.08331658664106813,0.20510758547937477,0.18645885712321397,WAR1,0.12675440203648317,0.09539706485713863,0.2506847759471568,0.09719404704624919,0.05007292747109275,0.08405692385159422,0.20693013707220123,0.088909721718084,ACQ2
485,USA,IRN,Nego,5.46,1.85,1,1,0.12533572916834254,0.15559592860134738,0.07228672017171663,0.06515655829150829,0.10583311218489358,0.08315771365146558,0.20471647421799233,0.1879177637127336,WAR1,0.12675440203648317,0.09539706485713863,0.2506847759471568,0.09719404704624919,0.05007292747109275,0.08405692385159422,0.20693013707220123,0.088909721718084,ACQ2
485,USA,IRN,Nego,5.46,1.86,1,1,0.12469792105955446,0.15560740909488852,0.06999777392986442,0.06636529944301514,0.1066419972750862,0.08300212560152978,0.20433344977426113,0.18935402382180055,WAR1,0.12675440203648317,0.09539706485713863,0.2506847759471568,0.09719404704624919,0.05007292747109275,0.08405692385159422,0.20693013707220123,0.088909721718084,ACQ2
485,USA,IRN,Nego,5.46,1.87,1,1,0.12402218686346547,0.15556187909665095,0.06778298989833774,0.06762071289288347,0.10743759450488502,0.08284971045655985,0.2039582363427514,0.19076668994446594,WAR1,0.12675440203648317,0.09539706485713863,0.2506847759471568,0.09719404704624919,0.05007292747109275,0.08405692385159422,0.20693013707220123,0.088909721718084,ACQ2
485,USA,IRN,Nego,5.46,1.88,1,1,0.12331030107883324,0.15545946091538676,0.06564187986289129,0.06892328638207687,0.10821939696752222,0.08270032685556693,0.20359048592299567,0.19215486201472703,WAR1,0.12675440203648317,0.09539706485713863,0.2506847759471568,0.09719404704624919,0.05007292747109275,0.08405692385159422,0.20693013707220123,0.088909721718084,ACQ2
485,USA,IRN,Nego,5.46,1.89,1,1,0.12256412784847999,0.15530039781997984,0.06357383356940491,0.07027344076244497,0.10898692591940967,0.08255380459549372,0.20322977951153315,0.19351768997325383,WAR1,0.12675440203648317,0.09539706485713863,0.2506847759471568,0.09719404704624919,0.05007292747109275,0.08405692385159422,0.20693013707220123,0.088909721718084,ACQ2
485,USA,IRN,Nego,5.46,1.9,1,1,0.12178561154713421,0.15508505241889092,0.06157812519268247,0.07167152856392864,0.10973973211318747,0.08240994529465707,0.20287562873516413,0.19485437613435505,WAR1,0.12675440203648317,0.09539706485713863,0.2506847759471568,0.09719404704624919,0.05007292747109275,0.08405692385159422,0.20693013707220123,0.088909721718084,ACQ2
485,USA,IRN,Nego,5.46,1.91,1,1,0.1209767670044419,0.15481390447305013,0.05965392015469777,0.07311783288287715,0.11047739700931919,0.082268523228913,0.20252747790940798,0.19616417733729316,WAR1,0.12675440203648317,0.09539706485713863,0.2506847759471568,0.09719404704624919,0.05007292747109275,0.08405692385159422,0.20693013707220123,0.088909721718084,ACQ2
485,USA,IRN,Nego,5.46,1.92,1,1,0.12013966944988576,0.15448754815608723,0.05780028223742418,0.0746125665957797,0.11119953385806797,0.08212928633262817,0.20218470650268125,0.19744640686744583,WAR1,0.12675440203648317,0.09539706485713863,0.2506847759471568,0.09719404704624919,0.05007292747109275,0.08405692385159422,0.20693013707220123,0.088909721718084,ACQ2
485,USA,IRN,Nego,5.46,1.93,1,1,0.11927644426832361,0.15410668878017872,0.05601618093472191,0.07615587189903783,0.11190578864463066,0.08199195735520413,0.20184663198341257,0.19870043613449045,WAR1,0.12675440203648317,0.09539706485713863,0.2506847759471568,0.09719404704624919,0.05007292747109275,0.08405692385159422,0.20693013707220123,0.088909721718084,ACQ2
485,USA,IRN,Nego,5.46,1.94,1,1,0.11838925665577539,0.153672139010271,0.05430049898751766,0.0777478201715697,0.11259584089129539,0.08185623516264047,0.2015125130242115,0.19992569609671887,WAR1,0.12675440203648317,0.09539706485713863,0.2506847759471568,0.09719404704624919,0.05007292747109275,0.08405692385159422,0.20693013707220123,0.088909721718084,ACQ2
485,USA,IRN,Nego,5.46,1.95,1,1,0.11748030126492424,0.15318481459395553,0.052652040046686104,0.07938841215311895,0.11326940431171724,0.08172179617246506,0.20118155303436033,0.20112167842277245,WAR1,0.12675440203648317,0.09539706485713863,0.2506847759471568,0.09719404704624919,0.05007292747109275,0.08405692385159422,0.20693013707220123,0.088909721718084,ACQ2
485,USA,IRN,Nego,5.46,1.96,1,1,0.11655179192855424,0.15264572963872658,0.05106953640864653,0.08107757842722921,0.11392622731374547,0.08158829590931457,0.20085290398931935,0.20228793638446402,WAR2,0.12675440203648317,0.09539706485713863,0.2506847759471568,0.09719404704624919,0.05007292747109275,0.08405692385159422,0.20693013707220123,0.088909721718084,ACQ2
485,USA,IRN,Nego,5.46,1.97,1,1,0.11560595154680067,0.15205599147266785,0.049551656769715166,0.08281518019403784,0.11456609334866477,0.08145537066753283,0.20052567052368817,0.2034240854768927,WAR2,0.12675440203648317,0.09539706485713863,0.2506847759471568,0.09719404704624919,0.05007292747109275,0.08405692385159422,0.20693013707220123,0.088909721718084,ACQ2
485,USA,IRN,Nego,5.46,1.98,1,1,0.11464500222070294,0.15141679512866907,0.04809701394672229,0.08460101031444395,0.11518882110619978,0.0813226392663895,0.20019891425217778,0.2045298037646946,WAR2,0.12675440203648317,0.09539706485713863,0.2506847759471568,0.09719404704624919,0.05007292747109275,0.08405692385159422,0.20693013707220123,0.088909721718084,ACQ2
485,USA,IRN,Nego,5.46,1.99,1,1,0.11367115571012537,0.15072941749597432,0.04670417251331094,0.08643479460391074,0.11579426455614204,0.0811897048829173,0.19987165828166342,0.20560483195595575,WAR2,0.12675440203648317,0.09539706485713863,0.2506847759471568,0.09719404704624919,0.05007292747109275,0.08405692385159422,0.20693013707220123,0.088909721718084,ACQ2
485,USA,IRN,Nego,5.47,1.5,1,1,0.11926447364221238,0.12702295167293118,0.18889641314890718,0.045785874580361666,0.074932330572405,0.08985182394939988,0.22119593953810834,0.13305019289567446,WAR1,0.12675440203648317,0.09539706485713863,0.2506847759471568,0.09719404704624919,0.05007292747109275,0.08405692385159422,0.20693013707220123,0.088909721718084,ACQ2
485,USA,IRN,Nego,5.47,1.51,1,1,0.12007388227456886,0.12834172122476725,0.18478087385674477,0.045978963899911594,0.07580827519956371,0.08966781366727833,0.2207429456482852,0.13460552422888022,WAR1,0.12675440203648317,0.09539706485713863,0.2506847759471568,0.09719404704624919,0.05007292747109275,0.08405692385159422,0.20693013707220123,0.088909721718084,ACQ2
485,USA,IRN,Nego,5.47,1.52,1,1,0.12085846207937968,0.1296504857019339,0.18067699809731722,0.046184861457145114,0.07669234645506336,0.0894802808750069,0.22028128009318132,0.13617528524097225,WAR1,0.12675440203648317,0.09539706485713863,0.2506847759471568,0.09719404704624919,0.05007292747109275,0.08405692385159422,0.20693013707220123,0.088909721718084,ACQ2
485,USA,IRN,Nego,5.47,1.53,1,1,0.12161645243906656,0.13094748004521453,0.17658797385815814,0.04640440910965177,0.07758409608156391,0.08928943933995111,0.2198114691222506,0.13775868000414326,WAR1,0.12675440203648317,0.09539706485713863,0.2506847759471568,0.09719404704624919,0.05007292747109275,0.08405692385159422,0.20693013707220123,0.088909721718084,ACQ2
485,USA,IRN,Nego,5.47,1.54,1,1,0.12234609890860441,0.13223089800574755,0.17251699507080728,0.04663848513296205,0.07848305308566149,0.0890955189371944,0.21933407863869708,0.13935487222032594,WAR1,0.12675440203648317,0.09539706485713863,0.2506847759471568,0.09719404704624919,0.05007292747109275,0.08405692385159422,0.20693013707220123,0.088909721718084,ACQ2
485,USA,IRN,Nego,5.47,1.55,1,1,0.12304566069055148,0.13349889644966043,0.1684672529828221,0.04688800323561242,0.07938872405486574,0.08889876476948814,0.21884971203298031,0.14096298578401928,WAR1,0.12675440203648317,0.09539706485713863,0.2506847759471568,0.09719404704624919,0.05007292747109275,0.08405692385159422,0.20693013707220123,0.088909721718084,ACQ2
485,USA,IRN,Nego,5.47,1.56,1,1,0.1237134184495367,0.13474960006697786,0.16444192722012801,0.04715391134106475,0.0803005935817524,0.08869943614323007,0.21835900766189467,0.14258210553541578,WAR1,0.12675440203648317,0.09539706485713863,0.2506847759471568,0.09719404704624919,0.05007292747109275,0.08405692385159422,0.20693013707220123,0.088909721718084,ACQ2
485,USA,IRN,Nego,5.47,1.57,1,1,0.12434768242165452,0.13598110647123487,0.16044417659088403,0.04743719013198541,0.08121812479761543,0.0884978054019092,0.21786263597675937,0.14421127820795698,WAR1,0.12675440203648317,0.09539706485713863,0.2506847759471568,0.09719404704624919,0.05007292747109275,0.08405692385159422,0.20693013707220123,0.088909721718084,ACQ2
485,USA,IRN,Nego,5.47,1.58,1,1,0.12494680076795357,0.13719149167164013,0.15647712968721647,0.04773885135434855,0.08214076001719557,0.08829415662013378,0.21736129630839646,0.14584951357311574,WAR1,0.12675440203648317,0.09539706485713863,0.2506847759471568,0.09719404704624919,0.05007292747109275,0.08405692385159422,0.20693013707220123,0.088909721718084,ACQ2
485,USA,IRN,Nego,5.47,1.59,1,1,0.1255091681152276,0.13837881589505424,0.1525438753458588,0.04805993588090966,0.08306792149525559,0.08808878416309102,0.21685571332082784,0.1474957857837755,WAR1,0.12675440203648317,0.09539706485713863,0.2506847759471568,0.09719404704624919,0.05007292747109275,0.08405692385159422,0.20693013707220123,0.088909721718084,ACQ2
485,USA,IRN,Nego,5.47,1.6,1,1,0.12603323422174592,0.1395411297305626,0.14864745303283375,0.04840151153577431,0.08399901229495253,0.08788199111804774,0.21634663314996724,0.14914903491611586,WAR1,0.12675440203648317,0.09539706485713863,0.2506847759471568,0.09719404704624919,0.05007292747109275,0.08405692385159422,0.20693013707220123,0.088909721718084,ACQ2
485,USA,IRN,Nego,5.47,1.61,1,1,0.1265175127005224,0.14067648056509974,0.14479084322068583,0.04876467068402629,0.08493341726710821,0.08767408760625578,0.21583481924789227,0.15080816870840943,WAR1,0.12675440203648317,0.09539706485713863,0.2506847759471568,0.09719404704624919,0.05007292747109275,0.08405692385159422,0.20693013707220123,0.088909721718084,ACQ2
485,USA,IRN,Nego,5.47,1.62,1,1,0.12696058972834431,0.14178291927452968,0.14097695782935452,0.04915052759265194,0.08587050413863212,0.08746538898534216,0.21532104795751436,0.15247206449363102,WAR1,0.12675440203648317,0.09539706485713863,0.2506847759471568,0.09719404704624919,0.05007292747109275,0.08405692385159422,0.20693013707220123,0.088909721718084,ACQ2
485,USA,IRN,Nego,5.47,1.63,1,1,0.12736113266518712,0.14285850713085751,0.13720863080346382,0.04956021557126791,0.08680962470750894,0.08725621395391278,0.214806103846519,0.15413957132128298,WAR1,0.12675440203648317,0.09539706485713863,0.2506847759471568,0.09719404704624919,0.05007292747109275,0.08405692385159422,0.20693013707220123,0.088909721718084,ACQ2
485,USA,IRN,Nego,5.47,1.64,1,1,0.12771789850592496,0.14390132288294283,0.133488608899535,0.04999488390339279,0.08775011614094154,0.08704688257163813,0.21429077483324122,0.1558095122623834,WAR1,0.12675440203648317,0.09539706485713863,0.2506847759471568,0.09719404704624919,0.05007292747109275,0.08405692385159422,0.20693013707220123,0.088909721718084,ACQ2
485,USA,IRN,Nego,5.47,1.65,1,1,0.12802974208451326,0.14490946996524323,0.12981954275636473,0.050455694581168914,0.08869130237244616,0.08683771420949887,0.2137758471406092,0.15748068689015574,WAR1,0.12675440203648317,0.09539706485713863,0.2506847759471568,0.09719404704624919,0.05007292747109275,0.08405692385159422,0.20693013707220123,0.088909721718084,ACQ2
485,USA,IRN,Nego,5.47,1.66,1,1,0.12829562395014146,0.14588108378682638,0.12620397832051258,0.05094381885850793,0.08963249559294993,0.086629025446104,0.21326210011733052,0.1591518739276271,WAR1,0.12675440203648317,0.09539706485713863,0.2506847759471568,0.09719404704624919,0.05007292747109275,0.08405692385159422,0.20693013707220123,0.088909721718084,ACQ2
485,USA,IRN,Nego,5.47,1.67,1,1,0.128514617835285,0.14681433905115668,0.12264434869652745,0.0514604336395758,0.09057299783023307,0.08642112792704569,0.21275030096808178,0.16082183405209463,WAR1,0.12675440203648317,0.09539706485713863,0.2506847759471568,0.09719404704624919,0.05007292747109275,0.08405692385159422,0.20693013707220123,0.088909721718084,ACQ2
485,USA,IRN,Nego,5.47,1.68,1,1,0.12868591763715867,0.1477074570560442,0.11914296648822174,0.05200671772132476,0.09151210261041313,0.08621432620507903,0.21224119943649494,0.16248931284526358,WAR1,0.12675440203648317,0.09539706485713863,0.2506847759471568,0.09719404704624919,0.05007292747109275,0.08405692385159422,0.20693013707220123,0.088909721718084,ACQ2
485,USA,IRN,Nego,5.47,1.69,1,1,0.12880884383680788,0.14855871292263764,0.11570201669303556,0.052583847910406684,0.09244909669457506,0.0860089155795156,0.211735522486206,0.1641530438768159,WAR1,0.12675440203648317,0.09539706485713863,0.2506847759471568,0.09719404704624919,0.05007292747109275,0.08405692385159422,0.20693013707220123,0.088909721718084,ACQ2
485,USA,IRN,Nego,5.47,1.7,1,1,0.12888284928393626,0.14936644270244387,0.11232355020638317,0.05319299503624461,0.09338326188311918,0.08580517995356442,0.211233969026089,0.16581175190821923,WAR1,0.12675440203648317,0.09539706485713863,0.2506847759471568,0.09719404704624919,0.05007292747109275,0.08405692385159422,0.20693013707220123,0.088909721718084,ACQ2
485,USA,IRN,Nego,5.47,1.71,1,1,0.12890752428054078,0.1501290503120554,0.10900947798694861,0.05383531988329404,0.09431387687992733,0.08560338972845323,0.21073720472603197,0.16746415620274857,WAR1,0.12675440203648317,0.09539706485713863,0.2506847759471568,0.09719404704624919,0.05007292747109275,0.08405692385159422,0.20693013707220123,0.088909721718084,ACQ2
485,USA,IRN,Nego,5.47,1.72,1,1,0.1288826009024212,0.15084501424651253,0.1057615659272976,0.0545119690665777,0.0952402192080231,0.08540379975300105,0.21024585696922524,0.16910897392694146,WAR1,0.12675440203648317,0.09539706485713863,0.2506847759471568,0.09719404704624919,0.05007292747109275,0.08405692385159422,0.20693013707220123,0.088909721718084,ACQ2
485,USA,IRN,Nego,5.47,1.73,1,1,0.1288079565045884,0.15151289402398505,0.102581430467035,0.055224070875441574,0.09616156716804158,0.08520664734691095,0.20976050998593135,0.17074492362806604,WAR1,0.12675440203648317,0.09539706485713863,0.2506847759471568,0.09719404704624919,0.05007292747109275,0.08405692385159422,0.20693013707220123,0.088909721718084,ACQ2
485,USA,IRN,Nego,5.47,1.74,1,1,0.128683616364392,0.15213133631667314,0.09947053497819242,0.05597273111113481,0.09707720183049237,0.08501215041540436,0.20928170021211856,0.1723707287715925,WAR1,0.12675440203648317,0.09539706485713863,0.2506847759471568,0.09719404704624919,0.05007292747109275,0.08405692385159422,0.20693013707220123,0.088909721718084,ACQ2
485,USA,IRN,Nego,5.47,1.75,1,1,0.1285097554247117,0.15269908072541108,0.09643018694473506,0.05675902894428658,0.09798640905252075,0.08482050567195606,0.20880991191421533,0.17398512132216348,WAR1,0.12675440203648317,0.09539706485713863,0.2506847759471568,0.09719404704624919,0.05007292747109275,0.08405692385159422,0.20693013707220123,0.088909721718084,ACQ2
485,USA,IRN,Nego,5.47,1.76,1,1,0.12828669910867463,0.15321496515838398,0.09346153595015597,0.05758401281862538,0.09888848150961722,0.08463188698482127,0.20834557311861424,0.17558684535110708,WAR1,0.12675440203648317,0.09539706485713863,0.2506847759471568,0.09719404704624919,0.05007292747109275,0.08405692385159422,0.20693013707220123,0.088909721718084,ACQ2
485,USA,IRN,Nego,5.47,1.77,1,1,0.12801492318693272,0.1536779307775235,0.0905655724792417,0.05844869642736956,0.09978272073249984,0.08444644386180358,0.20788905188149523,0.1771746606531341,WAR1,0.12675440203648317,0.09539706485713863,0.2506847759471568,0.09719404704624919,0.05007292747109275,0.08405692385159422,0.20693013707220123,0.088909721718084,ACQ2
485,USA,IRN,Nego,5.47,1.78,1,1,0.12769505268840348,0.1540870264795125,0.08774312753235498,0.05935405478861066,0.10066843913919533,0.08426430008631484,0.20744065293109723,0.17874734635451117,WAR1,0.12675440203648317,0.09539706485713863,0.2506847759471568,0.09719404704624919,0.05007292747109275,0.08405692385159422,0.20693013707220123,0.088909721718084,ACQ2
485,USA,IRN,Nego,5.47,1.79,1,1,0.1273278598554182,0.154441412881812,0.08499487304312524,0.06030102044570796,0.10154496205216539,0.08408555251626045,0.20700061471083142,0.18030370449467947,WAR1,0.12675440203648317,0.09539706485713863,0.2506847759471568,0.09719404704624919,0.05007292747109275,0.08405692385159422,0.20693013707220123,0.088909721718084,ACQ2
485,USA,IRN,Nego,5.47,1.8,1,1,0.126914261154266,0.15474036578770617,0.08232132308334877,0.061290479818205526,0.10241162969017058,0.08391027005565842,0.20656910684762708,0.18184256356301726,WAR1,0.12675440203648317,0.09539706485713863,0.2506847759471568,0.09719404704624919,0.05007292747109275,0.08405692385159422,0.20693013707220123,0.088909721718084,ACQ2
485,USA,IRN,Nego,5.47,1.81,1,1,0.12645531336204288,0.1549832791079907,0.07972283583227752,0.06232326972806354,0.10326779912443988,0.08373849280721264,0.20614622806574912,0.18336278197222364,WAR1,0.12675440203648317,0.09539706485713863,0.2506847759471568,0.09719404704624919,0.05007292747109275,0.08405692385159422,0.20693013707220123,0.088909721718084,ACQ2
485,USA,IRN,Nego,5.47,1.82,1,1,0.12595220876038427,0.15516966722059655,0.07719961628136879,0.06340017412504571,0.10411284618862376,0.08357023141231533,0.2057320045620252,0.1848632514496404,WAR1,0.12675440203648317,0.09539706485713863,0.2506847759471568,0.09719404704624919,0.05007292747109275,0.08405692385159422,0.20693013707220123,0.088909721718084,ACQ2
485,USA,IRN,Nego,5.47,1.83,1,1,0.12540626947593342,0.15529916675313768,0.07475171964003377,0.064521921033904,0.10494616733196958,0.08340546658318743,0.20532638885407586,0.18634290032775808,WAR1,0.12675440203648317,0.09539706485713863,0.2506847759471568,0.09719404704624919,0.05007292747109275,0.08405692385159422,0.20693013707220123,0.088909721718084,ACQ2
485,USA,IRN,Nego,5.47,1.84,1,1,0.12481894101619147,0.15537153777708723,0.07237905540297375,0.06568917974454362,0.10576718140517184,0.0832441488300883,0.20492925910876275,0.18780069671518085,WAR1,0.12675440203648317,0.09539706485713863,0.2506847759471568,0.09719404704624919,0.05007292747109275,0.08405692385159422,0.20693013707220123,0.088909721718084,ACQ2
485,USA,IRN,Nego,5.47,1.85,1,1,0.12419178505757261,0.15538666440605428,0.07008139203535599,0.06690255826459916,0.10657533136844802,0.08308619838475745,0.20454041895371927,0.18923565152949337,WAR1,0.12675440203648317,0.09539706485713863,0.2506847759471568,0.09719404704624919,0.05007292747109275,0.08405692385159422,0.20693013707220123,0.088909721718084,ACQ2
485,USA,IRN,Nego,5.47,1.86,1,1,0.12352647154998003,0.1553445547944543,0.0678583622283368,0.0681626010518125,0.10737008591157068,0.0829315053195103,0.20415959777053833,0.19064682137379718,WAR1,0.12675440203648317,0.09539706485713863,0.2506847759471568,0.09719404704624919,0.05007292747109275,0.08405692385159422,0.20693013707220123,0.088909721718084,ACQ2
485,USA,IRN,Nego,5.47,1.87,1,1,0.12282477020893016,0.1552453405367695,0.06570946867428658,0.06946978704125013,0.10815094097587918,0.08277992985969872,0.20378645146398341,0.1920333112392022,WAR1,0.12675440203648317,0.09539706485713863,0.2506847759471568,0.09719404704624919,0.05007292747109275,0.08405692385159422,0.20693013707220123,0.088909721718084,ACQ2
485,USA,IRN,Nego,5.47,1.88,1,1,0.12208854147210284,0.1550892754715939,0.06363409030848666,0.07082452797974124,0.10891742116870472,0.08263130288558654,0.2034205636974985,0.1933942770162856,WAR1,0.12675440203648317,0.09539706485713863,0.2506847759471568,0.09719404704624919,0.05007292747109275,0.08405692385159422,0.20693013707220123,0.088909721718084,ACQ2
485,USA,IRN,Nego,5.47,1.89,1,1,0.12131972700212795,0.15487673389876735,0.061631488962024694,0.07222716707696548,0.10966908106118517,0.08248542661808604,0.2030614475813442,0.19472892779949902,WAR1,0.12675440203648317,0.09539706485713863,0.2506847759471568,0.09719404704624919,0.05007292747109275,0.08405692385159422,0.20693013707220123,0.088909721718084,ACQ2
485,USA,IRN,Nego,5.47,1.9,1,1,0.12052033982137456,0.15460820822212168,0.05970081636910286,0.07367797797939321,0.1104055063611315,0.08234207548126234,0.20270854779589922,0.19603652796971444,WAR1,0.12675440203648317,0.09539706485713863,0.2506847759471568,0.09719404704624919,0.05007292747109275,0.08405692385159422,0.20693013707220123,0.088909721718084,ACQ2
485,USA,IRN,Nego,5.47,1.91,1,1,0.11969245416742072,0.15428430603467563,0.05784112147095188,0.0751771640698191,0.11112631495343317,0.08220099713305354,0.20236124312907244,0.1973163990415735,WAR1,0.12675440203648317,0.09539706485713863,0.2506847759471568,0.09719404704624919,0.05007292747109275,0.08405692385159422,0.20693013707220123,0.088909721718084,ACQ2
485,USA,IRN,Nego,5.47,1.92,1,1,0.11883819515974259,0.15390574666750542,0.05605135795801903,0.0767248580915817,0.1118311578014594,0.08206191365428117,0.20201884940339135,0.19856792126401937,WAR1,0.12675440203648317,0.09539706485713863,0.2506847759471568,0.09719404704624919,0.05007292747109275,0.08405692385159422,0.20693013707220123,0.088909721718084,ACQ2
485,USA,IRN,Nego,5.47,1.93,1,1,0.1179597283689086,0.15347335722792446,0.05433039199204111,0.07832112209279277,0.11251971970401504,0.08192452288475663,0.20168062276521012,0.19979053496435142,WAR1,0.12675440203648317,0.09539706485713863,0.2506847759471568,0.09719404704624919,0.05007292747109275,0.08405692385159422,0.20693013707220123,0.088909721718084,ACQ2
485,USA,IRN,Nego,5.47,1.94,1,1,0.11705924937920859,0.15298806815698107,0.05267701005002326,0.07996594768208412,0.11319171990362997,0.08178849989413317,0.2013457633056328,0.20098374162830676,WAR1,0.12675440203648317,0.09539706485713863,0.2506847759471568,0.09719404704624919,0.05007292747109275,0.08405692385159422,0.20693013707220123,0.088909721718084,ACQ2
485,USA,IRN,Nego,5.47,1.95,1,1,0.11613897343416547,0.1524509083405516,0.0510899268330155,0.08165925658360557,0.11384691254328243,0.08165349857413086,0.20101341898022868,0.20214710471101985,WAR2,0.12675440203648317,0.09539706485713863,0.2506847759471568,0.09719404704624919,0.05007292747109275,0.08405692385159422,0.20693013707220123,0.088909721718084,ACQ2
485,USA,IRN,Nego,5.47,1.96,1,1,0.11520112525180413,0.15186299981236134,0.04956779318390956,0.0834009014753651,0.11448508697004932,0.08151915333787768,0.200682689792447,0.20328025017618562,WAR2,0.12675440203648317,0.09539706485713863,0.2506847759471568,0.09719404704624919,0.05007292747109275,0.08405692385159422,0.20693013707220123,0.088909721718084,ACQ2
485,USA,IRN,Nego,5.47,1.97,1,1,0.1142479290929011,0.15122555209104457,0.04810920396026368,0.0851906670915904,0.1151060678856181,0.08138508091139733,0.2003526322038756,0.20438286676330913,WAR2,0.12675440203648317,0.09539706485713863,0.2506847759471568,0.09719404704624919,0.05007292747109275,0.08405692385159422,0.20693013707220123,0.088909721718084,ACQ2
485,USA,IRN,Nego,5.47,1.98,1,1,0.1132815991607708,0.15053985619672833,0.046712705810396896,0.08702827156669404,0.11570971534504502,0.08125088220172413,0.20002226373314014,0.20545470598550086,WAR2,0.12675440203648317,0.09539706485713863,0.2506847759471568,0.09719404704624919,0.05007292747109275,0.08405692385159422,0.20693013707220123,0.088909721718084,ACQ2
485,USA,IRN,Nego,5.47,1.99,1,1,0.11230433040553202,0.14980727839551256,0.04537680480366961,0.08891336799574776,0.11629592460657896,0.08111614422577179,0.19969056770436464,0.2064955818628227,WAR2,0.12675440203648317,0.09539706485713863,0.2506847759471568,0.09719404704624919,0.05007292747109275,0.08405692385159422,0.20693013707220123,0.088909721718084,ACQ2
485,USA,IRN,Nego,5.48,1.5,1,1,0.11918501995058114,0.12790165393920644,0.18535414665692707,0.04637746371201081,0.07571677804078211,0.08984434594836961,0.22117753030175613,0.13444306145036655,WAR1,0.12675440203648317,0.09539706485713863,0.2506847759471568,0.09719404704624919,0.05007292747109275,0.08405692385159422,0.20693013707220123,0.088909721718084,ACQ2
485,USA,IRN,Nego,5.48,1.51,1,1,0.11997802171640595,0.1292162516000286,0.18123532546770107,0.046587077884472666,0.07660204557850962,0.08965497978538997,0.22071135138077402,0.1360149465867179,WAR1,0.12675440203648317,0.09539706485713863,0.2506847759471568,0.09719404704624919,0.05007292747109275,0.08405692385159422,0.20693013707220123,0.088909721718084,ACQ2
485,USA,IRN,Nego,5.48,1.52,1,1,0.12074483576615092,0.1305193079544785,0.17713103895918736,0.04681033508533332,0.07749502083494365,0.08946219276761702,0.22023675104821921,0.13760051758407002,WAR1,0.12675440203648317,0.09539706485713863,0.2506847759471568,0.09719404704624919,0.05007292747109275,0.08405692385159422,0.20693013707220123,0.088909721718084,ACQ2
485,USA,IRN,Nego,5.48,1.53,1,1,0.1214836941963464,0.1318090015083431,0.17304451120483005,0.04704811547253503,0.07839522826530153,0.08926621746016411,0.21975430182957315,0.13919893006290657,WAR1,0.12675440203648317,0.09539706485713863,0.2506847759471568,0.09719404704624919,0.05007292747109275,0.08405692385159422,0.20693013707220123,0.088909721718084,ACQ2
485,USA,IRN,Nego,5.48,1.54,1,1,0.12219284121024966,0.1330834726604354,0.16897896516926375,0.04730133494187407,0.07930216958212308,0.08906730217027566,0.21926461500407093,0.1408092992617074,WAR1,0.12675440203648317,0.09539706485713863,0.2506847759471568,0.09719404704624919,0.05007292747109275,0.08405692385159422,0.20693013707220123,0.088909721718084,ACQ2
485,USA,IRN,Nego,5.48,1.55,1,1,0.12287054098195684,0.13434082847554582,0.16493761363528583,0.04757094389205336,0.08021532419396012,0.08886570992279269,0.21876833808251714,0.1424307008158883,WAR1,0.12675440203648317,0.09539706485713863,0.2506847759471568,0.09719404704624919,0.05007292747109275,0.08405692385159422,0.20693013707220123,0.088909721718084,ACQ2
485,USA,IRN,Nego,5.48,1.56,1,1,0.12351508583008562,0.13557914786269828,0.1609236498541847,0.04785792574666552,0.08113414975732927,0.08866171728843006,0.21826615192275595,0.14406217173785055,WAR1,0.12675440203648317,0.09539706485713863,0.2506847759471568,0.09719404704624919,0.05007292747109275,0.08405692385159422,0.20693013707220123,0.088909721718084,ACQ2
485,USA,IRN,Nego,5.48,1.57,1,1,0.12412480465015334,0.13679648714056697,0.15694023797652956,0.04816329523045552,0.08205808284356271,0.08845561306776235,0.21775876748992526,0.1457027116010445,WAR1,0.12675440203648317,0.09539706485713863,0.2506847759471568,0.09719404704624919,0.05007292747109275,0.08405692385159422,0.20693013707220123,0.088909721718084,ACQ2
485,USA,IRN,Nego,5.48,1.58,1,1,0.12469807154855782,0.13799088596709905,0.1529905033255303,0.04848809639938924,0.08298653972133971,0.088247696835607,0.21724692227304096,0.14735128392943586,WAR1,0.12675440203648317,0.09539706485713863,0.2506847759471568,0.09719404704624919,0.05007292747109275,0.08405692385159422,0.20693013707220123,0.088909721718084,ACQ2
485,USA,IRN,Nego,5.48,1.59,1,1,0.12523331461524992,0.1391603736056579,0.14907752257947063,0.04883340042633562,0.08391891725480054,0.088038277352325,0.2167313763739591,0.14900681779220135,WAR1,0.12675440203648317,0.09539706485713863,0.2506847759471568,0.09719404704624919,0.05007292747109275,0.08405692385159422,0.20693013707220123,0.088909721718084,ACQ2
485,USA,IRN,Nego,5.48,1.6,1,1,0.12572902476689587,0.14030297549541781,0.14520431393341401,0.049200303146522684,0.08485459391623486,0.08782767085038608,0.216212908289266,0.15066820960186264,WAR1,0.12675440203648317,0.09539706485713863,0.2506847759471568,0.09719404704624919,0.05007292747109275,0.08405692385159422,0.20693013707220123,0.088909721718084,ACQ2
485,USA,IRN,Nego,5.48,1.61,1,1,0.12618376458769828,0.1414167200894228,0.1413738273132517,0.04958992236932123,0.0857929309114261,0.08761619920634664,0.21569231041008097,0.15233432511245257,WAR1,0.12675440203648317,0.09539706485713863,0.2506847759471568,0.09719404704624919,0.05007292747109275,0.08405692385159422,0.20693013707220123,0.088909721718084,ACQ2
485,USA,IRN,Nego,5.48,1.62,1,1,0.12659617709119705,0.14249964591972294,0.13758893471713018,0.050003394965301914,0.08673327341482198,0.08740418801012086,0.21517038426901383,0.1540040016126908,WAR1,0.12675440203648317,0.09539706485713863,0.2506847759471568,0.09719404704624919,0.05007292747109275,0.08405692385159422,0.20693013707220123,0.088909721718084,ACQ2
485,USA,IRN,Nego,5.48,1.63,1,1,0.1269649943234253,0.14354980884543364,0.1338524207602815,0.05044187373987269,0.08767495191081606,0.08719196454505676,0.2146479355675458,0.1556760503075683,WAR1,0.12675440203648317,0.09539706485713863,0.2506847759471568,0.09719404704624919,0.05007292747109275,0.08405692385159422,0.20693013707220123,0.088909721718084,ACQ2
485,USA,IRN,Nego,5.48,1.64,1,1,0.1272890457258384,0.14456528943646982,0.13016697349923007,0.050906524107091004,0.08861728363656166,0.0869798556938227,0.21412576902077113,0.1573492588802153,WAR1,0.12675440203648317,0.09539706485713863,0.2506847759471568,0.09719404704624919,0.05007292747109275,0.08405692385159422,0.20693013707220123,0.088909721718084,ACQ2
485,USA,IRN,Nego,5.48,1.65,1,1,0.12756726617557576,0.14554420044318164,0.12653517561023647,0.0513985205794323,0.08955957412093084,0.08676818578644173,0.2136046830597177,0.1590223942244835,WAR1,0.12675440203648317,0.09539706485713863,0.2506847759471568,0.09719404704624919,0.05007292747109275,0.08405692385159422,0.20693013707220123,0.088909721718084,ACQ2
485,USA,IRN,Nego,5.48,1.66,1,1,0.12779870362087814,0.146484694300175,0.12295949599464695,0.05191904309134662,0.0905011188134628,0.08655727440793655,0.2130854644342394,0.16069420533731452,WAR1,0.12675440203648317,0.09539706485713863,0.2506847759471568,0.09719404704624919,0.05007292747109275,0.08405692385159422,0.20693013707220123,0.088909721718084,ACQ2
485,USA,IRN,Nego,5.48,1.67,1,1,0.12798252623094478,0.14738497061131003,0.11944228188057858,0.05246927317632473,0.0914412047964467,0.08634743418396018,0.21256888276171287,0.16236342635872217,WAR1,0.12675440203648317,0.09539706485713863,0.2506847759471568,0.09719404704624919,0.05007292747109275,0.08405692385159422,0.20693013707220123,0.088909721718084,ACQ2
485,USA,IRN,Nego,5.48,1.68,1,1,0.12811802898217,0.14824328356222194,0.11598575148611666,0.05305039001890105,0.09237911257264464,0.08613896856345195,0.21205568506841185,0.16402877974608157,WAR1,0.12675440203648317,0.09539706485713863,0.2506847759471568,0.09719404704624919,0.05007292747109275,0.08405692385159422,0.20693013707220123,0.088909721718084,ACQ2
485,USA,IRN,Nego,5.48,1.69,1,1,0.12820463960653752,0.14905794920672308,0.1125919873040118,0.05366356640452318,0.09331411792059197,0.0859321696177672,0.2115465903714362,0.16568897956840892,WAR1,0.12675440203648317,0.09539706485713863,0.2506847759471568,0.09719404704624919,0.05007292747109275,0.08405692385159422,0.20693013707220123,0.088909721718084,ACQ2
485,USA,IRN,Nego,5.48,1.7,1,1,0.12824192383293798,0.14982735257409277,0.10926293006182625,0.05430996459150787,0.09424549380891009,0.08572731587587314,0.21104228434942754,0.16734273490542423,WAR1,0.12675440203648317,0.09539706485713863,0.2506847759471568,0.09719404704624919,0.05007292747109275,0.08405692385159422,0.20693013707220123,0.088909721718084,ACQ2
485,USA,IRN,Nego,5.48,1.71,1,1,0.12822958985826172,0.1505499545455294,0.10600037340471363,0.0549907321303685,0.09517251236063506,0.08552467021507668,0.210543414149993,0.16898875333542213,WAR1,0.12675440203648317,0.09539706485713863,0.2506847759471568,0.09719404704624919,0.05007292747109275,0.08405692385159422,0.20693013707220123,0.088909721718084,ACQ2
485,USA,IRN,Nego,5.48,1.72,1,1,0.12816749199218824,0.15122429844985835,0.10280595934063701,0.05570699765663805,0.09609444685819339,0.08532447782636306,0.21005058338080534,0.17062574449531648,WAR1,0.12675440203648317,0.09539706485713863,0.2506847759471568,0.09719404704624919,0.05007292747109275,0.08405692385159422,0.20693013707220123,0.088909721718084,ACQ2
485,USA,IRN,Nego,5.48,1.73,1,1,0.12805563342758167,0.15184901633093442,0.09968117448000512,0.056459866683924234,0.09701057377934555,0.08512696427277926,0.20956434732975887,0.17225242369567095,WAR1,0.12675440203648317,0.09539706485713863,0.2506847759471568,0.09719404704624919,0.05007292747109275,0.08405692385159422,0.20693013707220123,0.088909721718084,ACQ2
485,USA,IRN,Nego,5.48,1.74,1,1,0.1278941680971431,0.15242283484194727,0.09662734709355664,0.057250417424319675,0.09792017485415867,0.0849323336584145,0.2090852084573912,0.173867515573069,WAR1,0.12675440203648317,0.09539706485713863,0.2506847759471568,0.09719404704624919,0.05007292747109275,0.08405692385159422,0.20693013707220123,0.088909721718084,ACQ2
485,USA,IRN,Nego,5.48,1.75,1,1,0.1276834015863644,0.1529445807250068,0.093645645004018,0.058079696663452925,0.0988225391328576,0.08474076692442879,0.20861361220207125,0.17546975776180018,WAR1,0.12675440203648317,0.09539706485713863,0.2506847759471568,0.09719404704624919,0.05007292747109275,0.08405692385159422,0.20693013707220123,0.088909721718084,ACQ2
485,USA,IRN,Nego,5.48,1.76,1,1,0.12742379108269405,0.153413185837834,0.09073707431874602,0.05894871571741279,0.09971696505423212,0.08455242028728567,0.20814994313526208,0.1770579045665333,WAR1,0.12675440203648317,0.09539706485713863,0.2506847759471568,0.09719404704624919,0.05007292747109275,0.08405692385159422,0.20693013707220123,0.088909721718084,ACQ2
485,USA,IRN,Nego,5.48,1.77,1,1,0.1271159443510388,0.15382769169308763,0.08790247900237537,0.059858446498500986,0.100602762504144,0.08436742383287886,0.20769452150056303,0.17863073061741125,WAR1,0.12675440203648317,0.09539706485713863,0.2506847759471568,0.09719404704624919,0.05007292747109275,0.08405692385159422,0.20693013707220123,0.088909721718084,ACQ2
485,USA,IRN,Nego,5.48,1.78,1,1,0.126760617736105,0.1541872534797235,0.0851425412805639,0.06080981771628055,0.10147925485357855,0.08418588027864035,0.20724760016628388,0.18018703448882445,WAR1,0.12675440203648317,0.09539706485713863,0.2506847759471568,0.09719404704624919,0.05007292747109275,0.08405692385159422,0.20693013707220123,0.088909721718084,ACQ2
485,USA,IRN,Nego,5.48,1.79,1,1,0.1263587132024928,0.15449114353977314,0.082457782858365,0.06180371123966957,0.1023457809656181,0.08400786391399827,0.20680936201708017,0.1817256422630028,WAR1,0.12675440203648317,0.09539706485713863,0.2506847759471568,0.09719404704624919,0.05007292747109275,0.08405692385159422,0.20693013707220123,0.088909721718084,ACQ2
485,USA,IRN,Nego,5.48,1.8,1,1,0.12591127443373748,0.15473875427799288,0.07984856692966688,0.06284095864489242,0.10320169716068922,0.08383341972775633,0.2063799178057476,0.18324541101951708,WAR1,0.12675440203648317,0.09539706485713863,0.2506847759471568,0.09719404704624919,0.05007292747109275,0.08405692385159422,0.20693013707220123,0.088909721718084,ACQ2
485,USA,IRN,Nego,5.48,1.81,1,1,0.12541948202149739,0.1549296004859462,0.07731510094757951,0.06392233797291835,0.1040463791294455,0.08366256272910719,0.2059593044817026,0.1847452322318031,WAR1,0.12675440203648317,0.09539706485713863,0.2506847759471568,0.09719404704624919,0.05007292747109275,0.08405692385159422,0.20693013707220123,0.088909721718084,ACQ2
485,USA,IRN,Nego,5.48,1.82,1,1,0.12488464778570026,0.15506332106621373,0.0748574401196992,0.06504857071859588,0.10487922378271615,0.08349527746710621,0.20554748400803013,0.1862240350519385,WAR1,0.12675440203648317,0.09539706485713863,0.2506847759471568,0.09719404704624919,0.05007292747109275,0.08405692385159422,0.20693013707220123,0.088909721718084,ACQ2
485,USA,IRN,Nego,5.48,1.83,1,1,0.12430820827553032,0.15513968014657692,0.07247549158685541,0.06622031907200131,0.10569965102807155,0.08333151775153497,0.20514434267430856,0.187680789465121,WAR1,0.12675440203648317,0.09539706485713863,0.2506847759471568,0.09719404704624919,0.05007292747109275,0.08405692385159422,0.20693013707220123,0.088909721718084,ACQ2
485,USA,IRN,Nego,5.48,1.84,1,1,0.12369171750958086,0.15515856757818774,0.07016901923927518,0.06743818343056916,0.10650710546275927,0.08317120657619591,0.2047496909077784,0.18911450929565343,WAR1,0.12675440203648317,0.09539706485713863,0.2506847759471568,0.09719404704624919,0.05007292747109275,0.08405692385159422,0.20693013707220123,0.088909721718084,ACQ2
485,USA,IRN,Nego,5.48,1.85,1,1,0.12303683902118967,0.15511999881592606,0.06793764912009123,0.06870270019833477,0.10730105797304347,0.08301423624382548,0.20436326358085133,0.19052425504673812,WAR1,0.12675440203648317,0.09539706485713863,0.2506847759471568,0.09719404704624919,0.05007292747109275,0.08405692385159422,0.20693013707220123,0.088909721718084,ACQ2
485,USA,IRN,Nego,5.48,1.86,1,1,0.12234533728183952,0.1550241141833711,0.06578087536275846,0.07001433988610928,0.1080810072303685,0.0828604686899955,0.20398472080848584,0.19190913655707173,WAR1,0.12675440203648317,0.09539706485713863,0.2506847759471568,0.09719404704624919,0.05007292747109275,0.08405692385159422,0.20693013707220123,0.088909721718084,ACQ2
485,USA,IRN,Nego,5.48,1.87,1,1,0.12161906858145856,0.1548711775290803,0.06369806660621956,0.07137350552361743,0.10884648107525781,0.08270973600162093,0.2036136492246425,0.19326831545810313,WAR1,0.12675440203648317,0.09539706485713863,0.2506847759471568,0.09719404704624919,0.05007292747109275,0.08405692385159422,0.20693013707220123,0.088909721718084,ACQ2
485,USA,IRN,Nego,5.48,1.88,1,1,0.12085997144942819,0.15466157428517918,0.06168847282955113,0.07278053139158128,0.10959703778047625,0.08256184112400265,0.20324956372287167,0.19460100741690933,WAR1,0.12675440203648317,0.09539706485713863,0.2506847759471568,0.09719404704624919,0.05007292747109275,0.08405692385159422,0.20693013707220123,0.088909721718084,ACQ2
485,USA,IRN,Nego,5.48,1.89,1,1,0.12007005670404747,0.154395808943626,0.05975123254630211,0.07423568207844958,0.11033226718572481,0.08241655874873435,0.20289190964214987,0.19590648415096568,WAR1,0.12675440203648317,0.09539706485713863,0.2506847759471568,0.09719404704624919,0.05007292747109275,0.08405692385159422,0.20693013707220123,0.088909721718084,ACQ2
485,USA,IRN,Nego,5.48,1.9,1,1,0.11925139722105063,0.15407450196989725,0.05788538029778845,0.0757391518629941,0.11105179169700491,0.08227363637328892,0.20254006537535485,0.19718407520262093,WAR1,0.12675440203648317,0.09539706485713863,0.2506847759471568,0.09719404704624919,0.05007292747109275,0.08405692385159422,0.20693013707220123,0.088909721718084,ACQ2
485,USA,IRN,Nego,5.48,1.91,1,1,0.11840611751351797,0.15369838617822287,0.056089854384202706,0.0772910644203722,0.11175526714478753,0.08213279552170226,0.20219334537432732,0.19843316946286704,WAR1,0.12675440203648317,0.09539706485713863,0.2506847759471568,0.09719404704624919,0.05007292747109275,0.08405692385159422,0.20693013707220123,0.088909721718084,ACQ2
485,USA,IRN,Nego,5.48,1.92,1,1,0.11753638321611318,0.15326830259684682,0.054363504772526244,0.07889147284554449,0.11244238349623387,0.081993733114482,0.20185100352229282,0.19965321643596057,WAR1,0.12675440203648317,0.09539706485713863,0.2506847759471568,0.09719404704624919,0.05007292747109275,0.08405692385159422,0.20693013707220123,0.088909721718084,ACQ2
485,USA,IRN,Nego,5.48,1.93,1,1,0.11664439056602581,0.1527851958560196,0.052705101120867626,0.08054035998422504,0.11311286541792842,0.08185612297472304,0.2015122368415953,0.20084372723861504,WAR1,0.12675440203648317,0.09539706485713863,0.2506847759471568,0.09719404704624919,0.05007292747109275,0.08405692385159422,0.20693013707220123,0.088909721718084,ACQ2
485,USA,IRN,Nego,5.48,1.94,1,1,0.11573235597130843,0.15225010913551282,0.0511133408599925,0.08223763905789576,0.11376647268688964,0.08171961745640102,0.20117618950220711,0.20200427532979265,WAR2,0.12675440203648317,0.09539706485713863,0.2506847759471568,0.09719404704624919,0.05007292747109275,0.08405692385159422,0.20693013707220123,0.088909721718084,ACQ2
485,USA,IRN,Nego,5.48,1.95,1,1,0.11480250575447856,0.1516641787122573,0.04958685727443461,0.0839831545659347,0.11440300044897837,0.08158384917997343,0.2008419570944067,0.20313449696953642,WAR2,0.12675440203648317,0.09539706485713863,0.2506847759471568,0.09719404704624919,0.05007292747109275,0.08405692385159422,0.20693013707220123,0.088909721718084,ACQ2
485,USA,IRN,Nego,5.48,1.96,1,1,0.1138570661553669,0.15102862815220122,0.048124227527678295,0.08577668344467437,0.1150222793252231,0.08144843285974201,0.2005085911273535,0.20423409140776044,WAR2,0.12675440203648317,0.09539706485713863,0.2506847759471568,0.09719404704624919,0.05007292747109275,0.08405692385159422,0.20693013707220123,0.088909721718084,ACQ2
485,USA,IRN,Nego,5.48,1.97,1,1,0.11289825367228341,0.15034476219354342,0.04672398057846265,0.08761793646030831,0.11562417536797148,0.08131296720694468,0.20017510371409258,0.20530282080639345,WAR2,0.12675440203648317,0.09539706485713863,0.2506847759471568,0.09719404704624919,0.05007292747109275,0.08405692385159422,0.20693013707220123,0.088909721718084,ACQ2
485,USA,IRN,Nego,5.48,1.98,1,1,0.11192826581471947,0.14961396037105387,0.04538460493825218,0.08950655981008636,0.1162085898701477,0.08117703689224988,0.19984047240279565,0.20634050990069483,WAR2,0.12675440203648317,0.09539706485713863,0.2506847759471568,0.09719404704624919,0.05007292747109275,0.08405692385159422,0.20693013707220123,0.088909721718084,ACQ2
485,USA,IRN,Nego,5.48,1.99,1,1,0.11094927233411907,0.14883767043316323,0.044104556223329136,0.09144213690424685,0.11677545903220114,0.08104021455123515,0.19950364511381816,0.20734704540788748,WAR2,0.12675440203648317,0.09539706485713863,0.2506847759471568,0.09719404704624919,0.05007292747109275,0.08405692385159422,0.20693013707220123,0.088909721718084,ACQ2
485,USA,IRN,Nego,5.49,1.5,1,1,0.11910613124943718,0.1287760505827776,0.18179626330190016,0.04698940974646029,0.07650995910170813,0.08982957679494792,0.22114117181036774,0.1358514374124011,WAR1,0.12675440203648317,0.09539706485713863,0.2506847759471568,0.09719404704624919,0.05007292747109275,0.08405692385159422,0.20693013707220123,0.088909721718084,ACQ2
485,USA,IRN,Nego,5.49,1.51,1,1,0.11988159064096109,0.1300849755006581,0.17767692767641394,0.047216415035668084,0.07740413055126241,0.08963490259055458,0.22066192562868908,0.13743913237579272,WAR1,0.12675440203648317,0.09539706485713863,0.2506847759471568,0.09719404704624919,0.05007292747109275,0.08405692385159422,0.20693013707220123,0.088909721718084,ACQ2
485,USA,IRN,Nego,5.49,1.52,1,1,0.12062948694156016,0.13138075763392174,0.17357505463029482,0.04745793462505438,0.07830556082852719,0.08943692990363813,0.22017455928974827,0.13903971614725552,WAR1,0.12675440203648317,0.09539706485713863,0.2506847759471568,0.09719404704624919,0.05007292747109275,0.08405692385159422,0.20693013707220123,0.088909721718084,ACQ2
485,USA,IRN,Nego,5.49,1.53,1,1,0.12134804984072294,0.13266152145735757,0.1694938983514807,0.04771488629041618,0.0792137468699037,0.08923591010089268,0.21967969160449033,0.14065229548473593,WAR1,0.12675440203648317,0.09539706485713863,0.2506847759471568,0.09719404704624919,0.05007292747109275,0.08405692385159422,0.20693013707220123,0.088909721718084,ACQ2
485,USA,IRN,Nego,5.49,1.54,1,1,0.1220355274857161,0.13392535693748003,0.16543670432722357,0.04798822260103069,0.08012816299356951,0.08903210978304314,0.21917797888677987,0.14227593698515725,WAR1,0.12675440203648317,0.09539706485713863,0.2506847759471568,0.09719404704624919,0.05007292747109275,0.08405692385159422,0.20693013707220123,0.088909721718084,ACQ2
485,USA,IRN,Nego,5.49,1.55,1,1,0.12269019471567441,0.13517032478588453,0.16140669984443515,0.048278929421424345,0.08104826146903717,0.08882580960902599,0.21867011205878656,0.14390966809573172,WAR1,0.12675440203648317,0.09539706485713863,0.2506847759471568,0.09719404704624919,0.05007292747109275,0.08405692385159422,0.20693013707220123,0.088909721718084,ACQ2
485,USA,IRN,Nego,5.49,1.56,1,1,0.12331036156910893,0.13639446211442524,0.15740708425276143,0.048588024161950336,0.08197347320546489,0.08861730297100481,0.218156813389157,0.1455524783361273,WAR1,0.12675440203648317,0.09539706485713863,0.2506847759471568,0.09719404704624919,0.05007292747109275,0.08405692385159422,0.20693013707220123,0.088909721718084,ACQ2
485,USA,IRN,Nego,5.49,1.57,1,1,0.12389438200749257,0.13759578846908066,0.15344101905350366,0.04891655377765895,0.08290320855951971,0.08840689452473759,0.21763883287509364,0.14720332073291345,WAR1,0.12675440203648317,0.09539706485713863,0.2506847759471568,0.09719404704624919,0.05007292747109275,0.08405692385159422,0.20693013707220123,0.088909721718084,ACQ2
485,USA,IRN,Nego,5.49,1.58,1,1,0.12444066279151446,0.13877231221439354,0.1495116178822271,0.049265592517331466,0.08383685826265468,0.08819489858170933,0.21711694428413056,0.14886111346603895,WAR1,0.12675440203648317,0.09539706485713863,0.2506847759471568,0.09719404704624919,0.05007292747109275,0.08405692385159422,0.20693013707220123,0.088909721718084,ACQ2
485,USA,IRN,Nego,5.49,1.59,1,1,0.12494767244105213,0.1399220372355297,0.14562193645690014,0.04963623942701108,0.08477379446669239,0.08798163737135102,0.2165919408760885,0.150524741725375,WAR1,0.12675440203648317,0.09539706485713863,0.2506847759471568,0.09719404704624919,0.05007292747109275,0.08405692385159422,0.20693013707220123,0.088909721718084,ACQ2
485,USA,IRN,Nego,5.49,1.6,1,1,0.12541395020502072,0.14104296992040868,0.14177496256658367,0.0500296156148759,0.08571337190562839,0.0877674391835448,0.21606463083031985,0.15219305977361802,WAR1,0.12675440203648317,0.09539706485713863,0.2506847759471568,0.09719404704624919,0.05007292747109275,0.08405692385159422,0.20693013707220123,0.088909721718084,ACQ2
485,USA,IRN,Nego,5.49,1.61,1,1,0.12583811496316272,0.14213312638009679,0.13797360617794743,0.050446861286815387,0.08665492917059073,0.08755263640343554,0.21553583240783683,0.1538648932101146,WAR1,0.12675440203648317,0.09539706485713863,0.2506847759471568,0.09719404704624919,0.05007292747109275,0.08405692385159422,0.20693013707220123,0.088909721718084,ACQ2
485,USA,IRN,Nego,5.49,1.62,1,1,0.12621887397865444,0.14319053986181027,0.1342206897381342,0.05088913256455508,0.08759779009393737,0.0873375634522901,0.21500636888214766,0.15553904142847078,WAR1,0.12675440203648317,0.09539706485713863,0.2506847759471568,0.09719404704624919,0.05007292747109275,0.08405692385159422,0.20693013707220123,0.088909721718084,ACQ2
485,USA,IRN,Nego,5.49,1.63,1,1,0.12655503141822982,0.14421326830553463,0.13051893875267506,0.051357598100588396,0.08854126523754433,0.08712255464973091,0.21447706327653382,0.15721428025916326,WAR1,0.12675440203648317,0.09539706485713863,0.2506847759471568,0.09719404704624919,0.05007292747109275,0.08405692385159422,0.20693013707220123,0.088909721718084,ACQ2
485,USA,IRN,Nego,5.49,1.64,1,1,0.12684549655546112,0.14519940199249484,0.12687097271622524,0.05185343550647627,0.08948465347945872,0.08690794201408793,0.21394873294898775,0.15888936478680832,WAR1,0.12675440203648317,0.09539706485713863,0.2506847759471568,0.09719404704624919,0.05007292747109275,0.08405692385159422,0.20693013707220123,0.088909721718084,ACQ2
485,USA,IRN,Nego,5.49,1.65,1,1,0.12708929157294296,0.1461470712315634,0.12327929647184692,0.052377827613238365,0.09042724369226797,0.08669405301883042,0.21342218406902852,0.16056303233028169,WAR1,0.12675440203648317,0.09539706485713863,0.2506847759471568,0.09719404704624919,0.05007292747109275,0.08405692385159422,0.20693013707220123,0.088909721718084,ACQ2
485,USA,IRN,Nego,5.49,1.66,1,1,0.1272855588804582,0.14705445402821476,0.11974629207140236,0.052931958584544976,0.09136831650577566,0.08648120832402714,0.21289820603304313,0.16223400557253367,WAR1,0.12675440203648317,0.09539706485713863,0.2506847759471568,0.09719404704624919,0.05007292747109275,0.08405692385159422,0.20693013707220123,0.088909721718084,ACQ2
485,USA,IRN,Nego,5.49,1.67,1,1,0.127433567868774,0.14791978367984987,0.11627421120539733,0.05351700990520578,0.09230714614589215,0.08626971950252443,0.21237756586662382,0.16390099582573256,WAR1,0.12675440203648317,0.09539706485713863,0.2506847759471568,0.09719404704624919,0.05007292747109275,0.08405692385159422,0.20693013707220123,0.088909721718084,ACQ2
485,USA,IRN,Nego,5.49,1.68,1,1,0.12753272102252605,0.14874135624122742,0.11286516826539007,0.05413415626901584,0.09324300234103755,0.08605988678099845,0.21186100266352276,0.16556270641628193,WAR1,0.12675440203648317,0.09539706485713863,0.2506847759471568,0.09719404704624919,0.05007292747109275,0.08405692385159422,0.20693013707220123,0.088909721718084,ACQ2
485,USA,IRN,Nego,5.49,1.69,1,1,0.1275825593206483,0.14951753780434524,0.1095211340959381,0.054784561391347505,0.09417515228682821,0.08585199681623526,0.2113492221113301,0.1672178361733272,WAR1,0.12675440203648317,0.09539706485713863,0.2506847759471568,0.09719404704624919,0.05007292747109275,0.08405692385159422,0.20693013707220123,0.088909721718084,ACQ2
485,USA,IRN,Nego,5.49,1.7,1,1,0.12758276685896117,0.1502467715383844,0.10624393048612553,0.05546937377295289,0.09510286265936725,0.08564632052689727,0.21084289115374763,0.16886508300356376,WAR1,0.12675440203648317,0.09539706485713863,0.2506847759471568,0.09719404704624919,0.05007292747109275,0.08405692385159422,0.20693013707220123,0.088909721718084,ACQ2
485,USA,IRN,Nego,5.49,1.71,1,1,0.12753317463672245,0.15092758443722032,0.10303522544310761,0.0561897224422667,0.09602540166708706,0.08544311100066869,0.21034263283842913,0.17050314753449808,WAR1,0.12675440203648317,0.09539706485713863,0.2506847759471568,0.09719404704624919,0.05007292747109275,0.08405692385159422,0.20693013707220123,0.088909721718084,ACQ2
485,USA,IRN,Nego,5.49,1.72,1,1,0.12743376345710433,0.15155859372446565,0.0998965292819936,0.05694671270406271,0.09694204113079136,0.0852426014960287,0.2098490213977739,0.1721307368077798,WAR1,0.12675440203648317,0.09539706485713863,0.2506847759471568,0.09719404704624919,0.05007292747109275,0.08405692385159422,0.20693013707220123,0.088909721718084,ACQ2
485,USA,IRN,Nego,5.49,1.73,1,1,0.12728466590052262,0.15213851286897365,0.09682919155789578,0.05774142192263008,0.09785205858131091,0.08504500355700471,0.20936257760785346,0.1737465680038089,WAR1,0.12675440203648317,0.09539706485713863,0.2506847759471568,0.09719404704624919,0.05007292747109275,0.08405692385159422,0.20693013707220123,0.088909721718084,ACQ2
485,USA,IRN,Nego,5.49,1.74,1,1,0.12708616733939754,0.15266615716712253,0.09383439885728247,0.058574895367691365,0.09875473936401434,0.08485050525812225,0.20888376446785434,0.17534937217851504,WAR1,0.12675440203648317,0.09539706485713863,0.2506847759471568,0.09719404704624919,0.05007292747109275,0.08405692385159422,0.20693013707220123,0.088909721718084,ACQ2
485,USA,IRN,Nego,5.49,1.75,1,1,0.1268387059730963,0.15314044885195666,0.09091317345702893,0.05944814215109235,0.09964937873929727,0.08465926959542336,0.2084129832391094,0.17693789799299559,WAR1,0.12675440203648317,0.09539706485713863,0.2506847759471568,0.09719404704624919,0.05007292747109275,0.08405692385159422,0.20693013707220123,0.088909721718084,ACQ2
485,USA,IRN,Nego,5.49,1.76,1,1,0.12654287187233856,0.1535604216932919,0.08806637285091219,0.06036213128186204,0.10053528396810718,0.08447143303789034,0.20795056987901417,0.1785109154165836,WAR1,0.12675440203648317,0.09539706485713863,0.2506847759471568,0.09719404704624919,0.05007292747109275,0.08405692385159422,0.20693013707220123,0.088909721718084,ACQ2
485,USA,IRN,Nego,5.49,1.77,1,1,0.1261994050330855,0.15392522505714243,0.08529469013489882,0.06131778786656036,0.10141177637153798,0.08428710425192766,0.20749679190097461,0.18006721938387282,WAR1,0.12675440203648317,0.09539706485713863,0.2506847759471568,0.09719404704624919,0.05007292747109275,0.08405692385159422,0.20693013707220123,0.088909721718084,ACQ2
485,USA,IRN,Nego,5.49,1.78,1,1,0.1258091924506865,0.15423412739722356,0.08259865523453148,0.06231598948091839,0.1022781933535536,0.08410636300974109,0.2070518456870695,0.18160563338627564,WAR1,0.12675440203648317,0.09539706485713863,0.2506847759471568,0.09719404704624919,0.05007292747109275,0.08405692385159422,0.20693013707220123,0.088909721718084,ACQ2
485,USA,IRN,Nego,5.49,1.79,1,1,0.12537326423570377,0.15448651915578157,0.07997863695015767,0.063357562737617,0.10313389037596651,0.08392925929054723,0.20661585427542228,0.18312501297880387,WAR1,0.12675440203648317,0.09539706485713863,0.2506847759471568,0.09719404704624919,0.05007292747109275,0.08405692385159422,0.20693013707220123,0.088909721718084,ACQ2
485,USA,IRN,Nego,5.49,1.8,1,1,0.12489278880318073,0.15468191505554874,0.07743484578873557,0.06444328007364775,0.10397824287491528,0.08375581258157697,0.20618886563942,0.18462424918297507,WAR1,0.12675440203648317,0.09539706485713863,0.2506847759471568,0.09719404704624919,0.05007292747109275,0.08405692385159422,0.20693013707220123,0.088909721718084,ACQ2
485,USA,IRN,Nego,5.49,1.81,1,1,0.12436906717705556,0.1548199557692004,0.07496733754457567,0.06557385677905135,0.10481064810825523,0.08358601138382878,0.20577085147098464,0.1861022717670483,WAR1,0.12675440203648317,0.09539706485713863,0.2506847759471568,0.09719404704624919,0.05007292747109275,0.08405692385159422,0.20693013707220123,0.088909721718084,ACQ2
485,USA,IRN,Nego,5.49,1.82,1,1,0.12380352646079094,0.15490040895725976,0.07257601758567052,0.0667499482869262,0.10563052692350891,0.08341981292551075,0.20536170647512852,0.1875580523852045,WAR1,0.12675440203648317,0.09539706485713863,0.2506847759471568,0.09719404704624919,0.05007292747109275,0.08405692385159422,0.20693013707220123,0.088909721718084,ACQ2
485,USA,IRN,Nego,5.49,1.83,1,1,0.12319771253397836,0.1549231696699695,0.07026064579726382,0.0679721477424367,0.10643732543632492,0.08325714308410552,0.20496124817809486,0.18899060755782632,WAR1,0.12675440203648317,0.09539706485713863,0.2506847759471568,0.09719404704624919,0.05007292747109275,0.08405692385159422,0.20693013707220123,0.088909721718084,ACQ2
485,USA,IRN,Nego,5.49,1.84,1,1,0.12255328204258627,0.15488826011320395,0.06802084213002813,0.06924098386613563,0.10723051660978082,0.08309789651602055,0.20456921724652904,0.1903990014757158,WAR1,0.12675440203648317,0.09539706485713863,0.2506847759471568,0.09719404704624919,0.05007292747109275,0.08405692385159422,0.20693013707220123,0.088909721718084,ACQ2
485,USA,IRN,Nego,5.49,1.85,1,1,0.12187199375753781,0.1547958287830356,0.06585609269664582,0.07055691912423917,0.1080096017253388,0.08294193699086855,0.20418527831040523,0.19178234861192917,WAR1,0.12675440203648317,0.09539706485713863,0.2506847759471568,0.09719404704624919,0.05007292747109275,0.08405692385159422,0.20693013707220123,0.088909721718084,ACQ2
485,USA,IRN,Nego,5.49,1.86,1,1,0.12115569938236126,0.15464614897810638,0.06376575635772339,0.07192034821557686,0.10877411173684312,0.08278909792557117,0.20380902127787548,0.19313981612594233,WAR1,0.12675440203648317,0.09539706485713863,0.2506847759471568,0.09719404704624919,0.05007292747109275,0.08405692385159422,0.20693013707220123,0.088909721718084,ACQ2
485,USA,IRN,Nego,5.49,1.87,1,1,0.12040633389567967,0.15443961670346784,0.06174907173578691,0.07333159688179533,0.10952360849963232,0.08263918311171262,0.2034399631258586,0.19447062604606644,WAR1,0.12675440203648317,0.09539706485713863,0.2506847759471568,0.09719404704624919,0.05007292747109275,0.08405692385159422,0.20693013707220123,0.088909721718084,ACQ2
485,USA,IRN,Nego,5.49,1.88,1,1,0.11962590551823343,0.15417674798405104,0.05980516459457877,0.07479092104405473,0.11025768586763886,0.08249196762790087,0.20307755014607723,0.1957740572174651,WAR1,0.12675440203648317,0.09539706485713863,0.2506847759471568,0.09719404704624919,0.05007292747109275,0.08405692385159422,0.20693013707220123,0.088909721718084,ACQ2
485,USA,IRN,Nego,5.49,1.89,1,1,0.1188164853969267,0.15385817561037765,0.0579330555199922,0.07629850626596153,0.11097597065226165,0.08234719892733441,0.2027211606224149,0.1970494470047312,WAR1,0.12675440203648317,0.09539706485713863,0.2506847759471568,0.09719404704624919,0.05007292747109275,0.08405692385159422,0.20693013707220123,0.088909721718084,ACQ2
485,USA,IRN,Nego,5.49,1.9,1,1,0.11798019710001667,0.15348464534351292,0.056131667838698295,0.07785446753887829,0.11167812343781904,0.08220459808933739,0.20237010791192744,0.19829619273980983,WAR1,0.12675440203648317,0.09539706485713863,0.2506847759471568,0.09719404704624919,0.05007292747109275,0.08405692385159422,0.20693013707220123,0.088909721718084,ACQ2
485,USA,IRN,Nego,5.49,1.91,1,1,0.11711920601801165,0.1530570116105293,0.05439983571082249,0.07945884938210435,0.11236383924951439,0.08206386122232764,0.20202364389864932,0.1995137529080408,WAR1,0.12675440203648317,0.09539706485713863,0.2506847759471568,0.09719404704624919,0.05007292747109275,0.08405692385159422,0.20693013707220123,0.088909721718084,ACQ2
485,USA,IRN,Nego,5.49,1.92,1,1,0.11623570876410702,0.15257623272586443,0.052736312333894475,0.081111626246802,0.11303284807105518,0.08192466100453051,0.20168096278650088,0.20070164806724586,WAR1,0.12675440203648317,0.09539706485713863,0.2506847759471568,0.09719404704624919,0.05007292747109275,0.08405692385159422,0.20693013707220123,0.088909721718084,ACQ2
485,USA,IRN,Nego,5.49,1.93,1,1,0.11533192266608436,0.1520433656778379,0.0511397781966969,0.08281270320902502,0.11368491521035105,0.08178664834776576,0.20134120519517562,0.20185946149706324,WAR2,0.12675440203648317,0.09539706485713863,0.2506847759471568,0.09719404704624919,0.05007292747109275,0.08405692385159422,0.20693013707220123,0.088909721718084,ACQ2
485,USA,IRN,Nego,5.49,1.94,1,1,0.11441007543855887,0.15145956052318,0.04960884932355818,0.08456191693387895,0.11431984151303871,0.08164945416882058,0.20100346252088086,0.20298683957808394,WAR2,0.12675440203648317,0.09539706485713863,0.2506847759471568,0.09719404704624919,0.05007292747109275,0.08405692385159422,0.20693013707220123,0.088909721718084,ACQ2
485,USA,IRN,Nego,5.49,1.95,1,1,0.11347239512032771,0.15082605443563057,0.04814208545204541,0.08635903688978015,0.11493746342493101,0.08151269125229196,0.20066678152225634,0.20408349190273653,WAR2,0.12675440203648317,0.09539706485713863,0.2506847759471568,0.09719404704624919,0.05007292747109275,0.08405692385159422,0.20693013707220123,0.088909721718084,ACQ2
485,USA,IRN,Nego,5.49,1.96,1,1,0.11252110035643022,0.15014416545742884,0.0467379980898949,0.08820376678907713,0.11553765290582778,0.08137595618835268,0.20033016909073922,0.20514919112224922,WAR2,0.12675440203648317,0.09539706485713863,0.2506847759471568,0.09719404704624919,0.05007292747109275,0.08405692385159422,0.20693013707220123,0.088909721718084,ACQ2
485,USA,IRN,Nego,5.49,1.97,1,1,0.1115583910984497,0.14941528600473297,0.045395058400334413,0.09009574622900872,0.11612031719842618,0.08123883136865968,0.19999259716406287,0.20618377253632555,WAR2,0.12675440203648317,0.09539706485713863,0.2506847759471568,0.09719404704624919,0.05007292747109275,0.08405692385159422,0.20693013707220123,0.088909721718084,ACQ2
485,USA,IRN,Nego,5.49,1.98,1,1,0.11058643978968179,0.14864087617964994,0.04411170486867136,0.09203455250519006,0.11668539845730591,0.08110088702360341,0.19965300774152783,0.20718713343436984,WAR2,0.12675440203648317,0.09539706485713863,0.2506847759471568,0.09719404704624919,0.05007292747109275,0.08405692385159422,0.20693013707220123,0.088909721718084,ACQ2
485,USA,IRN,Nego,5.49,1.99,1,1,0.10960738309418343,0.14782245694252424,0.042886350707101555,0.09401970256856171,0.11723287324410629,0.08096168328427603,0.19931031796012652,0.20815923219912025,WAR2,0.12675440203648317,0.09539706485713863,0.2506847759471568,0.09719404704624919,0.05007292747109275,0.08405692385159422,0.20693013707220123,0.088909721718084,ACQ2
485,USA,IRN,Nego,5.5,1.5,1,1,0.11902673997062937,0.12964462522039344,0.17822554572316332,0.04762258876563548,0.07731145000818825,0.08980754577582852,0.22108693616150835,0.13727456837465335,WAR1,0.12675440203648317,0.09539706485713863,0.2506847759471568,0.09719404704624919,0.05007292747109275,0.08405692385159422,0.20693013707220123,0.088909721718084,ACQ2
485,USA,IRN,Nego,5.5,1.51,1,1,0.11978350079675491,0.13094630682238442,0.17410853357709188,0.04786788291437031,0.07821407467750438,0.08960763345016899,0.22059479484755568,0.13887727291416938,WAR1,0.12675440203648317,0.09539706485713863,0.2506847759471568,0.09719404704624919,0.05007292747109275,0.08405692385159422,0.20693013707220123,0.088909721718084,ACQ2
485,USA,IRN,Nego,5.5,1.52,1,1,0.12051131079816382,0.13223318103008394,0.1700119634205402,0.04812859820154251,0.07912347893068003,0.08940456600340192,0.2200948863014304,0.1404920153141572,WAR1,0.12675440203648317,0.09539706485713863,0.2506847759471568,0.09719404704624919,0.05007292747109275,0.08405692385159422,0.20693013707220123,0.088909721718084,ACQ2
485,USA,IRN,Nego,5.5,1.53,1,1,0.12120840256306438,0.13350332124818137,0.16593911297784242,0.048405689059804996,0.08003913209281799,0.08919861346778325,0.21958787528469154,0.14211785330581386,WAR1,0.12675440203648317,0.09539706485713863,0.2506847759471568,0.09719404704624919,0.05007292747109275,0.08405692385159422,0.20693013707220123,0.088909721718084,ACQ2
485,USA,IRN,Nego,5.5,1.54,1,1,0.12187303389402478,0.1347547705081396,0.16189324314846107,0.04870014349167485,0.08096048113797717,0.08899006044941614,0.2190744624365873,0.14375380493371928,WAR1,0.12675440203648317,0.09539706485713863,0.2506847759471568,0.09719404704624919,0.05007292747109275,0.08405692385159422,0.20693013707220123,0.088909721718084,ACQ2
485,USA,IRN,Nego,5.5,1.55,1,1,0.12250349638679134,0.13598554720954775,0.15787758810572208,0.04901298129659941,0.08188695139824746,0.08877920479538763,0.21855538099283128,0.1453988498148732,WAR1,0.12675440203648317,0.09539706485713863,0.2506847759471568,0.09719404704624919,0.05007292747109275,0.08405692385159422,0.20693013707220123,0.088909721718084,ACQ2
485,USA,IRN,Nego,5.5,1.56,1,1,0.12309812423982748,0.13719365125472668,0.15389534520430442,0.04934525204086125,0.08281794739628737,0.08856635611120109,0.2180313931358391,0.1470519306169526,WAR1,0.12675440203648317,0.09539706485713863,0.2506847759471568,0.09719404704624919,0.05007292747109275,0.08405692385159422,0.20693013707220123,0.088909721718084,ACQ2
485,USA,IRN,Nego,5.5,1.57,1,1,0.12365530323071579,0.1383770705480823,0.14994966476560942,0.04969803277223027,0.08375285380115176,0.08835183413480113,0.2175032859919253,0.148711954755484,WAR1,0.12675440203648317,0.09539706485713863,0.2506847759471568,0.09719404704624919,0.05007292747109275,0.08405692385159422,0.20693013707220123,0.088909721718084,ACQ2
485,USA,IRN,Nego,5.5,1.58,1,1,0.12417347978977425,0.13953378782660544,0.14604363981445817,0.05007242548384836,0.08469103650621082,0.08813596697546627,0.2169718672958353,0.1503777963078014,WAR1,0.12675440203648317,0.09539706485713863,0.2506847759471568,0.09719404704624919,0.05007292747109275,0.08405692385159422,0.20693013707220123,0.088909721718084,ACQ2
485,USA,IRN,Nego,5.5,1.59,1,1,0.12465117009608656,0.1406617877830539,0.14218029584405437,0.050469554334458405,0.0856318438269133,0.08791908922781105,0.21643796074782232,0.15204829813979995,WAR1,0.12675440203648317,0.09539706485713863,0.2506847759471568,0.09719404704624919,0.05007292747109275,0.08405692385159422,0.20693013707220123,0.088909721718084,ACQ2
485,USA,IRN,Nego,5.5,1.6,1,1,0.12508696911679756,0.1417590644388126,0.1383625806886997,0.05089056263472674,0.08657460781510423,0.08770153997304339,0.21590240109317071,0.1537222742396451,WAR1,0.12675440203648317,0.09539706485713863,0.2506847759471568,0.09719404704624919,0.05007292747109275,0.08405692385159422,0.20693013707220123,0.088909721718084,ACQ2
485,USA,IRN,Nego,5.5,1.61,1,1,0.12547955950709003,0.14282362871932294,0.1345933545852617,0.05133660961201773,0.08751864568557978,0.08748366068143346,0.21536602895852497,0.15539851225076934,WAR1,0.12675440203648317,0.09539706485713863,0.2506847759471568,0.09719404704624919,0.05007292747109275,0.08405692385159422,0.20693013707220123,0.088909721718084,ACQ2
485,USA,IRN,Nego,5.5,1.62,1,1,0.12582772028586342,0.14385351618136522,0.13087538050481617,0.05180886696851346,0.08846326134956815,0.08726579303163076,0.21482968548351433,0.15707577619472848,WAR1,0.12675440203648317,0.09539706485713863,0.2506847759471568,0.09719404704624919,0.05007292747109275,0.08405692385159422,0.20693013707220123,0.088909721718084,ACQ2
485,USA,IRN,Nego,5.5,1.63,1,1,0.1261303352008629,0.14484679483846896,0.12721131483514475,0.052308515249994664,0.08940774704887755,0.08704827666397147,0.21429420678987743,0.1587528093728024,WAR1,0.12675440203648317,0.09539706485713863,0.2506847759471568,0.09719404704624919,0.05007292747109275,0.08405692385159422,0.20693013707220123,0.088909721718084,ACQ2
485,USA,IRN,Nego,5.5,1.64,1,1,0.12638640069695403,0.14580157302835794,0.12360369849287269,0.05283674004486962,0.09035138508356859,0.08683144688622275,0.21376041833349643,0.1604283374336576,WAR1,0.12675440203648317,0.09539706485713863,0.2506847759471568,0.09719404704624919,0.05007292747109275,0.08405692385159422,0.20693013707220123,0.088909721718084,ACQ2
485,USA,IRN,Nego,5.5,1.65,1,1,0.1265950334024278,0.14671600726467812,0.12005494854096725,0.053394728035122074,0.09129344962518993,0.08661563235128375,0.21322912918739406,0.16210107159293718,WAR1,0.12675440203648317,0.09539706485713863,0.2506847759471568,0.09719404704624919,0.05007292747109275,0.08405692385159422,0.20693013707220123,0.088909721718084,ACQ2
485,USA,IRN,Nego,5.5,1.66,1,1,0.12675547705070553,0.14758831001431807,0.11656735038311951,0.05398366292271957,0.0922332086068851,0.0864011527271711,0.21270112630573765,0.16376971198934342,WAR1,0.12675440203648317,0.09539706485713863,0.2506847759471568,0.09719404704624919,0.05007292747109275,0.08405692385159422,0.20693013707220123,0.088909721718084,ACQ2
485,USA,IRN,Nego,5.5,1.67,1,1,0.12686710875857932,0.14841675734145246,0.11314305060128625,0.05460472125664981,0.09316992568102969,0.08618831638015635,0.21217716882021895,0.1654329511606272,WAR1,0.12675440203648317,0.09539706485713863,0.2506847759471568,0.09719404704624919,0.05007292747109275,0.08405692385159422,0.20693013707220123,0.088909721718084,ACQ2
485,USA,IRN,Nego,5.5,1.68,1,1,0.12692944458713215,0.14919969635998498,0.10978405049642675,0.05525906818712044,0.0941028622344991,0.08597741809216031,0.21165798242076947,0.1670894776219067,WAR1,0.12675440203648317,0.09539706485713863,0.2506847759471568,0.09719404704624919,0.05007292747109275,0.08405692385159422,0.20693013707220123,0.088909721718084,ACQ2
485,USA,IRN,Nego,5.5,1.69,1,1,0.12694214431769246,0.1499355524373496,0.10649220038538047,0.05594785317454934,0.0950312794512041,0.08576873683346235,0.2111442538724465,0.16873797952791525,WAR1,0.12675440203648317,0.09539706485713863,0.2506847759471568,0.09719404704624919,0.05007292747109275,0.08405692385159422,0.20693013707220123,0.088909721718084,ACQ2
485,USA,IRN,Nego,5.5,1.7,1,1,0.1269050153824934,0.15062283609457225,0.1032691946990037,0.0566722056817837,0.09595444041115155,0.08556253361142854,0.21063662571946393,0.1703771484001029,WAR1,0.12675440203648317,0.09539706485713863,0.2506847759471568,0.09719404704624919,0.05007292747109275,0.08405692385159422,0.20693013707220123,0.088909721718084,ACQ2
485,USA,IRN,Nego,5.5,1.71,1,1,0.12681801589802036,0.15126014955008574,0.10011656791827936,0.057433230878507865,0.09687161221500025,0.08535904941532824,0.21013569122577014,0.17200568289900828,WAR1,0.12675440203648317,0.09539706485713863,0.2506847759471568,0.09719404704624919,0.05007292747109275,0.08405692385159422,0.20693013707220123,0.088909721718084,ACQ2
485,USA,IRN,Nego,5.5,1.72,1,1,0.12668125675821282,0.15184619285792264,0.09703569137628361,0.05823200538703743,0.0977820681228726,0.08515850327639511,0.20964198959933406,0.17362229262194182,WAR1,0.12675440203648317,0.09539706485713863,0.2506847759471568,0.09719404704624919,0.05007292747109275,0.08405692385159422,0.20693013707220123,0.088909721718084,ACQ2
485,USA,IRN,Nego,5.5,1.73,1,1,0.12649500275459447,0.15237976959454802,0.09402777094481683,0.0590695730986532,0.09868508969604782,0.0849610904611237,0.20915600154442926,0.17522570190578657,WAR1,0.12675440203648317,0.09539706485713863,0.2506847759471568,0.09719404704624919,0.05007292747109275,0.08405692385159422,0.20693013707220123,0.088909721718084,ACQ2
485,USA,IRN,Nego,5.5,1.74,1,1,0.1262596727008689,0.1528597920526295,0.09109384561532691,0.05994694108930505,0.09957996893010197,0.08476698081439465,0.2086781451827619,0.17681465361461127,WAR1,0.12675440203648317,0.09539706485713863,0.2506847759471568,0.09719404704624919,0.05007292747109275,0.08405692385159422,0.20693013707220123,0.088909721718084,ACQ2
485,USA,IRN,Nego,5.5,1.75,1,1,0.12597583855037575,0.1532852859044117,0.08823478697466182,0.06086507566292485,0.10046601036805411,0.08457631726742484,0.2082087723803645,0.1783879128917824,WAR1,0.12675440203648317,0.09539706485713863,0.2506847759471568,0.09719404704624919,0.05007292747109275,0.08405692385159422,0.20693013707220123,0.088909721718084,ACQ2
485,USA,IRN,Nego,5.5,1.76,1,1,0.12564422350587875,0.15365539430199138,0.08545129956730327,0.0618248985497304,0.10134253318214048,0.08438921452376938,0.20774816551281394,0.17994427085637243,WAR1,0.12675440203648317,0.09539706485713863,0.2506847759471568,0.09719404704624919,0.05007292747109275,0.08405692385159422,0.20693013707220123,0.088909721718084,ACQ2
485,USA,IRN,Nego,5.5,1.77,1,1,0.12526569913227184,0.15396938138658303,0.08274392212721757,0.0628272832857887,0.10220887321294664,0.0842057579346959,0.20729653469664472,0.18148254822385163,WAR1,0.12675440203648317,0.09539706485713863,0.2506847759471568,0.09719404704624919,0.05007292747109275,0.08405692385159422,0.20693013707220123,0.088909721718084,ACQ2
485,USA,IRN,Nego,5.5,1.78,1,1,0.12484128149378208,0.15422663518380086,0.0801130296544214,0.06387305179873776,0.10306438495479466,0.08402600257324028,0.20685401550987131,0.18300159883135153,WAR1,0.12675440203648317,0.09539706485713863,0.2506847759471568,0.09719404704624919,0.05007292747109275,0.08405692385159422,0.20693013707220123,0.088909721718084,ACQ2
485,USA,IRN,Nego,5.5,1.79,1,1,0.12437212634794391,0.15442666986696021,0.07755883630389239,0.06496297122294625,0.10390844347650427,0.08384997251416795,0.2064206672194084,0.18450031304817666,WAR1,0.12675440203648317,0.09539706485713863,0.2506847759471568,0.09719404704624919,0.05007292747109275,0.08405692385159422,0.20693013707220123,0.088909721718084,ACQ2
485,USA,IRN,Nego,5.5,1.8,1,1,0.12385952343887602,0.15456912737541761,0.07508139904765389,0.06609775096552079,0.10474044626691999,0.08367766032494084,0.20599647152793943,0.1859776210527313,WAR1,0.12675440203648317,0.09539706485713863,0.2506847759471568,0.09719404704624919,0.05007292747109275,0.08405692385159422,0.20693013707220123,0.088909721718084,ACQ2
485,USA,IRN,Nego,5.5,1.81,1,1,0.12330488994205413,0.15465377837996566,0.07268062206477016,0.06727804004245488,0.1055598149949408,0.08350902677065085,0.20558133184752708,0.18743249595763642,WAR1,0.12675440203648317,0.09539706485713863,0.2506847759471568,0.09719404704624919,0.05007292747109275,0.08405692385159422,0.20693013707220123,0.088909721718084,ACQ2
485,USA,IRN,Nego,5.5,1.82,1,1,0.12270976312172253,0.15468052259226847,0.07035626180865114,0.06850442470185028,0.10636599717419289,0.08334400073375839,0.20517507310202585,0.18886395676553042,WAR1,0.12675440203648317,0.09539706485713863,0.2506847759471568,0.09719404704624919,0.05007292747109275,0.08405692385159422,0.20693013707220123,0.088909721718084,ACQ2
485,USA,IRN,Nego,5.5,1.83,1,1,0.12207579227020239,0.15464938842023948,0.06810793269650302,0.06977742634854242,0.1071584677229759,0.08318247934738938,0.2047774420552314,0.19027107113891606,WAR1,0.12675440203648317,0.09539706485713863,0.2506847759471568,0.09719404704624919,0.05007292747109275,0.08405692385159422,0.20693013707220123,0.088909721718084,ACQ2
485,USA,IRN,Nego,5.5,1.84,1,1,0.12140473000554018,0.15456053197612887,0.06593511336197548,0.07109749978162842,0.1079367304106772,0.08302432833891893,0.20438810815670952,0.19165295796842166,WAR1,0.12675440203648317,0.09539706485713863,0.2506847759471568,0.09719404704624919,0.05007292747109275,0.08405692385159422,0.20693013707220123,0.088909721718084,ACQ2
485,USA,IRN,Nego,5.5,1.85,1,1,0.1206984230100996,0.15441423544888128,0.06383715340904096,0.07246503175335235,0.10870031918251567,0.08286938257862493,0.20400666489246388,0.19300878972502122,WAR1,0.12675440203648317,0.09539706485713863,0.2506847759471568,0.09719404704624919,0.05007292747109275,0.08405692385159422,0.20693013707220123,0.088909721718084,ACQ2
485,USA,IRN,Nego,5.5,1.86,1,1,0.11995880229778012,0.15421090485704822,0.061813280602881895,0.07388033985456477,0.10944879935522835,0.08271744682634637,0.20363263162304895,0.19433779458310152,WAR1,0.12675440203648317,0.09539706485713863,0.2506847759471568,0.09719404704624919,0.05007292747109275,0.08405692385159422,0.20693013707220123,0.088909721718084,ACQ2
485,USA,IRN,Nego,5.5,1.87,1,1,0.11918787310147094,0.15395106720316915,0.05986260843202724,0.07534367172857628,0.11018176867717268,0.08256829666734301,0.20326545588745593,0.1956392583027849,WAR1,0.12675440203648317,0.09539706485713863,0.2506847759471568,0.09719404704624919,0.05007292747109275,0.08405692385159422,0.20693013707220123,0.088909721718084,ACQ2
485,USA,IRN,Nego,5.5,1.88,1,1,0.11838770447509366,0.1536353670550626,0.057984143975150206,0.07685520461171007,0.11089885824727465,0.08242167962694665,0.2029045161471449,0.19691252586161717,WAR1,0.12675440203648317,0.09539706485713863,0.2506847759471568,0.09719404704624919,0.05007292747109275,0.08405692385159422,0.20693013707220123,0.088909721718084,ACQ2
485,USA,IRN,Nego,5.5,1.89,1,1,0.11756041870611307,0.15326456258385354,0.05617679600577544,0.0784150451952752,0.11159973328829781,0.08227731645212215,0.2025491249409743,0.19815700282758836,WAR1,0.12675440203648317,0.09539706485713863,0.2506847759471568,0.09719404704624919,0.05007292747109275,0.08405692385159422,0.20693013707220123,0.088909721718084,ACQ2
485,USA,IRN,Nego,5.5,1.9,1,1,0.11670818063470544,0.15283952109277166,0.05443938326862479,0.08002322980009322,0.11228409377104828,0.08213490254674266,0.2021985324185403,0.1993721564674735,WAR1,0.12675440203648317,0.09539706485713863,0.2506847759471568,0.09719404704624919,0.05007292747109275,0.08405692385159422,0.20693013707220123,0.088909721718084,ACQ2
485,USA,IRN,Nego,5.5,1.91,1,1,0.11583318697485565,0.15236121407473943,0.05277064286241369,0.0816797248511792,0.11295167488733486,0.08199410954623572,0.20185193021661885,0.2005575165866227,WAR1,0.12675440203648317,0.09539706485713863,0.2506847759471568,0.09719404704624919,0.05007292747109275,0.08405692385159422,0.20693013707220123,0.088909721718084,ACQ2
485,USA,IRN,Nego,5.5,1.92,1,1,0.11493765573055273,0.15183071184047242,0.05116923866557477,0.08338442763678798,0.11360224737076456,0.08185458701628218,0.20150845564099762,0.20171267609856788,WAR2,0.12675440203648317,0.09539706485713863,0.2506847759471568,0.09719404704624919,0.05007292747109275,0.08405692385159422,0.20693013707220123,0.088909721718084,ACQ2
485,USA,IRN,Nego,5.5,1.93,1,1,0.11402381579698964,0.15124917776216162,0.04963376974359452,0.08513716733285093,0.11423561766574879,0.08171596425947074,0.20116719611407316,0.20283729132511055,WAR2,0.12675440203648317,0.09539706485713863,0.2506847759471568,0.09719404704624919,0.05007292747109275,0.08405692385159422,0.20693013707220123,0.088909721718084,ACQ2
485,USA,IRN,Nego,5.5,1.94,1,1,0.11309389683231524,0.15061786218075313,0.04816277867936771,0.08693770627093977,0.11485162794639617,0.08157785221322372,0.20082719384713713,0.20393108202986718,WAR2,0.12675440203648317,0.09539706485713863,0.2506847759471568,0.09719404704624919,0.05007292747109275,0.08405692385159422,0.20693013707220123,0.088909721718084,ACQ2
485,USA,IRN,Nego,5.5,1.95,1,1,0.11215011948011043,0.149938096027287,0.04675475977117321,0.08878574142536932,0.11545015598825162,0.08143984542193101,0.20048745069534743,0.20499383119053008,WAR2,0.12675440203648317,0.09539706485713863,0.2506847759471568,0.09719404704624919,0.05007292747109275,0.08405692385159422,0.20693013707220123,0.088909721718084,ACQ2
485,USA,IRN,Nego,5.5,1.96,1,1,0.11119468601646025,0.14921128421067162,0.045408167046511835,0.09068090609295582,0.11603111489708269,0.08130152406605944,0.20014693315296075,0.20602538451729782,WAR2,0.12675440203648317,0.09539706485713863,0.2506847759471568,0.09719404704624919,0.05007292747109275,0.08405692385159422,0.20693013707220123,0.088909721718084,ACQ2
485,USA,IRN,Nego,5.5,1.97,1,1,0.11022977148837723,0.14843889882556027,0.04412142204407522,0.09262277173735464,0.11659445270007533,0.08116245603104726,0.19980457744650834,0.20702564972700155,WAR2,0.12675440203648317,0.09539706485713863,0.2506847759471568,0.09719404704624919,0.05007292747109275,0.08405692385159422,0.20693013707220123,0.088909721718084,ACQ2
485,USA,IRN,Nego,5.5,1.98,1,1,0.10925751540253077,0.1476224722346535,0.042892921320489,0.0946108499688357,0.11714015180587566,0.0810221989990468,0.19945929468421694,0.20799459558435188,WAR2,0.12675440203648317,0.09539706485713863,0.2506847759471568,0.09719404704624919,0.05007292747109275,0.08405692385159422,0.20693013707220123,0.088909721718084,ACQ2
485,USA,IRN,Nego,5.5,1.99,1,1,0.10828001401488807,0.14676359007970752,0.04172104364313624,0.09664459462986967,0.11766822834085726,0.08088030254703087,0.1991099760210982,0.20893225072341218,WAR2,0.12675440203648317,0.09539706485713863,0.2506847759471568,0.09719404704624919,0.05007292747109275,0.08405692385159422,0.20693013707220123,0.088909721718084,ACQ2
485,USA,IRN,Nego,5.51,1.5,1,1,0.11894575774237331,0.13050579091986897,0.1746448554631596,0.04827790038530029,0.07812079429773651,0.0897783052065399,0.22101495214480024,0.13871164384022108,WAR1,0.12675440203648317,0.09539706485713863,0.2506847759471568,0.09719404704624919,0.05007292747109275,0.08405692385159422,0.20693013707220123,0.088909721718084,ACQ2
485,USA,IRN,Nego,5.51,1.51,1,1,0.11968264666787452,0.1317985910521562,0.17053307039967014,0.04854241129729603,0.07903138936619192,0.08957324722671556,0.22051014333276586,0.1403285006573298,WAR1,0.12675440203648317,0.09539706485713863,0.2506847759471568,0.09719404704624919,0.05007292747109275,0.08405692385159422,0.20693013707220123,0.088909721718084,ACQ2
485,USA,IRN,Nego,5.51,1.52,1,1,0.12038918922495433,0.13307485875781816,0.1664447523524575,0.04882328454594495,0.07994825419701208,0.08936519861140094,0.2199979722169069,0.14195649009350525,WAR1,0.12675440203648317,0.09539706485713863,0.2506847759471568,0.09719404704624919,0.05007292747109275,0.08405692385159422,0.20693013707220123,0.088909721718084,ACQ2
485,USA,IRN,Nego,5.51,1.53,1,1,0.12106362662723755,0.13433261991537754,0.16238319539505305,0.04912150996603517,0.08087083056409096,0.08915444777084684,0.2194791488014682,0.14359462095989045,WAR1,0.12675440203648317,0.09539706485713863,0.2506847759471568,0.09719404704624919,0.05007292747109275,0.08405692385159422,0.20693013707220123,0.088909721718084,ACQ2
485,USA,IRN,Nego,5.51,1.54,1,1,0.12170423244748747,0.13556987471728982,0.1583516681331305,0.0494381094463983,0.0817985383114046,0.08894129686818451,0.21895441694733994,0.1452418631287647,WAR1,0.12675440203648317,0.09539706485713863,0.2506847759471568,0.09719404704624919,0.05007292747109275,0.08405692385159422,0.20693013707220123,0.088909721718084,ACQ2
485,USA,IRN,Nego,5.51,1.55,1,1,0.12230932150937689,0.13678460390168354,0.15435340343372744,0.04977413487310179,0.08273077620953104,0.08872606032502725,0.2184245506931677,0.1468971490543843,WAR1,0.12675440203648317,0.09539706485713863,0.2506847759471568,0.09719404704624919,0.05007292747109275,0.08405692385159422,0.20693013707220123,0.088909721718084,ACQ2
485,USA,IRN,Nego,5.51,1.56,1,1,0.12287725896053246,0.13797477536313815,0.15039158801612607,0.05013066581201435,0.0836669229393817,0.08850906317846916,0.21789035021063746,0.14855937551970072,WAR1,0.12675440203648317,0.09539706485713863,0.2506847759471568,0.09719404704624919,0.05007292747109275,0.08405692385159422,0.20693013707220123,0.088909721718084,ACQ2
485,USA,IRN,Nego,5.51,1.57,1,1,0.12340646945655045,0.13913835110829112,0.14646935197940122,0.05050880693535405,0.08460633820185996,0.08829063929770194,0.21735263741416622,0.15022740560667502,WAR1,0.12675440203648317,0.09539706485713863,0.2506847759471568,0.09719404704624919,0.05007292747109275,0.08405692385159422,0.20693013707220123,0.088909721718084,ACQ2
485,USA,IRN,Nego,5.51,1.58,1,1,0.12389544638027725,0.1402732945169303,0.14258975834545357,0.05090968519957377,0.085548363951049,0.0880711294705126,0.21681225125027115,0.15190007088593235,WAR1,0.12675440203648317,0.09539706485713863,0.2506847759471568,0.09719404704624919,0.05007292747109275,0.08405692385159422,0.20693013707220123,0.088909721718084,ACQ2
485,USA,IRN,Nego,5.51,1.59,1,1,0.1243427610160393,0.1413775778644174,0.13875579269919594,0.05133444678469372,0.08649232574741811,0.08785087937192217,0.216270042696792,0.15357617381952116,WAR1,0.12675440203648317,0.09539706485713863,0.2506847759471568,0.09719404704624919,0.05007292747109275,0.08405692385159422,0.20693013707220123,0.088909721718084,ACQ2
485,USA,IRN,Nego,5.51,1.6,1,1,0.12474707159482391,0.14244919005690357,0.13497035300935314,0.05178425380792723,0.08743753422644045,0.08763023742912475,0.21572686950682893,0.15525449036859784,WAR1,0.12675440203648317,0.09539706485713863,0.2506847759471568,0.09719404704624919,0.05007292747109275,0.08405692385159422,0.20693013707220123,0.088909721718084,ACQ2
485,USA,IRN,Nego,5.51,1.61,1,1,0.12510713212378297,0.1434861445269404,0.13123623971399587,0.05226028082709822,0.08838328667694968,0.08740955259865751,0.21518359073661164,0.15693377279596377,WAR1,0.12675440203648317,0.09539706485713863,0.2506847759471568,0.09719404704624919,0.05007292747109275,0.08405692385159422,0.20693013707220123,0.088909721718084,ACQ2
485,USA,IRN,Nego,5.51,1.62,1,1,0.12542180091195845,0.14448648723382168,0.12755614615440378,0.052763711151893926,0.08932886872254885,0.08718917207333302,0.21464106110045755,0.1586127526515827,WAR1,0.12675440203648317,0.09539706485713863,0.2506847759471568,0.09719404704624919,0.05007292747109275,0.08405692385159422,0.20693013707220123,0.088909721718084,ACQ2
485,USA,IRN,Nego,5.51,1.63,1,1,0.12569004870388661,0.1454483047104149,0.12393264943910438,0.05329573298337509,0.09027355609843596,0.08696943893785701,0.21410012519940508,0.16029014392752117,WAR1,0.12675440203648317,0.09539706485713863,0.2506847759471568,0.09719404704624919,0.05007292747109275,0.08405692385159422,0.20693013707220123,0.088909721718084,ACQ2
485,USA,IRN,Nego,5.51,1.64,1,1,0.1259109663337972,0.1463697320963801,0.12036820181697439,0.053857535404351745,0.0912166165151371,0.08675068979320945,0.2135616116729493,0.16196464636720062,WAR1,0.12675440203648317,0.09539706485713863,0.2506847759471568,0.09719404704624919,0.05007292747109275,0.08405692385159422,0.20693013707220123,0.088909721718084,ACQ2
485,USA,IRN,Nego,5.51,1.65,1,1,0.12608377181550792,0.14724896109659893,0.11686512263414214,0.05445030424518284,0.09215731159985292,0.08653325237075657,0.21302632732549642,0.16363494891246205,WAR1,0.12675440203648317,0.09539706485713863,0.2506847759471568,0.09719404704624919,0.05007292747109275,0.08405692385159422,0.20693013707220123,0.088909721718084,ACQ2
485,USA,IRN,Nego,5.51,1.66,1,1,0.12620781678682358,0.14808424780333512,0.1134255909441506,0.05507521785125341,0.09309489890543712,0.08631744315765814,0.21249505128062532,0.16529973327071676,WAR1,0.12675440203648317,0.09539706485713863,0.2506847759471568,0.09719404704624919,0.05007292747109275,0.08405692385159422,0.20693013707220123,0.088909721718084,ACQ2
485,USA,IRN,Nego,5.51,1.67,1,1,0.12628259223226745,0.1488739203211535,0.11005163883452135,0.055733442779787826,0.09402863397643663,0.0861035650554344,0.21196852921698148,0.16695767758341762,WAR1,0.12675440203648317,0.09539706485713863,0.2506847759471568,0.09719404704624919,0.05007292747109275,0.08405692385159422,0.20693013707220123,0.088909721718084,ACQ2
485,USA,IRN,Nego,5.51,1.68,1,1,0.1263077334142306,0.14961638613489328,0.10674514552561391,0.05642612945477263,0.09495777246113982,0.085891905093541,0.2114474677395876,0.16860746017622116,WAR1,0.12675440203648317,0.09539706485713863,0.2506847759471568,0.09719404704624919,0.05007292747109275,0.08405692385159422,0.20693013707220123,0.088909721718084,ACQ2
485,USA,IRN,Nego,5.51,1.69,1,1,0.12628302395004531,0.15031013916300015,0.10350783228962812,0.057154407809556614,0.09588157225819861,0.0856827322194743,0.21093252893955686,0.17024776337053987,WAR1,0.12675440203648317,0.09539706485713863,0.2506847759471568,0.09719404704624919,0.05007292747109275,0.08405692385159422,0.20693013707220123,0.088909721718084,ACQ2
485,USA,IRN,Nego,5.51,1.7,1,1,0.12620839898096123,0.15095376644122144,0.10034125822891073,0.05791938294718339,0.09679929568610852,0.08547629518629798,0.21042432519363619,0.17187727733568084,WAR1,0.12675440203648317,0.09539706485713863,0.2506847759471568,0.09719404704624919,0.05007292747109275,0.08405692385159422,0.20693013707220123,0.088909721718084,ACQ2
485,USA,IRN,Nego,5.51,1.71,1,1,0.12608394738839426,0.15154595438498036,0.09724681694356524,0.05872213084867714,0.09771021166364781,0.08527282055755787,0.2099234142527333,0.17349470396044386,WAR1,0.12675440203648317,0.09539706485713863,0.2506847759471568,0.09719404704624919,0.05007292747109275,0.08405692385159422,0.20693013707220123,0.088909721718084,ACQ2
485,USA,IRN,Nego,5.51,1.72,1,1,0.12590991302296994,0.15208549458261167,0.09422573410889587,0.05956369415936169,0.0986135978892826,0.08507251084835582,0.2094302946656394,0.17509876072288322,WAR1,0.12675440203648317,0.09539706485713863,0.2506847759471568,0.09719404704624919,0.05007292747109275,0.08405692385159422,0.20693013707220123,0.088909721718084,ACQ2
485,USA,IRN,Nego,5.51,1.73,1,1,0.12568669492264134,0.15257128907595802,0.09127906597361413,0.060445078082840095,0.09950874300753165,0.08487554281990652,0.20894540158059371,0.17668818453691462,WAR1,0.12675440203648317,0.09539706485713863,0.2506847759471568,0.09719404704624919,0.05007292747109275,0.08405692385159422,0.20693013707220123,0.088909721718084,ACQ2
485,USA,IRN,Nego,5.51,1.74,1,1,0.12541484650733362,0.15300235508953802,0.08840769878018472,0.06136724641152222,0.10039494875035325,0.08468206594324251,0.20846910296325355,0.1782617355545723,WAR1,0.12675440203648317,0.09539706485713863,0.2506847759471568,0.09719404704624919,0.05007292747109275,0.08405692385159422,0.20693013707220123,0.088909721718084,ACQ2
485,USA,IRN,Nego,5.51,1.75,1,1,0.12509507374898418,0.15337782917448278,0.08561234909932929,0.0623311177215518,0.10127153204174848,0.08449220104587865,0.2080016962650728,0.1798182009029517,WAR1,0.12675440203648317,0.09539706485713863,0.2506847759471568,0.09719404704624919,0.05007292747109275,0.08405692385159422,0.20693013707220123,0.088909721718084,ACQ2
485,USA,IRN,Nego,5.51,1.76,1,1,0.12472823232731257,0.15369697073865274,0.08289356506170747,0.06333756175868024,0.10213782705398117,0.08430603915325065,0.20754340557117174,0.18135639833524353,WAR1,0.12675440203648317,0.09539706485713863,0.2506847759471568,0.09719404704624919,0.05007292747109275,0.08405692385159422,0.20693013707220123,0.088909721718084,ACQ2
485,USA,IRN,Nego,5.51,1.77,1,1,0.12431532379299985,0.15395916493969042,0.08025172846127203,0.06438739604005678,0.10299318720407206,0.08412364053462323,0.20709437925156735,0.18287517977571804,WAR1,0.12675440203648317,0.09539706485713863,0.2506847759471568,0.09719404704624919,0.05007292747109275,0.08405692385159422,0.20693013707220123,0.088909721718084,ACQ2
485,USA,IRN,Nego,5.51,1.78,1,1,0.12385749077099807,0.1541639249231922,0.07768705769687875,0.0654813826950722,0.10383698707955502,0.08394503396096856,0.20665468813422866,0.18437343473910622,WAR1,0.12675440203648317,0.09539706485713863,0.2506847759471568,0.09719404704624919,0.05007292747109275,0.08405692385159422,0.20693013707220123,0.088909721718084,ACQ2
485,USA,IRN,Nego,5.51,1.79,1,1,0.12335601124726506,0.15431089339362322,0.07519961151148696,0.06662022556630749,0.10466862428286039,0.08377021618006873,0.2062243242128921,0.1858500936054961,WAR1,0.12675440203648317,0.09539706485713863,0.2506847759471568,0.09719404704624919,0.05007292747109275,0.08405692385159422,0.20693013707220123,0.088909721718084,ACQ2
485,USA,IRN,Nego,5.51,1.8,1,1,0.12281229199218485,0.15439984351102207,0.072789293481812,0.06780456758931408,0.10548752118414347,0.08359915161184182,0.20580319989701912,0.1873041307326625,WAR1,0.12675440203648317,0.09539706485713863,0.2506847759471568,0.09719404704624919,0.05007292747109275,0.08405692385159422,0.20693013707220123,0.088909721718084,ACQ2
485,USA,IRN,Nego,5.51,1.81,1,1,0.1222278611831375,0.15443067911190891,0.07045585720560854,0.0690349884673923,0.10629312657288814,0.08343177226464639,0.20539114780575585,0.1887345673886625,WAR1,0.12675440203648317,0.09539706485713863,0.2506847759471568,0.09719404704624919,0.05007292747109275,0.08405692385159422,0.20693013707220123,0.088909721718084,ACQ2
485,USA,IRN,Nego,5.51,1.82,1,1,0.12160436029701435,0.15440343425808906,0.0681989121289182,0.07031200265475271,0.10708491719920123,0.08326797787112028,0.20498792110233938,0.19014047448856447,WAR1,0.12675440203648317,0.09539706485713863,0.2506847759471568,0.09719404704624919,0.05007292747109275,0.08405692385159422,0.20693013707220123,0.088909721718084,ACQ2
485,USA,IRN,Nego,5.51,1.83,1,1,0.12094353535082454,0.15431827212222513,0.06601792995160993,0.07163605765846123,0.10786239919637831,0.08310763623998181,0.20459319436015638,0.1915209751203627,WAR1,0.12675440203648317,0.09539706485713863,0.2506847759471568,0.09719404704624919,0.05007292747109275,0.08405692385159422,0.20693013707220123,0.088909721718084,ACQ2
485,USA,IRN,Nego,5.51,1.84,1,1,0.1202472275748119,0.1541754832241107,0.06391225154637326,0.07300753266639412,0.10862510937706346,0.0829505838181755,0.20420656494662595,0.19287524684644494,WAR1,0.12675440203648317,0.09539706485713863,0.2506847759471568,0.09719404704624919,0.05007292747109275,0.08405692385159422,0.20693013707220123,0.088909721718084,ACQ2
485,USA,IRN,Nego,5.51,1.85,1,1,0.11951736360764362,0.15397548303650496,0.061881094323984025,0.07442673750510044,0.10937261639615811,0.08279662645581796,0.2038275549063327,0.19420252376845815,WAR1,0.12675440203648317,0.09539706485713863,0.2506847759471568,0.09719404704624919,0.05007292747109275,0.08405692385159422,0.20693013707220123,0.088909721718084,ACQ2
485,USA,IRN,Nego,5.51,1.86,1,1,0.11875594530715783,0.15371880898415524,0.05992355997611107,0.0758939119280136,0.11010452177454497,0.08264554036459215,0.20345561332038728,0.19550209834503762,WAR1,0.12675440203648317,0.09539706485713863,0.2506847759471568,0.09719404704624919,0.05007292747109275,0.08405692385159422,0.20693013707220123,0.088909721718084,ACQ2
485,USA,IRN,Nego,5.51,1.87,1,1,0.11796503927285958,0.153406116864237,0.05803864252615793,0.0774092252309184,0.11082046077869617,0.08249707325857843,0.20309011911490849,0.19677332295364383,WAR1,0.12675440203648317,0.09539706485713863,0.2506847759471568,0.09719404704624919,0.05007292747109275,0.08405692385159422,0.20693013707220123,0.088909721718084,ACQ2
485,USA,IRN,Nego,5.51,1.88,1,1,0.11714676617778982,0.15303817672082512,0.056225236618582745,0.0789727761880138,0.11152010315230809,0.08235094566500774,0.20273038428781684,0.1980156111896558,WAR1,0.12675440203648317,0.09539706485713863,0.2506847759471568,0.09719404704624919,0.05007292747109275,0.08405692385159422,0.20693013707220123,0.088909721718084,ACQ2
485,USA,IRN,Nego,5.51,1.89,1,1,0.11630329000756309,0.15261586821016118,0.054482145977789984,0.0805845932983752,0.11220315369725598,0.08220685239108874,0.20237565751984837,0.19922843889791716,WAR1,0.12675440203648317,0.09539706485713863,0.2506847759471568,0.09719404704624919,0.05007292747109275,0.08405692385159422,0.20693013707220123,0.088909721718084,ACQ2
485,USA,IRN,Nego,5.51,1.9,1,1,0.1154368073032895,0.15214017549734313,0.052808091968989855,0.08224463532917899,0.11286935270236027,0.08206446413191192,0.2020251281328706,0.20041134493405569,WAR1,0.12675440203648317,0.09539706485713863,0.2506847759471568,0.09719404704624919,0.05007292747109275,0.08405692385159422,0.20693013707220123,0.088909721718084,ACQ2
485,USA,IRN,Nego,5.51,1.91,1,1,0.11454953650279594,0.15161218172858254,0.05120172219533989,0.08395279213877037,0.11351847621970204,0.08192342920347623,0.20167793035622233,0.20156393165511055,WAR1,0.12675440203648317,0.09539706485713863,0.2506847759471568,0.09719404704624919,0.05007292747109275,0.08405692385159422,0.20693013707220123,0.088909721718084,ACQ2
485,USA,IRN,Nego,5.51,1.92,1,1,0.113643707471087,0.15103306312630543,0.04966161906817859,0.08570888575962546,0.11415033618948461,0.08178337538413163,0.20133314785995082,0.20268586514123632,WAR2,0.12675440203648317,0.09539706485713863,0.2506847759471568,0.09719404704624919,0.05007292747109275,0.08405692385159422,0.20693013707220123,0.088909721718084,ACQ2
485,USA,IRN,Nego,5.51,1.93,1,1,0.1127215513064063,0.15040408275704079,0.04818630829018855,0.08751267171851995,0.11476478041569407,0.08164391184718664,0.20098981851247727,0.20377687515248655,WAR2,0.12675440203648317,0.09539706485713863,0.2506847759471568,0.09719404704624919,0.05007292747109275,0.08405692385159422,0.20693013707220123,0.088909721718084,ACQ2
485,USA,IRN,Nego,5.51,1.94,1,1,0.11178529050265827,0.149726584024203,0.04677426719483514,0.0893638405688765,0.11536169239604428,0.08150463116710248,0.2006469393194175,0.2048367548268627,WAR2,0.12675440203648317,0.09539706485713863,0.2506847759471568,0.09719404704624919,0.05007292747109275,0.08405692385159422,0.20693013707220123,0.088909721718084,ACQ2
485,USA,IRN,Nego,5.51,1.95,1,1,0.1108371295424331,0.14900198393946354,0.045423932889385815,0.0912620196083511,0.11594099101086366,0.08136511138158697,0.20030347150001482,0.20586536012790085,WAR2,0.12675440203648317,0.09539706485713863,0.2506847759471568,0.09719404704624919,0.05007292747109275,0.08405692385159422,0.20693013707220123,0.088909721718084,ACQ2
485,USA,IRN,Nego,5.51,1.96,1,1,0.10987924598755697,0.1482317662273801,0.04413371015314615,0.09320677475330978,0.11650263007667992,0.08122491809200713,0.19995834565790596,0.20686260905201367,WAR2,0.12675440203648317,0.09539706485713863,0.2506847759471568,0.09719404704624919,0.05007292747109275,0.08405692385159422,0.20693013707220123,0.088909721718084,ACQ2
485,USA,IRN,Nego,5.51,1.97,1,1,0.10891378212610212,0.14741747431828184,0.04290197904721952,0.09519761254096903,0.11704659777125478,0.08108360658486131,0.19961046700373114,0.20782848060758036,WAR2,0.12675440203648317,0.09539706485713863,0.2506847759471568,0.09719404704624919,0.05007292747109275,0.08405692385159422,0.20693013707220123,0.088909721718084,ACQ2
485,USA,IRN,Nego,5.51,1.98,1,1,0.10794283722627956,0.14656070428404785,0.04172710219702788,0.09723398222965911,0.11757291593769395,0.08094072395757741,0.1992587205883938,0.20876301357932028,WAR2,0.12675440203648317,0.09539706485713863,0.2506847759471568,0.09719404704624919,0.05007292747109275,0.08405692385159422,0.20693013707220123,0.088909721718084,ACQ2
485,USA,IRN,Nego,5.51,1.99,1,1,0.10696846043875476,0.14566309777039488,0.04060743171396643,0.09931527796792708,0.11808163927599442,0.0807958112326207,0.19890197650754035,0.20966630509280126,WAR2,0.12675440203648317,0.09539706485713863,0.2506847759471568,0.09719404704624919,0.05007292747109275,0.08405692385159422,0.20693013707220123,0.088909721718084,ACQ2
485,USA,IRN,Nego,5.52,1.5,1,1,0.11886207843690581,0.1313578925953816,0.17105712848331406,0.04895626591560471,0.07893750235647372,0.08974193103532935,0.22092540672855626,0.14016179444843468,WAR1,0.12675440203648317,0.09539706485713863,0.2506847759471568,0.09719404704624919,0.05007292747109275,0.08405692385159422,0.20693013707220123,0.088909721718084,ACQ2
485,USA,IRN,Nego,5.52,1.51,1,1,0.11957790892367702,0.13264010828833359,0.16695353433657026,0.049240950035059856,0.07985555259448343,0.08953184274729858,0.2204082143754763,0.14179188869910114,WAR1,0.12675440203648317,0.09539706485713863,0.2506847759471568,0.09719404704624919,0.05007292747109275,0.08405692385159422,0.20693013707220123,0.088909721718084,ACQ2
485,USA,IRN,Nego,5.52,1.52,1,1,0.12026199465669982,0.13390400943190842,0.16287647128934213,0.04954297053664096,0.0807793321329182,0.08931894941817156,0.2198841166122059,0.14343215592211317,WAR1,0.12675440203648317,0.09539706485713863,0.2506847759471568,0.09719404704624919,0.05007292747109275,0.08405692385159422,0.20693013707220123,0.088909721718084,ACQ2
485,USA,IRN,Nego,5.52,1.53,1,1,0.12091259161088269,0.13514757852684872,0.15882924197249873,0.04986335109582053,0.0817082554204134,0.08910355738611064,0.2193538675776668,0.14508155640975845,WAR1,0.12675440203648317,0.09539706485713863,0.2506847759471568,0.09719404704624919,0.05007292747109275,0.08405692385159422,0.20693013707220123,0.088909721718084,ACQ2
485,USA,IRN,Nego,5.52,1.54,1,1,0.1215279956294772,0.13636877763747962,0.15481511440816198,0.05020314562355101,0.08264171556130522,0.08888598575282881,0.2188182528319082,0.1467390125552879,WAR1,0.12675440203648317,0.09539706485713863,0.2506847759471568,0.09719404704624919,0.05007292747109275,0.08405692385159422,0.20693013707220123,0.088909721718084,ACQ2
485,USA,IRN,Nego,5.52,1.55,1,1,0.12210655159018481,0.13756555511031698,0.1508373114090114,0.05056343591906176,0.08357908532658313,0.0886665647246708,0.21827808527220263,0.1484034106479682,WAR1,0.12675440203648317,0.09539706485713863,0.2506847759471568,0.09719404704624919,0.05007292747109275,0.08405692385159422,0.20693013707220123,0.088909721718084,ACQ2
485,USA,IRN,Nego,5.52,1.56,1,1,0.12264666269624946,0.13873585265133667,0.1468989998991424,0.050945329061410416,0.0845197182946572,0.08844563380802707,0.2177342006905436,0.15007360289863297,WAR1,0.12675440203648317,0.09539706485713863,0.2506847759471568,0.09719404704624919,0.05007292747109275,0.08405692385159422,0.20693013707220123,0.088909721718084,ACQ2
485,USA,IRN,Nego,5.52,1.57,1,1,0.12314679981597514,0.13987761272172214,0.14300328023713535,0.05134995454735737,0.08546295011939681,0.08822353986935724,0.21718745299783715,0.15174840969121875,WAR1,0.12675440203648317,0.09539706485713863,0.2506847759471568,0.09719404704624919,0.05007292747109275,0.08405692385159422,0.20693013707220123,0.088909721718084,ACQ2
485,USA,IRN,Nego,5.52,1.58,1,1,0.1236055107892316,0.14098878620682487,0.13915317562515048,0.05177846118601048,0.08640809992172047,0.08800063507217702,0.21663870914520714,0.15342662205367774,WAR1,0.12675440203648317,0.09539706485713863,0.2506847759471568,0.09719404704624919,0.05007292747109275,0.08405692385159422,0.20693013707220123,0.088909721718084,ACQ2
485,USA,IRN,Nego,5.52,1.59,1,1,0.12402142961558207,0.14206734030841411,0.1353516216899443,0.05223201376353995,0.0873544717998435,0.08777727470535902,0.21608884377773607,0.1551070043395809,WAR1,0.12675440203648317,0.09539706485713863,0.2506847759471568,0.09719404704624919,0.05007292747109275,0.08405692385159422,0.20693013707220123,0.088909721718084,ACQ2
485,USA,IRN,Nego,5.52,1.6,1,1,0.12439328543579709,0.14311126660615883,0.1316014563226151,0.05271178949404512,0.08830135645215685,0.0875538149189601,0.2155387336605578,0.1567882971097091,WAR1,0.12675440203648317,0.09539706485713863,0.2506847759471568,0.09719404704624919,0.05007292747109275,0.08405692385159422,0.20693013707220123,0.088909721718084,ACQ2
485,USA,IRN,Nego,5.52,1.61,1,1,0.12471991121683079,0.1441185892307845,0.12790540986357377,0.05321897427531022,0.08924803290562784,0.08733061038548195,0.21498925192138166,0.15846922020100948,WAR1,0.12675440203648317,0.09539706485713863,0.2506847759471568,0.09719404704624919,0.05007292747109275,0.08405692385159422,0.20693013707220123,0.088909721718084,ACQ2
485,USA,IRN,Nego,5.52,1.62,1,1,0.12500025204991308,0.1450873730885275,0.12426609571765487,0.05375475877068242,0.09019377034159666,0.08710801190595445,0.21444126215718307,0.16014847596848797,WAR1,0.12675440203648317,0.09539706485713863,0.2506847759471568,0.09719404704624919,0.05007292747109275,0.08405692385159422,0.20693013707220123,0.088909721718084,ACQ2
485,USA,IRN,Nego,5.52,1.63,1,1,0.12523337297231818,0.14601573207447024,0.12068600148143543,0.054320334340586765,0.09113783000991316,0.0868863639814716,0.2138956124558452,0.16182475268395946,WAR1,0.12675440203648317,0.09539706485713863,0.2506847759471568,0.09719404704624919,0.05007292747109275,0.08405692385159422,0.20693013707220123,0.088909721718084,ACQ2
485,USA,IRN,Nego,5.52,1.64,1,1,0.1254184662256508,0.14690183721109548,0.1171674806607285,0.054916888849230225,0.09207946722151868,0.08666600237177544,0.21335312938591522,0.1634967280740856,WAR1,0.12675440203648317,0.09539706485713863,0.2506847759471568,0.09719404704624919,0.05007292747109275,0.08405692385159422,0.20693013707220123,0.088909721718084,ACQ2
485,USA,IRN,Nego,5.52,1.65,1,1,0.12555485786714257,0.1477439246479965,0.1137127450509328,0.05554560237380697,0.09301793340885076,0.08644725166315013,0.2128146120092813,0.16516307297883867,WAR1,0.12675440203648317,0.09539706485713863,0.2506847759471568,0.09719404704624919,0.05007292747109275,0.08405692385159422,0.20693013707220123,0.088909721718084,ACQ2
485,USA,IRN,Nego,5.52,1.66,1,1,0.12564201365545588,0.14854030345911837,0.11032385784651819,0.056207642844969284,0.09395247824282546,0.08623042286824255,0.21228082597244474,0.16682245511042532,WAR1,0.12675440203648317,0.09539706485713863,0.2506847759471568,0.09719404704624919,0.05007292747109275,0.08405692385159422,0.20693013707220123,0.088909721718084,ACQ2
485,USA,IRN,Nego,5.52,1.67,1,1,0.12567954413880225,0.14928936317516786,0.1070027275385316,0.05690416164845837,0.09488235179465244,0.08601581108044931,0.21175249773212299,0.16847354289181518,WAR1,0.12675440203648317,0.09539706485713863,0.2506847759471568,0.09719404704624919,0.05007292747109275,0.08405692385159422,0.20693013707220123,0.088909721718084,ACQ2
485,USA,IRN,Nego,5.52,1.68,1,1,0.12566720888069205,0.14998958099089582,0.10375110265075414,0.0576362892185817,0.09580680673034876,0.08580369320521192,0.21123030897018547,0.17011500935333013,WAR1,0.12675440203648317,0.09539706485713863,0.2506847759471568,0.09719404704624919,0.05007292747109275,0.08405692385159422,0.20693013707220123,0.088909721718084,ACQ2
485,USA,IRN,Nego,5.52,1.69,1,1,0.12560491976726515,0.15063952858975874,0.10057056735617224,0.058405130654671684,0.09672510052554761,0.08559432578993635,0.21071489125137965,0.1717455360652686,WAR1,0.12675440203648317,0.09539706485713863,0.2506847759471568,0.09719404704624919,0.05007292747109275,0.08405692385159422,0.20693013707220123,0.088909721718084,ACQ2
485,USA,IRN,Nego,5.52,1.7,1,1,0.12549274334972982,0.15123787853195442,0.097462538005934,0.0592117613917611,0.09763649768803671,0.0853879429733187,0.21020682097501034,0.17336381708425513,WAR1,0.12675440203648317,0.09539706485713863,0.2506847759471568,0.09719404704624919,0.05007292747109275,0.08405692385159422,0.20693013707220123,0.088909721718084,ACQ2
485,USA,IRN,Nego,5.52,1.71,1,1,0.12533090218584456,0.15178341015591595,0.09442826059310379,0.06005722295647635,0.09854027197540426,0.08518475457363454,0.20970661466871776,0.1749685628909028,WAR1,0.12675440203648317,0.09539706485713863,0.2506847759471568,0.09719404704624919,0.05007292747109275,0.08405692385159422,0.20693013707220123,0.088909721718084,ACQ2
485,USA,IRN,Nego,5.52,1.72,1,1,0.12511977515541337,0.1522750149479502,0.09146880916350764,0.06094251883857531,0.09943570859521347,0.08498494433405798,0.20921472466882887,0.17655850429645328,WAR1,0.12675440203648317,0.09539706485713863,0.2506847759471568,0.09719404704624919,0.05007292747109275,0.08405692385159422,0.20693013707220123,0.088909721718084,ACQ2
485,USA,IRN,Nego,5.52,1.73,1,1,0.1248598967362466,0.15271170133974213,0.08858508517594493,0.06186861050766557,0.10032210637525649,0.08478866834134909,0.20873153522750537,0.1781323962962899,WAR1,0.12675440203648317,0.09539706485713863,0.2506847759471568,0.09719404704624919,0.05007292747109275,0.08405692385159422,0.20693013707220123,0.088909721718084,ACQ2
485,USA,IRN,Nego,5.52,1.74,1,1,0.12455195523880074,0.15309259889880483,0.0857778178042106,0.06283641360343697,0.1011987798916546,0.0845960536323229,0.20825735908216741,0.17968902184860197,WAR1,0.12675440203648317,0.09539706485713863,0.2506847759471568,0.09719404704624919,0.05007292747109275,0.08405692385159422,0.20693013707220123,0.088909721718084,ACQ2
485,USA,IRN,Nego,5.52,1.75,1,1,0.1241967900095163,0.15341696188257092,0.083047565163885,0.0638467943262454,0.10206506154286057,0.08440719700041457,0.20779243451751442,0.18122719555699296,WAR1,0.12675440203648317,0.09539706485713863,0.2506847759471568,0.09719404704624919,0.05007292747109275,0.08405692385159422,0.20693013707220123,0.088909721718084,ACQ2
485,USA,IRN,Nego,5.52,1.76,1,1,0.123795387624573,0.15368417213258376,0.08039471643784675,0.06490056605310802,0.10292030355797989,0.0842221640124413,0.207336922945002,0.1827457672364652,WAR1,0.12675440203648317,0.09539706485713863,0.2506847759471568,0.09719404704624919,0.05007292747109275,0.08405692385159422,0.20693013707220123,0.088909721718084,ACQ2
485,USA,IRN,Nego,5.52,1.77,1,1,0.12334887710716193,0.15389374129111172,0.07781949486608092,0.06599848620212653,0.10376387992825521,0.08404098824334555,0.2068909070189454,0.18424362534297256,WAR1,0.12675440203648317,0.09539706485713863,0.2506847759471568,0.09719404704624919,0.05007292747109275,0.08405692385159422,0.20693013707220123,0.088909721718084,ACQ2
485,USA,IRN,Nego,5.52,1.78,1,1,0.12285852421227736,0.15404531232837762,0.07532196155767726,0.06714125336606092,0.10459518825104971,0.08386367073434715,0.2064543893026044,0.1857197002476056,WAR1,0.12675440203648317,0.09539706485713863,0.2506847759471568,0.09719404704624919,0.05007292747109275,0.08405692385159422,0.20693013707220123,0.088909721718084,ACQ2
485,USA,IRN,Nego,5.52,1.79,1,1,0.12232572483328927,0.15413866037444476,0.07290202007603994,0.06832950473324188,0.10541365147622016,0.08369017967755002,0.20602729149175403,0.1871729673374596,WAR1,0.12675440203648317,0.09539706485713863,0.2506847759471568,0.09719404704624919,0.05007292747109275,0.08405692385159422,0.20693013707220123,0.088909721718084,ACQ2
485,USA,IRN,Nego,5.52,1.8,1,1,0.1217519975940233,0.1541736928555547,0.07055942174230619,0.06956381381126,0.10621871954539164,0.08352045032769267,0.20560945419743232,0.18860244992633912,WAR1,0.12675440203648317,0.09539706485713863,0.2506847759471568,0.09719404704624919,0.05007292747109275,0.08405692385159422,0.20693013707220123,0.088909721718084,ACQ2
485,USA,IRN,Nego,5.52,1.81,1,1,0.12113897569862692,0.1541504489403582,0.06829377159683181,0.07084468846590783,0.10700987091533266,0.08335438513941401,0.20520063728385957,0.19000722195966885,WAR1,0.12675440203648317,0.09539706485713863,0.2506847759471568,0.09719404704624919,0.05007292747109275,0.08405692385159422,0.20693013707220123,0.088909721718084,ACQ2
485,USA,IRN,Nego,5.52,1.82,1,1,0.1204883981190182,0.15406909830697932,0.0661045349543759,0.07217256928471687,0.10778661395738676,0.08319185412617203,0.20480052075201952,0.19138641049933142,WAR1,0.12675440203648317,0.09539706485713863,0.2506847759471568,0.09719404704624919,0.05007292747109275,0.08405692385159422,0.20693013707220123,0.088909721718084,ACQ2
485,USA,IRN,Nego,5.52,1.83,1,1,0.11980210020610949,0.1539299392471681,0.06399104448528954,0.0735478282711276,0.10854848822574517,0.08303269543481408,0.20440870615412776,0.19273919797561834,WAR1,0.12675440203648317,0.09539706485713863,0.2506847759471568,0.09719404704624919,0.05007292747109275,0.08405692385159422,0.20693013707220123,0.088909721718084,ACQ2
485,USA,IRN,Nego,5.52,1.84,1,1,0.11908200381619859,0.15373339612893722,0.061952507752584075,0.07497076787191417,0.10929506558824592,0.08287671612778288,0.20402471851925574,0.19406482419508148,WAR1,0.12675440203648317,0.09539706485713863,0.2506847759471568,0.09719404704624919,0.05007292747109275,0.08405692385159422,0.20693013707220123,0.088909721718084,ACQ2
485,USA,IRN,Nego,5.52,1.85,1,1,0.11833010704786666,0.15348001624398078,0.059988015133187175,0.0764416203369651,0.11002595121435903,0.08272369316307002,0.20364800876576608,0.19536258809480517,WAR1,0.12675440203648317,0.09539706485713863,0.2506847759471568,0.09719404704624919,0.05007292747109275,0.08405692385159422,0.20693013707220123,0.088909721718084,ACQ2
485,USA,IRN,Nego,5.52,1.86,1,1,0.11754847368737983,0.15317046607084875,0.058096548050964286,0.07796054740697025,0.11074078441605936,0.08257337456031523,0.2032779565719995,0.19663184923546279,WAR1,0.12675440203648317,0.09539706485713863,0.2506847759471568,0.09719404704624919,0.05007292747109275,0.08405692385159422,0.20693013707220123,0.088909721718084,ACQ2
485,USA,IRN,Nego,5.52,1.87,1,1,0.11673922246194497,0.15280552698924496,0.05627698744914668,0.07952764032100809,0.11143923933839374,0.0824254807399098,0.20291387367286004,0.19787202902749162,WAR1,0.12675440203648317,0.09539706485713863,0.2506847759471568,0.09719404704624919,0.05007292747109275,0.08405692385159422,0.20693013707220123,0.088909721718084,ACQ2
485,USA,IRN,Nego,5.52,1.88,1,1,0.11590451620021264,0.1523860904849078,0.05452812243061768,0.08114292013254312,0.11212102549770891,0.08227970602061234,0.2025550075466248,0.19908261168677288,WAR1,0.12675440203648317,0.09539706485713863,0.2506847759471568,0.09719404704624919,0.05007292747109275,0.08405692385159422,0.20693013707220123,0.088909721718084,ACQ2
485,USA,IRN,Nego,5.52,1.89,1,1,0.1150465509981834,0.1519131528882719,0.05284865899602805,0.08280633831898353,0.11278588816670465,0.08213572026003255,0.2022005454534624,0.20026314491833352,WAR1,0.12675440203648317,0.09539706485713863,0.2506847759471568,0.09719404704624919,0.05007292747109275,0.08405692385159422,0.20693013707220123,0.088909721718084,ACQ2
485,USA,IRN,Nego,5.52,1.9,1,1,0.1141675454861851,0.15138780969346213,0.05123722881188183,0.08451777766678464,0.11343360860670097,0.08199317062139516,0.20184961878482888,0.2014132403287614,WAR1,0.12675440203648317,0.09539706485713863,0.2506847759471568,0.09719404704624919,0.05007292747109275,0.08405692385159422,0.20693013707220123,0.088909721718084,ACQ2
485,USA,IRN,Nego,5.52,1.91,1,1,0.11326973028890466,0.15081124950707092,0.04969239794351021,0.08627705341118055,0.11406400414873796,0.08185168344927245,0.20150130768111763,0.20253257357020577,WAR2,0.12675440203648317,0.09539706485713863,0.2506847759471568,0.09719404704624919,0.05007292747109275,0.08405692385159422,0.20693013707220123,0.088909721718084,ACQ2
485,USA,IRN,Nego,5.52,1.92,1,1,0.11235533776567068,0.15018474767858594,0.04821267549118112,0.08808391460705826,0.1146769281263379,0.08171086623646817,0.2011546458737078,0.20362088422099034,WAR2,0.12675440203648317,0.09539706485713863,0.2506847759471568,0.09719404704624919,0.05007292747109275,0.08405692385159422,0.20693013707220123,0.088909721718084,ACQ2
485,USA,IRN,Nego,5.52,1.93,1,1,0.11142659211235953,0.14950965966620103,0.046796522071416685,0.08993804570530707,0.11527226966393703,0.08157030966396119,0.2008086257068667,0.20467797540995092,WAR2,0.12675440203648317,0.09539706485713863,0.2506847759471568,0.09719404704624919,0.05007292747109275,0.08405692385159422,0.20693013707220123,0.088909721718084,ACQ2
485,USA,IRN,Nego,5.52,1.94,1,1,0.11048569989956952,0.14878741419302768,0.045442358089856895,0.09183906830725184,0.11584995332610354,0.08142958969576293,0.20046220329484196,0.2057037131935858,WAR2,0.12675440203648317,0.09539706485713863,0.2506847759471568,0.09719404704624919,0.05007292747109275,0.08405692385159422,0.20693013707220123,0.088909721718084,ACQ2
485,USA,IRN,Nego,5.52,1.95,1,1,0.10953484111418567,0.14801950624937926,0.044148571756651246,0.0937865430685448,0.11640993863369153,0.08128826971071725,0.20011430376989411,0.2066980256969362,WAR2,0.12675440203648317,0.09539706485713863,0.2506847759471568,0.09719404704624919,0.05007292747109275,0.08405692385159422,0.20693013707220123,0.088909721718084,ACQ2
485,USA,IRN,Nego,5.52,1.96,1,1,0.10857616076329121,0.14720748999680533,0.04291352680031839,0.09577997172319498,0.11695221945400006,0.0811459026536566,0.19976382657798378,0.20766090203074983,WAR2,0.12675440203648317,0.09539706485713863,0.2506847759471568,0.09719404704624919,0.05007292747109275,0.08405692385159422,0.20693013707220123,0.088909721718084,ACQ2
485,USA,IRN,Nego,5.52,1.97,1,1,0.10761176109070458,0.1463529716288918,0.041735569841215014,0.097818799198267,0.11747682327281032,0.08100203318892385,0.1994096507802802,0.20859239099890708,WAR2,0.12675440203648317,0.09539706485713863,0.2506847759471568,0.09719404704624919,0.05007292747109275,0.08405692385159422,0.20693013707220123,0.088909721718084,ACQ2
485,USA,IRN,Nego,5.52,1.98,1,1,0.10664369444740443,0.1454576022425207,0.040613037391133644,0.09990241579019504,0.11798381035683511,0.08085619984005275,0.1990506403205961,0.20949259961126224,WAR2,0.12675440203648317,0.09539706485713863,0.2506847759471568,0.09719404704624919,0.05007292747109275,0.08405692385159422,0.20693013707220123,0.088909721718084,ACQ2
485,USA,IRN,Nego,5.52,1.99,1,1,0.10567395684789557,0.14452307077130322,0.03954426245102403,0.10203015937461868,0.1184732728156276,0.08070793710035826,0.19868564922120896,0.2103616914179638,WAR2,0.12675440203648317,0.09539706485713863,0.2506847759471568,0.09719404704624919,0.05007292747109275,0.08405692385159422,0.20693013707220123,0.088909721718084,ACQ2
485,USA,IRN,Nego,5.53,1.5,1,1,0.1187745815857449,0.1321992100500601,0.16746536997330103,0.04965862621351169,0.07976105114613725,0.08969852331637768,0.22081854622473238,0.14162409149013488,WAR1,0.12675440203648317,0.09539706485713863,0.2506847759471568,0.09719404704624919,0.05007292747109275,0.08405692385159422,0.20693013707220123,0.088909721718084,ACQ2
485,USA,IRN,Nego,5.53,1.51,1,1,0.11946815823607353,0.13346907693979845,0.16337298464787056,0.04996446658991888,0.08068600880608388,0.08948354312799917,0.22028931106110075,0.14326645059115495,WAR1,0.12675440203648317,0.09539706485713863,0.2506847759471568,0.09719404704624919,0.05007292747109275,0.08405692385159422,0.20693013707220123,0.088909721718084,ACQ2
485,USA,IRN,Nego,5.53,1.52,1,1,0.12012859428529904,0.1347187940475542,0.15931022633374126,0.050288648410555664,0.08161612477816613,0.08926596442309324,0.2197536789065186,0.14491796881507177,WAR1,0.12675440203648317,0.09539706485713863,0.2506847759471568,0.09719404704624919,0.05007292747109275,0.08405692385159422,0.20693013707220123,0.088909721718084,ACQ2
485,USA,IRN,Nego,5.53,1.53,1,1,0.12075416699660348,0.13594630526490978,0.1552803978346625,0.050632227313057866,0.08255078659020683,0.08904611084516122,0.21921244650194463,0.1465775586534537,WAR1,0.12675440203648317,0.09539706485713863,0.2506847759471568,0.09719404704624919,0.05007292747109275,0.08405692385159422,0.20693013707220123,0.088909721718084,ACQ2
485,USA,IRN,Nego,5.53,1.54,1,1,0.12134320134454349,0.1371495398633369,0.15128675773570413,0.050996287041557495,0.08348936118545784,0.08882431763736763,0.21866643914422318,0.14824409604780922,WAR1,0.12675440203648317,0.09539706485713863,0.2506847759471568,0.09719404704624919,0.05007292747109275,0.08405692385159422,0.20693013707220123,0.088909721718084,ACQ2
485,USA,IRN,Nego,5.53,1.55,1,1,0.12189407940982151,0.13832641968957296,0.14733250952005295,0.05138193680560403,0.08443119609380699,0.08860092981785467,0.21811650619409884,0.14991642246918824,WAR1,0.12675440203648317,0.09539706485713863,0.2506847759471568,0.09719404704624919,0.05007292747109275,0.08405692385159422,0.20693013707220123,0.088909721718084,ACQ2
485,USA,IRN,Nego,5.53,1.56,1,1,0.12240524983594174,0.1394748666926555,0.14342079067425054,0.051790308380393224,0.08537562073405958,0.08837630021434661,0.21756351623783468,0.1515933472305183,WAR1,0.12675440203648317,0.09539706485713863,0.2506847759471568,0.09719404704624919,0.05007292747109275,0.08405692385159422,0.20693013707220123,0.088909721718084,ACQ2
485,USA,IRN,Nego,5.53,1.57,1,1,0.12287523726524774,0.1405928107362785,0.13955466186780374,0.05222255295905878,0.086321947843367,0.08815078737048412,0.21700835193305476,0.15327365002470533,WAR1,0.12675440203648317,0.09539706485713863,0.2506847759471568,0.09719404704624919,0.05007292747109275,0.08405692385159422,0.20693013707220123,0.088909721718084,ACQ2
485,USA,IRN,Nego,5.53,1.58,1,1,0.12330265166764945,0.1416781976451981,0.13573709629546477,0.05267983777075576,0.08726947502863448,0.08792475333841097,0.2164519045745664,0.15495608367932004,WAR1,0.12675440203648317,0.09539706485713863,0.2506847759471568,0.09719404704624919,0.05007292747109275,0.08405692385159422,0.20693013707220123,0.088909721718084,ACQ2
485,USA,IRN,Nego,5.53,1.59,1,1,0.12368619747224004,0.14272899743001716,0.1319709692716631,0.053163342481165055,0.08821748643353196,0.08769856137409607,0.21589506842073622,0.15663937711655046,WAR1,0.12675440203648317,0.09539706485713863,0.2506847759471568,0.09719404704624919,0.05007292747109275,0.08405692385159422,0.20693013707220123,0.088909721718084,ACQ2
485,USA,IRN,Nego,5.53,1.6,1,1,0.1240246824100894,0.14374321263091971,0.1282590481664726,0.05367425539482713,0.08916525451358068,0.08747257355365981,0.21533873482539687,0.15832223850505356,WAR1,0.12675440203648317,0.09539706485713863,0.2506847759471568,0.09719404704624919,0.05007292747109275,0.08405692385159422,0.20693013707220123,0.088909721718084,ACQ2
485,USA,IRN,Nego,5.53,1.61,1,1,0.12431702597589278,0.14471888671788105,0.12460398277110045,0.054213769481315274,0.09011204191070542,0.08724714833054967,0.21478378622413632,0.16000335858841883,WAR1,0.12675440203648317,0.09539706485713863,0.2506847759471568,0.09719404704624919,0.05007292747109275,0.08405692385159422,0.20693013707220123,0.088909721718084,ACQ2
485,USA,IRN,Nego,5.53,1.62,1,1,0.12456226741689996,0.1456541124826357,0.12100829617815108,0.05478307824964396,0.09105710341764851,0.08702263805473709,0.21423109002709212,0.16168141417319148,WAR1,0.12675440203648317,0.09539706485713863,0.2506847759471568,0.09719404704624919,0.05007292747109275,0.08405692385159422,0.20693013707220123,0.088909721718084,ACQ2
485,USA,IRN,Nego,5.53,1.63,1,1,0.12475957315972001,0.1465470403562857,0.11747437625788706,0.05538337149743111,0.09199968802175547,0.08679938647615185,0.21368149247294166,0.16335507175782707,WAR1,0.12675440203648317,0.09539706485713863,0.2506847759471568,0.09719404704624919,0.05007292747109275,0.08405692385159422,0.20693013707220123,0.088909721718084,ACQ2
485,USA,IRN,Nego,5.53,1.64,1,1,0.1249082435891772,0.14739588658590785,0.11400446780641148,0.05601583096316024,0.09293904101686454,0.08657772625530814,0.21313581250059804,0.16502299128257245,WAR1,0.12675440203648317,0.09539706485713863,0.2506847759471568,0.09719404704624919,0.05007292747109275,0.08405692385159422,0.20693013707220123,0.088909721718084,ACQ2
485,USA,IRN,Nego,5.53,1.65,1,1,0.1250077190983869,0.14819894120389238,0.11060066543523052,0.056681625911388395,0.09387440617138071,0.08635797650448702,0.2125948356961258,0.16668382997910824,WAR1,0.12675440203648317,0.09539706485713863,0.2506847759471568,0.09719404704624919,0.05007292747109275,0.08405692385159422,0.20693013707220123,0.088909721718084,ACQ2
485,USA,IRN,Nego,5.53,1.66,1,1,0.12505758533555833,0.1489545757249989,0.10726490726411643,0.05738190868189867,0.09480502794009354,0.08614044038290576,0.21205930837256542,0.1683362462978629,WAR1,0.12675440203648317,0.09539706485713863,0.2506847759471568,0.09719404704624919,0.05007292747109275,0.08405692385159422,0.20693013707220123,0.088909721718084,ACQ2
485,USA,IRN,Nego,5.53,1.67,1,1,0.12505757758063787,0.1496612505082237,0.1039989694707311,0.05811781023458306,0.09573015370690231,0.08592540276903682,0.21152993183967989,0.1699789038902052,WAR1,0.12675440203648317,0.09539706485713863,0.2506847759471568,0.09719404704624919,0.05007292747109275,0.08405692385159422,0.20693013707220123,0.088909721718084,ACQ2
485,USA,IRN,Nego,5.53,1.68,1,1,0.1250075841936738,0.15031752172348362,0.10080446174123259,0.058890435722257974,0.0966490360453496,0.08571312803261906,0.2110073569191243,0.17161047562225892,WAR1,0.12675440203648317,0.09539706485713863,0.2506847759471568,0.09719404704624919,0.05007292747109275,0.08405692385159422,0.20693013707220123,0.088909721718084,ACQ2
485,USA,IRN,Nego,5.53,1.69,1,1,0.12490764908656043,0.15092204786677638,0.0976828236562656,0.05970086012365473,0.09756093498372602,0.08550385792796487,0.21049217875821918,0.17322964759683282,WAR1,0.12675440203648317,0.09539706485713863,0.2506847759471568,0.09719404704624919,0.05007292747109275,0.08405692385159422,0.20693013707220123,0.088909721718084,ACQ2
485,USA,IRN,Nego,5.53,1.7,1,1,0.1247579731804586,0.1514735957717853,0.09463532203649416,0.06055012396850089,0.0984651202614897,0.08529780962891398,0.20998493199242785,0.17483512315992958,WAR1,0.12675440203648317,0.09539706485713863,0.2506847759471568,0.09719404704624919,0.05007292747109275,0.08405692385159422,0.20693013707220123,0.088909721718084,ACQ2
485,USA,IRN,Nego,5.53,1.71,1,1,0.12455891482250017,0.15197104607078232,0.09166304926139317,0.06143922918591871,0.09936087356383845,0.08509517392424887,0.20948608630285565,0.17642562686846275,WAR1,0.12675440203648317,0.09539706485713863,0.2506847759471568,0.09719404704624919,0.05007292747109275,0.08405692385159422,0.20693013707220123,0.088909721718084,ACQ2
485,USA,IRN,Nego,5.53,1.72,1,1,0.12431098914718658,0.15241339806303092,0.08876692256453729,0.06236913510633041,0.10024749072147021,0.08489611359059787,0.2089960424106858,0.17799990839616098,WAR1,0.12675440203648317,0.09539706485713863,0.2506847759471568,0.09719404704624919,0.05007292747109275,0.08405692385159422,0.20693013707220123,0.088909721718084,ACQ2
485,USA,IRN,Nego,5.53,1.73,1,1,0.12401486637996484,0.15279977395463054,0.08594768429831832,0.06334075464569408,0.10112428386285793,0.08470076195784622,0.20851512854553014,0.17955674635515817,WAR1,0.12675440203648317,0.09539706485713863,0.2506847759471568,0.09719404704624919,0.05007292747109275,0.08405692385159422,0.20693013707220123,0.088909721718084,ACQ2
485,USA,IRN,Nego,5.53,1.74,1,1,0.12367136909263438,0.15312942243974026,0.08320590315104348,0.06435495069921213,0.10199058350674835,0.08450922167989057,0.2080435974192878,0.18109495201144293,WAR1,0.12675440203648317,0.09539706485713863,0.2506847759471568,0.09719404704624919,0.05007292747109275,0.08405692385159422,0.20693013707220123,0.088909721718084,ACQ2
485,USA,IRN,Nego,5.53,1.75,1,1,0.12328146843227507,0.153401721599318,0.08054197628988638,0.06541253276968165,0.10284574058304753,0.08432156372124645,0.20758162373139183,0.18261337287315316,WAR1,0.12675440203648317,0.09539706485713863,0.2506847759471568,0.09719404704624919,0.05007292747109275,0.08405692385159422,0.20693013707220123,0.088909721718084,ACQ2
485,USA,IRN,Nego,5.53,1.76,1,1,0.12284627935711209,0.153616181099793,0.07795613239430324,0.06651425385340588,0.1036891283707905,0.08413782656759888,0.20712930222535286,0.18411089613164344,WAR1,0.12675440203648317,0.09539706485713863,0.2506847759471568,0.09719404704624919,0.05007292747109275,0.08405692385159422,0.20693013707220123,0.088909721718084,ACQ2
485,USA,IRN,Nego,5.53,1.77,1,1,0.12236705492396423,0.15377244368040052,0.0754484355364183,0.06766080760408757,0.10452014434249036,0.08395801566590544,0.2066866463104137,0.18558645193631992,WAR1,0.12675440203648317,0.09539706485713863,0.2506847759471568,0.09719404704624919,0.05007292747109275,0.08405692385159422,0.20693013707220123,0.088909721718084,ACQ2
485,USA,IRN,Nego,5.53,1.78,1,1,0.12184517968247276,0.1538702859241629,0.0730187898576023,0.06885282579238658,0.10533821190482595,0.08378210309716377,0.2062535872559721,0.1870390164854136,WAR1,0.12675440203648317,0.09539706485713863,0.2506847759471568,0.09719404704624919,0.05007292747109275,0.08405692385159422,0.20693013707220123,0.088909721718084,ACQ2
485,USA,IRN,Nego,5.53,1.79,1,1,0.12128216224104604,0.15390961831366307,0.07066694498409287,0.07009087607588474,0.10614278202635391,0.08361002748247538,0.20582997396033073,0.1884676149161531,WAR1,0.12675440203648317,0.09539706485713863,0.2506847759471568,0.09719404704624919,0.05007292747109275,0.08405692385159422,0.20693013707220123,0.088909721718084,ACQ2
485,USA,IRN,Nego,5.53,1.8,1,1,0.12067962707822011,0.15389048457874982,0.06839250211907749,0.07137546009106575,0.10693333474372081,0.08344169412061093,0.20541557328935295,0.18987132397920217,WAR1,0.12675440203648317,0.09539706485713863,0.2506847759471568,0.09719404704624919,0.05007292747109275,0.08405692385159422,0.20693013707220123,0.088909721718084,ACQ2
485,USA,IRN,Nego,5.53,1.81,1,1,0.12003930568083344,0.1538130603491367,0.06619492074419503,0.0727070118756285,0.10770938053870142,0.08327697535293678,0.20501007097483376,0.19124927448373466,WAR1,0.12675440203648317,0.09539706485713863,0.2506847759471568,0.09719404704624919,0.05007292747109275,0.08405692385159422,0.20693013707220123,0.088909721718084,ACQ2
485,USA,IRN,Nego,5.53,1.82,1,1,0.11936302709693448,0.1536776511304351,0.0640735258599303,0.07408589662603131,0.10847046157930165,0.08311571114932868,0.20461307305689455,0.19260065350114364,WAR1,0.12675440203648317,0.09539706485713863,0.2506847759471568,0.09719404704624919,0.05007292747109275,0.08405692385159422,0.20693013707220123,0.088909721718084,ACQ2
485,USA,IRN,Nego,5.53,1.83,1,1,0.11865270799660774,0.15348468962750292,0.06202751569184652,0.07551240979164708,0.10921615281914179,0.0829577099066007,0.20422410784954287,0.19392470631711037,WAR1,0.12675440203648317,0.09539706485713863,0.2506847759471568,0.09719404704624919,0.05007292747109275,0.08405692385159422,0.20693013707220123,0.088909721718084,ACQ2
485,USA,IRN,Nego,5.53,1.84,1,1,0.1179103423378741,0.1532347324440368,0.06005596978801285,0.07698677650333706,0.10994606295036122,0.08280274944903288,0.203842628403758,0.19522073812358695,WAR1,0.12675440203648317,0.09539706485713863,0.2506847759471568,0.09719404704624919,0.05007292747109275,0.08405692385159422,0.20693013707220123,0.088909721718084,ACQ2
485,USA,IRN,Nego,5.53,1.85,1,1,0.11713799073744685,0.15292845619208906,0.05815785743229561,0.07850915133067257,0.11065983520638105,0.08265057821881697,0.20346801543811316,0.19648811544418496,WAR1,0.12675440203648317,0.09539706485713863,0.2506847759471568,0.09719404704624919,0.05007292747109275,0.08405692385159422,0.20693013707220123,0.088909721718084,ACQ2
485,USA,IRN,Nego,5.53,1.86,1,1,0.11633776964739959,0.15256665304958889,0.05633204629834807,0.08007961835849003,0.11135714801198639,0.08250091664266047,0.20309958070306178,0.19772626728846496,WAR1,0.12675440203648317,0.09539706485713863,0.2506847759471568,0.09719404704624919,0.05007292747109275,0.08405692385159422,0.20693013707220123,0.088909721718084,ACQ2
485,USA,IRN,Nego,5.53,1.87,1,1,0.11551184043872934,0.1521502258079888,0.054577311270107724,0.08169819157003044,0.11203771547936817,0.08235345865942073,0.2027365707416449,0.19893468603270997,WAR1,0.12675440203648317,0.09539706485713863,0.2506847759471568,0.09719404704624919,0.05007292747109275,0.08405692385159422,0.20693013707220123,0.088909721718084,ACQ2
485,USA,IRN,Nego,5.53,1.88,1,1,0.11466239849140772,0.15168018245577944,0.05289234335633548,0.08336481552062791,0.11270128774995544,0.08220787339248219,0.20237817100652641,0.20011292802688563,WAR1,0.12675440203648317,0.09539706485713863,0.2506847759471568,0.09719404704624919,0.05007292747109275,0.08405692385159422,0.20693013707220123,0.088909721718084,ACQ2
485,USA,IRN,Nego,5.53,1.89,1,1,0.11379166238784252,0.1511576303467981,0.05127575862915103,0.08507936628285959,0.11334765118307892,0.08206380694966271,0.2020235102909764,0.2012606139296308,WAR1,0.12675440203648317,0.09539706485713863,0.2506847759471568,0.09719404704624919,0.05007292747109275,0.08405692385159422,0.20693013707220123,0.088909721718084,ACQ2
485,USA,IRN,Nego,5.53,1.9,1,1,0.11290186330279901,0.15058377000494555,0.04972610711957543,0.08684165264129766,0.11397662839370161,0.08192088433273188,0.20167166542969592,0.202377428775253,WAR2,0.12675440203648317,0.09539706485713863,0.2506847759471568,0.09719404704624919,0.05007292747109275,0.08405692385159422,0.20693013707220123,0.088909721718084,ACQ2
485,USA,IRN,Nego,5.53,1.91,1,1,0.11199523467782255,0.1499598886190771,0.04824188160671668,0.08865141751258312,0.1145880781426233,0.08177871143816264,0.20132166622423972,0.20346312177877482,WAR2,0.12675440203648317,0.09539706485713863,0.2506847759471568,0.09719404704624919,0.05007292747109275,0.08405692385159422,0.20693013707220123,0.088909721718084,ACQ2
485,USA,IRN,Nego,5.53,1.92,1,1,0.11107400226217858,0.1492873532834295,0.046821526241372646,0.09050833956453112,0.11518189508368652,0.08163687713050745,0.20097250054722238,0.20451750588707152,WAR2,0.12675440203648317,0.09539706485713863,0.2506847759471568,0.09719404704624919,0.05007292747109275,0.08405692385159422,0.20693013707220123,0.088909721718084,ACQ2
485,USA,IRN,Nego,5.53,1.93,1,1,0.11014037459538523,0.14856760403991273,0.04546344494940043,0.09241203500641931,0.1157580093735626,0.08149495536979605,0.2006231195795179,0.2055404570860056,WAR2,0.12675440203648317,0.09539706485713863,0.2506847759471568,0.09719404704624919,0.05007292747109275,0.08405692385159422,0.20693013707220123,0.088909721718084,ACQ2
485,USA,IRN,Nego,5.53,1.94,1,1,0.10919653399870051,0.1478021467789476,0.04416600956515013,0.09436205952156033,0.11631638615065742,0.08135250737458713,0.20027244313522777,0.20653191347516928,WAR2,0.12675440203648317,0.09539706485713863,0.2506847759471568,0.09719404704624919,0.05007292747109275,0.08405692385159422,0.20693013707220123,0.088909721718084,ACQ2
485,USA,IRN,Nego,5.53,1.95,1,1,0.10824462813457497,0.14699254605521878,0.04292756765050736,0.09635791031272918,0.1168570248905296,0.0812090838027584,0.19991936503031993,0.20749187412336184,WAR2,0.12675440203648317,0.09539706485713863,0.2506847759471568,0.09719404704624919,0.05007292747109275,0.08405692385159422,0.20693013707220123,0.088909721718084,ACQ2
485,USA,IRN,Nego,5.53,1.96,1,1,0.10728676218425014,0.14614041787374804,0.04174644996056265,0.09839902823103781,0.11737995864594078,0.0810642269327813,0.19956275845245935,0.20842039771921989,WAR2,0.12675440203648317,0.09539706485713863,0.2506847759471568,0.09719404704624919,0.05007292747109275,0.08405692385159422,0.20693013707220123,0.088909721718084,ACQ2
485,USA,IRN,Nego,5.53,1.97,1,1,0.10632499168452551,0.1452474225000794,0.040620977522542526,0.10048479995941466,0.11788525318024819,0.0809174728290763,0.19920148129164852,0.20931760103246494,WAR2,0.12675440203648317,0.09539706485713863,0.2506847759471568,0.09719404704624919,0.05007292747109275,0.08405692385159422,0.20693013707220123,0.088909721718084,ACQ2
485,USA,IRN,Nego,5.53,1.98,1,1,0.105361316055406,0.14431525734612735,0.03954946830032975,0.102614560222944,0.11837300600329306,0.08076835347606645,0.19883438139381135,0.21018365720202203,WAR2,0.12675440203648317,0.09539706485713863,0.2506847759471568,0.09719404704624919,0.05007292747109275,0.08405692385159422,0.20693013707220123,0.088909721718084,ACQ2
485,USA,IRN,Nego,5.53,1.99,1,1,0.10439767284101639,0.14334564998041363,0.03853024342258349,0.10478759399992744,0.1188433453192301,0.08061639886671766,0.1984603017023296,0.21101879386778188,WAR2,0.12675440203648317,0.09539706485713863,0.2506847759471568,0.09719404704624919,0.05007292747109275,0.08405692385159422,0.20693013707220123,0.088909721718084,ACQ2
485,USA,IRN,Nego,5.54,1.5,1,1,0.11868213616445122,0.1330279616978271,0.1638726484343393,0.050385939217823666,0.08059088411138321,0.08964820653690485,0.2206946770941927,0.14309754674307784,WAR1,0.12675440203648317,0.09539706485713863,0.2506847759471568,0.09719404704624919,0.05007292747109275,0.08405692385159422,0.20693013707220123,0.088909721718084,ACQ2
485,USA,IRN,Nego,5.54,1.51,1,1,0.11935225946105411,0.13428365813068782,0.15979453703249416,0.050713943246739876,0.08152216900600294,0.08942849593811855,0.22015379667364177,0.14475114051126114,WAR1,0.12675440203648317,0.09539706485713863,0.2506847759471568,0.09719404704624919,0.05007292747109275,0.08405692385159422,0.20693013707220123,0.088909721718084,ACQ2
485,USA,IRN,Nego,5.54,1.52,1,1,0.11998785462406038,0.1355173210868888,0.15574917249175274,0.051061322641281257,0.08245801100335924,0.0892064139239657,0.21960707833654128,0.14641282589215043,WAR1,0.12675440203648317,0.09539706485713863,0.2506847759471568,0.09719404704624919,0.05007292747109275,0.08405692385159422,0.20693013707220123,0.088909721718084,ACQ2
485,USA,IRN,Nego,5.54,1.53,1,1,0.12058722709826887,0.13672686124691683,0.15173984883207545,0.051429162798443596,0.08339777130510188,0.088982300639534,0.21905535944722013,0.1480814686324391,WAR1,0.12675440203648317,0.09539706485713863,0.2506847759471568,0.09719404704624919,0.05007292747109275,0.08405692385159422,0.20693013707220123,0.088909721718084,ACQ2
485,USA,IRN,Nego,5.54,1.54,1,1,0.12114873817898597,0.13791018105126665,0.14776980581307575,0.0518185747779238,0.08434079147057134,0.0887565064865865,0.21849950261974446,0.14975589960184538,WAR1,0.12675440203648317,0.09539706485713863,0.2506847759471568,0.09719404704624919,0.05007292747109275,0.08405692385159422,0.20693013707220123,0.088909721718084,ACQ2
485,USA,IRN,Nego,5.54,1.55,1,1,0.12167081458264,0.13906518235528165,0.14384221782373297,0.05223069236709892,0.0852863947526764,0.08852939013383393,0.21794039081963368,0.15143491716510254,WAR1,0.12675440203648317,0.09539706485713863,0.2506847759471568,0.09719404704624919,0.05007292747109275,0.08405692385159422,0.20693013707220123,0.088909721718084,ACQ2
485,USA,IRN,Nego,5.54,1.56,1,1,0.12215195800951842,0.14018977438164593,0.13996018283429024,0.052666668893334226,0.08623388756458031,0.08830131639364329,0.21737892213677373,0.15311728978621383,WAR1,0.12675440203648317,0.09539706485713863,0.2506847759471568,0.09719404704624919,0.05007292747109275,0.08405692385159422,0.20693013707220123,0.088909721718084,ACQ2
485,USA,IRN,Nego,5.54,1.57,1,1,0.12259075461065715,0.14128188191795302,0.13612671150101652,0.05312767379774949,0.08718256107176009,0.08807265397986849,0.21681600426567452,0.15480175885532055,WAR1,0.12675440203648317,0.09539706485713863,0.2506847759471568,0.09719404704624919,0.05007292747109275,0.08405692385159422,0.20693013707220123,0.088909721718084,ACQ2
485,USA,IRN,Nego,5.54,1.58,1,1,0.12298588426755883,0.1423394537021023,0.13234471651595642,0.05361488898759206,0.08813169290272231,0.08784377316353725,0.21625254873427488,0.15648704172625597,WAR1,0.12675440203648317,0.09539706485713863,0.2506847759471568,0.09719404704624919,0.05007292747109275,0.08405692385159422,0.20693013707220123,0.088909721718084,ACQ2
485,USA,IRN,Nego,5.54,1.59,1,1,0.12333612959127957,0.14336047093425935,0.12861700229393433,0.054129504987262905,0.08908054897043316,0.08761504334501502,0.21568946492712926,0.1581718349506863,WAR1,0.12675440203648317,0.09539706485713863,0.2506847759471568,0.09719404704624919,0.05007292747109275,0.08405692385159422,0.20693013707220123,0.088909721718084,ACQ2
485,USA,IRN,Nego,5.54,1.6,1,1,0.12364038454661098,0.1443429558508392,0.12494625508786258,0.0546727169107559,0.09002838539537467,0.08738683056293403,0.21512765395292546,0.1598548176926972,WAR1,0.12675440203648317,0.09539706485713863,0.2506847759471568,0.09719404704624919,0.05007292747109275,0.08405692385159422,0.20693013707220123,0.088909721718084,ACQ2
485,USA,IRN,Nego,5.54,1.61,1,1,0.12389766260767496,0.14528498029352185,0.12133503362080647,0.055245720280756985,0.09097445052007928,0.08715949496159053,0.2145680024097586,0.1615346553058113,WAR1,0.12675440203648317,0.09539706485713863,0.2506847759471568,0.09719404704624919,0.05007292747109275,0.08405692385159422,0.20693013707220123,0.088909721718084,ACQ2
485,USA,IRN,Nego,5.54,1.62,1,1,0.12410710435328927,0.14618467420474338,0.1177857603192923,0.05584970672186037,0.09191798700405658,0.08693338823964078,0.21401137610436807,0.16321000305274913,WAR1,0.12675440203648317,0.09539706485713863,0.2506847759471568,0.09719404704624919,0.05007292747109275,0.08405692385159422,0.20693013707220123,0.088909721718084,ACQ2
485,USA,IRN,Nego,5.54,1.63,1,1,0.12426798441397191,0.14704023398046082,0.11430071322706105,0.056485859557257614,0.09285823398719965,0.0867088511037351,0.2134586137835294,0.16487950994678444,WAR1,0.12675440203648317,0.09539706485713863,0.2506847759471568,0.09719404704624919,0.05007292747109275,0.08405692385159422,0.20693013707220123,0.088909721718084,ACQ2
485,USA,IRN,Nego,5.54,1.64,1,1,0.12437971768741625,0.14784993061128968,0.11088201867193301,0.057155349339803,0.09379442930907879,0.08648621075119718,0.21291052093695065,0.1665418226923314,WAR1,0.12675440203648317,0.09539706485713863,0.2506847759471568,0.09719404704624919,0.05007292747109275,0.08405692385159422,0.20693013707220123,0.088909721718084,ACQ2
485,USA,IRN,Nego,5.54,1.65,1,1,0.12444186474563397,0.14861211754434983,0.10753164475078861,0.05785932934953787,0.09472581177097936,0.08626577840597344,0.21236786373130712,0.16819558970143006,WAR1,0.12675440203648317,0.09539706485713863,0.2506847759471568,0.09719404704624919,0.05007292747109275,0.08405692385159422,0.20693013707220123,0.088909721718084,ACQ2
485,USA,IRN,Nego,5.54,1.66,1,1,0.12445413636465336,0.14932523820030347,0.10425139568900096,0.058598931090543,0.09565162342714288,0.08604784693182935,0.21183136313444254,0.16983946516208448,WAR1,0.12675440203648317,0.09539706485713863,0.2506847759471568,0.09719404704624919,0.05007292747109275,0.08405692385159422,0.20693013707220123,0.088909721718084,ACQ2
485,USA,IRN,Nego,5.54,1.67,1,1,0.12441639711655579,0.14998783308308136,0.1010429071211606,0.0593752598203741,0.09657111189141337,0.08583268854617156,0.2113016892872886,0.1714721131339546,WAR1,0.12675440203648317,0.09539706485713863,0.2506847759471568,0.09719404704624919,0.05007292747109275,0.08405692385159422,0.20693013707220123,0.088909721718084,ACQ2
485,USA,IRN,Nego,5.54,1.68,1,1,0.12432866797360106,0.15059854642360748,0.09790764232977824,0.06018939014532253,0.09748353264537059,0.08562055265692116,0.21077945617871063,0.17309221164668828,WAR1,0.12675440203648317,0.09539706485713863,0.2506847759471568,0.09719404704624919,0.05007292747109275,0.08405692385159422,0.20693013707220123,0.088909721718084,ACQ2
485,USA,IRN,Nego,5.54,1.69,1,1,0.12419112788505503,0.15115613230335873,0.094846889468038,0.06104236171432516,0.09838815133405505,0.08541166384359188,0.2102652166753546,0.17469845677622148,WAR1,0.12675440203648317,0.09539706485713863,0.2506847759471568,0.09719404704624919,0.05007292747109275,0.08405692385159422,0.20693013707220123,0.088909721718084,ACQ2
485,USA,IRN,Nego,5.54,1.7,1,1,0.12400411429891964,0.15165946020875404,0.09186175978180114,0.06193517504354985,0.09928424603553104,0.0852062200021441,0.20975945795467527,0.1762895666746247,WAR1,0.12675440203648317,0.09539706485713863,0.2506847759471568,0.09719404704624919,0.05007292747109275,0.08405692385159422,0.20693013707220123,0.088909721718084,ACQ2
485,USA,IRN,Nego,5.54,1.71,1,1,0.12376812261286631,0.15210751997303557,0.08895318683512808,0.0628687875025054,0.10017110949079928,0.08500439067133958,0.2092625973847797,0.17786428552954603,WAR1,0.12675440203648317,0.09539706485713863,0.2506847759471568,0.09719404704624919,0.05007292747109275,0.08405692385159422,0.20693013707220123,0.088909721718084,ACQ2
485,USA,IRN,Nego,5.54,1.72,1,1,0.12348380455107977,0.1524994260684065,0.08612192673279977,0.06384410949099764,0.10104805128093904,0.08480631555623558,0.20877497888958663,0.17942138742995506,WAR1,0.12675440203648317,0.09539706485713863,0.2506847759471568,0.09719404704624919,0.05007292747109275,0.08405692385159422,0.20693013707220123,0.088909721718084,ACQ2
485,USA,IRN,Nego,5.54,1.73,1,1,0.12315196547622669,0.1528344212175797,0.08336855932284844,0.06486200083439482,0.10191439993883088,0.08461210326218513,0.20829686983220647,0.1809596801157276,WAR1,0.12675440203648317,0.09539706485713863,0.2506847759471568,0.09719404704624919,0.05007292747109275,0.08405692385159422,0.20693013707220123,0.088909721718084,ACQ2
485,USA,IRN,Nego,5.54,1.74,1,1,0.12277356065814984,0.15311187930050876,0.08069349035214124,0.0659232674224986,0.10276950498336321,0.0844218302502804,0.2078284584434659,0.18247800858959182,WAR1,0.12675440203648317,0.09539706485713863,0.2506847759471568,0.09719404704624919,0.05007292747109275,0.08405692385159422,0.20693013707220123,0.088909721718084,ACQ2
485,USA,IRN,Nego,5.54,1.75,1,1,0.12234969053295618,0.15333130753877844,0.078096954538729,0.06702865811486633,0.103612738864664,0.08423554002264408,0.2073698518162706,0.18397525857109126,WAR1,0.12675440203648317,0.09539706485713863,0.2506847759471568,0.09719404704624919,0.05007292747109275,0.08405692385159422,0.20693013707220123,0.088909721718084,ACQ2
485,USA,IRN,Nego,5.54,1.76,1,1,0.1218815949977204,0.1534923479468746,0.07557901951611655,0.06817886193273243,0.10444349880960493,0.0840532425433777,0.2069210744801036,0.18545035977346994,WAR1,0.12675440203648317,0.09539706485713863,0.2506847759471568,0.09719404704624919,0.05007292747109275,0.08405692385159422,0.20693013707220123,0.088909721718084,ACQ2
485,USA,IRN,Nego,5.54,1.77,1,1,0.12137064679687921,0.1535947780462262,0.07313959059693005,0.06937450555473668,0.10526120855759641,0.0838749138983573,0.20648206756351553,0.18690228898575845,WAR1,0.12675440203648317,0.09539706485713863,0.2506847759471568,0.09719404704624919,0.05007292747109275,0.08405692385159422,0.20693013707220123,0.088909721718084,ACQ2
485,USA,IRN,Nego,5.54,1.78,1,1,0.12081834406639302,0.15363851084445973,0.07077841629672044,0.07061615113054319,0.10606531997752851,0.0837004961944692,0.20605268854606412,0.1883300729438218,WAR1,0.12675440203648317,0.09539706485713863,0.2506847759471568,0.09719404704624919,0.05007292747109275,0.08405692385159422,0.20693013707220123,0.088909721718084,ACQ2
485,USA,IRN,Nego,5.54,1.79,1,1,0.12022630211074702,0.15362359408866896,0.0684950945529152,0.07190429442312499,0.10685531455760042,0.08352989769633463,0.20563271159490148,0.18973279097570717,WAR1,0.12675440203648317,0.09539706485713863,0.2506847759471568,0.09719404704624919,0.05007292747109275,0.08405692385159422,0.20693013707220123,0.088909721718084,ACQ2
485,USA,IRN,Nego,5.54,1.8,1,1,0.11959624449573776,0.15355020880763362,0.06628907956923319,0.07323936328705376,0.1076307047607302,0.08336299319612239,0.20522182847517345,0.19110957740831583,WAR1,0.12675440203648317,0.09539706485713863,0.2506847759471568,0.09719404704624919,0.05007292747109275,0.08405692385159422,0.20693013707220123,0.088909721718084,ACQ2
485,USA,IRN,Nego,5.54,1.81,1,1,0.11892999354664043,0.1534186671637672,0.06415968921222032,0.07462171648658562,0.10839103523923134,0.08319962460971465,0.20481965001765184,0.19245962372418854,WAR1,0.12675440203648317,0.09539706485713863,0.2506847759471568,0.09719404704624919,0.05007292747109275,0.08405692385159422,0.20693013707220123,0.088909721718084,ACQ2
485,USA,IRN,Nego,5.54,1.82,1,1,0.1182294603467019,0.1532294096411183,0.062106112883942646,0.07605164285372878,0.10913588390349244,0.08303960179030895,0.2044257081216485,0.19378218045905843,WAR1,0.12675440203648317,0.09539706485713863,0.2506847759471568,0.09719404704624919,0.05007292747109275,0.08405692385159422,0.20693013707220123,0.088909721718084,ACQ2
485,USA,IRN,Nego,5.54,1.83,1,1,0.11749663433489553,0.15298300160094205,0.060127419793249495,0.07752936078284395,0.10986486284048505,0.08288270354852564,0.20403945826630138,0.1950765588327569,WAR1,0.12675440203648317,0.09539706485713863,0.2506847759471568,0.09719404704624919,0.05007292747109275,0.08405692385159422,0.20693013707220123,0.088909721718084,ACQ2
485,USA,IRN,Nego,5.54,1.84,1,1,0.1167335726044792,0.1526801292411866,0.058222567547372026,0.07905501805472477,0.11057761907905736,0.08272867886626827,0.20366028249883814,0.1963421321080737,WAR1,0.12675440203648317,0.09539706485713863,0.2506847759471568,0.09719404704624919,0.05007292747109275,0.08405692385159422,0.20693013707220123,0.088909721718084,ACQ2
485,USA,IRN,Nego,5.54,1.85,1,1,0.11594238900510159,0.15232159500065082,0.05639041098588721,0.08062869197957433,0.11127383520013448,0.08257724828996985,0.20328749286445086,0.19757833667423064,WAR1,0.12675440203648317,0.09539706485713863,0.2506847759471568,0.09719404704624919,0.05007292747109275,0.08405692385159422,0.20693013707220123,0.088909721718084,ACQ2
485,USA,IRN,Nego,5.54,1.86,1,1,0.11512524315102085,0.15190831245256173,0.05462971118020493,0.08225038984489809,0.11195322979112876,0.08242810548746636,0.2029203352389842,0.19878467285373497,WAR1,0.12675440203648317,0.09539706485713863,0.2506847759471568,0.09719404704624919,0.05007292747109275,0.08405692385159422,0.20693013707220123,0.088909721718084,ACQ2
485,USA,IRN,Nego,5.54,1.87,1,1,0.11428432943646177,0.15144130073582968,0.05293914452366971,0.083920049651126,0.11261555774505898,0.08228091895157556,0.20255799352278203,0.19996070543349653,WAR1,0.12675440203648317,0.09539706485713863,0.2506847759471568,0.09719404704624919,0.05007292747109275,0.08405692385159422,0.20693013707220123,0.088909721718084,ACQ2
485,USA,IRN,Nego,5.54,1.88,1,1,0.11342186615630047,0.15092167857525768,0.051317311840029245,0.08563754111482538,0.11326061040606507,0.08213533383254232,0.20219959415177477,0.20110606392320485,WAR1,0.12675440203648317,0.09539706485713863,0.2506847759471568,0.09719404704624919,0.05007292747109275,0.08405692385159422,0.20693013707220123,0.088909721718084,ACQ2
485,USA,IRN,Nego,5.54,1.89,1,1,0.11254008482619521,0.1503506579444588,0.049762747441354796,0.08740266691671966,0.11388821556417411,0.08199097388083487,0.20184421088022778,0.202220442546035,WAR2,0.12675440203648317,0.09539706485713863,0.2506847759471568,0.09719404704624919,0.05007292747109275,0.08405692385159422,0.20693013707220123,0.088909721718084,ACQ2
485,USA,IRN,Nego,5.54,1.9,1,1,0.11164121979107963,0.14972953742714223,0.0482739280704195,0.08921516416945618,0.11449823730329473,0.0818474434813479,0.20149086978851338,0.20330359996874614,WAR2,0.12675440203648317,0.09539706485713863,0.2506847759471568,0.09719404704624919,0.05007292747109275,0.08405692385159422,0.20693013707220123,0.088909721718084,ACQ2
485,USA,IRN,Nego,5.54,1.91,1,1,0.11072749820469875,0.1490596953337394,0.046849281666985154,0.09107470607821244,0.11509057570749365,0.08170432975989098,0.20113855446883458,0.2043553587801451,WAR2,0.12675440203648317,0.09539706485713863,0.2506847759471568,0.09719404704624919,0.05007292747109275,0.08405692385159422,0.20693013707220123,0.088909721718084,ACQ2
485,USA,IRN,Nego,5.54,1.92,1,1,0.1098011304557269,0.14834258263101655,0.045487195902331704,0.0929809037658425,0.11566516643158924,0.08156120474289784,0.2007862113419657,0.2053756047286294,WAR2,0.12675440203648317,0.09539706485713863,0.2506847759471568,0.09719404704624919,0.05007292747109275,0.08405692385159422,0.20693013707220123,0.088909721718084,ACQ2
485,USA,IRN,Nego,5.54,1.93,1,1,0.1088643011081014,0.1475797157423687,0.044186026431615816,0.09493330823338063,0.11622198014299873,0.08141762755159046,0.20043275505881494,0.20636428573112944,WAR2,0.12675440203648317,0.09539706485713863,0.2506847759471568,0.09719404704624919,0.05007292747109275,0.08405692385159422,0.20693013707220123,0.088909721718084,ACQ2
485,USA,IRN,Nego,5.54,1.94,1,1,0.10791916041467962,0.14677266927585977,0.0429441048191789,0.09693141242636205,0.11676102184255144,0.08127314661234823,0.2000770739418792,0.2073214106671408,WAR2,0.12675440203648317,0.09539706485713863,0.2506847759471568,0.09719404704624919,0.05007292747109275,0.08405692385159422,0.20693013707220123,0.088909721718084,ACQ2
485,USA,IRN,Nego,5.54,1.95,1,1,0.10696781645433791,0.14592306873582359,0.041759746097667236,0.09897465337759659,0.11728233007264104,0.08112730186575999,0.19971803542345754,0.20824704797271618,WAR2,0.12675440203648317,0.09539706485713863,0.2506847759471568,0.09719404704624919,0.05007292747109275,0.08405692385159422,0.20693013707220123,0.088909721718084,ACQ2
485,USA,IRN,Nego,5.54,1.96,1,1,0.10601232793334195,0.14503258327193383,0.04063125592768725,0.1010624143977476,0.1177859760216036,0.08097962695775239,0.1993544914397389,0.20914132405019437,WAR2,0.12675440203648317,0.09539706485713863,0.2506847759471568,0.09719404704624919,0.05007292747109275,0.08405692385159422,0.20693013707220123,0.088909721718084,ACQ2
485,USA,IRN,Nego,5.54,1.97,1,1,0.10505469768239553,0.144102918517153,0.03955693733062564,0.10319402728630071,0.11827206253358546,0.08082965139727089,0.1989852837425512,0.21000442151011772,WAR2,0.12675440203648317,0.09539706485713863,0.2506847759471568,0.09719404704624919,0.05007292747109275,0.08405692385159422,0.20693013707220123,0.088909721718084,ACQ2
485,USA,IRN,Nego,5.54,1.98,1,1,0.10409686687136557,0.14313580956290922,0.03853509697312851,0.10536877453722467,0.11874072303338984,0.08067690266621878,0.1986092490935792,0.21083657726218397,WAR2,0.12675440203648317,0.09539706485713863,0.2506847759471568,0.09719404704624919,0.05007292747109275,0.08405692385159422,0.20693013707220123,0.088909721718084,ACQ2
485,USA,IRN,Nego,5.54,1.99,1,1,0.10314070995446657,0.14213301411628262,0.03756405098748575,0.10758589151579359,0.11919212037587261,0.08052090826870292,0.19822522430916706,0.21163808047222885,WAR2,0.12675440203648317,0.09539706485713863,0.2506847759471568,0.09719404704624919,0.05007292747109275,0.08405692385159422,0.20693013707220123,0.088909721718084,ACQ2
485,USA,IRN,Nego,5.55,1.5,1,1,0.1185836047439031,0.1338423089908853,0.16028208902411617,0.05113917716068176,0.08142641128435199,0.08959112978314832,0.22055416635531136,0.14458111265760193,WAR1,0.12675440203648317,0.09539706485713863,0.2506847759471568,0.09719404704624919,0.05007292747109275,0.08405692385159422,0.20693013707220123,0.088909721718084,ACQ2
485,USA,IRN,Nego,5.55,1.51,1,1,0.11922907617571141,0.1350819608308249,0.15622135626094208,0.05149037399434672,0.08236341106800807,0.0893668731900953,0.22000209467086887,0.1462448538092025,WAR1,0.12675440203648317,0.09539706485713863,0.2506847759471568,0.09719404704624919,0.05007292747109275,0.08405692385159422,0.20693013707220123,0.088909721718084,ACQ2
485,USA,IRN,Nego,5.55,1.52,1,1,0.11983864640994346,0.13629765236428243,0.15219650560738965,0.051862006484919176,0.08330433703355754,0.08914049232025607,0.2194447934721114,0.1479155663075404,WAR1,0.12675440203648317,0.09539706485713863,0.2506847759471568,0.09719404704624919,0.05007292747109275,0.08405692385159422,0.20693013707220123,0.088909721718084,ACQ2
485,USA,IRN,Nego,5.55,1.53,1,1,0.12041065630086908,0.13748726708989795,0.14821081280008563,0.052255187258028524,0.08424852485177127,0.08891234282825673,0.2188831383045284,0.14959207056656243,WAR1,0.12675440203648317,0.09539706485713863,0.2506847759471568,0.09719404704624919,0.05007292747109275,0.08405692385159422,0.20693013707220123,0.088909721718084,ACQ2
485,USA,IRN,Nego,5.55,1.54,1,1,0.12094351094346387,0.13864868719964224,0.14426748888803426,0.05267105184269717,0.08519529168286222,0.08868278910068629,0.21831802620983115,0.15127315413278303,WAR1,0.12675440203648317,0.09539706485713863,0.2506847759471568,0.09719404704624919,0.05007292747109275,0.08405692385159422,0.20693013707220123,0.088909721718084,ACQ2
485,USA,IRN,Nego,5.55,1.55,1,1,0.12143568935992494,0.1397798016680705,0.14036966895874994,0.05311075544606826,0.08614393767981059,0.08845220210423943,0.217750370428541,0.15295757435459534,WAR1,0.12675440203648317,0.09539706485713863,0.2506847759471568,0.09719404704624919,0.05007292747109275,0.08405692385159422,0.20693013707220123,0.088909721718084,ACQ2
485,USA,IRN,Nego,5.55,1.56,1,1,0.12188575410219364,0.14087851459794176,0.136520401006885,0.05357546948520497,0.08709374762052842,0.08822095710977816,0.21718109479711764,0.1546440612803507,WAR1,0.12675440203648317,0.09539706485713863,0.2506847759471568,0.09719404704624919,0.05007292747109275,0.08405692385159422,0.20693013707220123,0.088909721718084,ACQ2
485,USA,IRN,Nego,5.55,1.57,1,1,0.12229236067768323,0.141942753763416,0.13272263504009355,0.054066377893601705,0.08804399266181326,0.087989431309289,0.21661112788141698,0.15633132077268616,WAR1,0.12675440203648317,0.09539706485713863,0.2506847759471568,0.09719404704624919,0.05007292747109275,0.08405692385159422,0.20693013707220123,0.088909721718084,ACQ2
485,USA,IRN,Nego,5.55,1.58,1,1,0.12265426670303688,0.1429704792877718,0.12897921251726804,0.054584673223059224,0.08899393220674444,0.08775800134469074,0.21604139689314658,0.15801803782428236,WAR1,0.12675440203648317,0.09539706485713863,0.2506847759471568,0.09719404704624919,0.05007292747109275,0.08405692385159422,0.20693013707220123,0.088909721718084,ACQ2
485,USA,IRN,Nego,5.55,1.59,1,1,0.1229703406897291,0.1439596923890654,0.12529285621325353,0.05513155256440294,0.08994281587595475,0.08752704076921168,0.21547282144031982,0.1597028800580628,WAR1,0.12675440203648317,0.09539706485713863,0.2506847759471568,0.09719404704624919,0.05007292747109275,0.08405692385159422,0.20693013707220123,0.088909721718084,ACQ2
485,USA,IRN,Nego,5.55,1.6,1,1,0.12323957036573896,0.14490844412449916,0.12166616060169688,0.05570821331311368,0.09088988557209544,0.08729691746356241,0.21490630716642628,0.1613845013928672,WAR1,0.12675440203648317,0.09539706485713863,0.2506847759471568,0.09719404704624919,0.05007292747109275,0.08405692385159422,0.20693013707220123,0.088909721718084,ACQ2
485,USA,IRN,Nego,5.55,1.61,1,1,0.12346107043943429,0.14581484406252365,0.11810158284379986,0.0563158488082379,0.09183437762580941,0.08706799103033694,0.21434273933600662,0.16306154585385113,WAR1,0.12675440203648317,0.09539706485713863,0.2506847759471568,0.09719404704624919,0.05007292747109275,0.08405692385159422,0.20693013707220123,0.088909721718084,ACQ2
485,USA,IRN,Nego,5.55,1.62,1,1,0.12363408971523161,0.14667706881092907,0.11460143446547597,0.05695564387491596,0.09277552501066115,0.08684061019096163,0.21378297642649774,0.1647326515053268,WAR1,0.12675440203648317,0.09539706485713863,0.2506847759471568,0.09719404704624919,0.05007292747109275,0.08405692385159422,0.20693013707220123,0.088909721718084,ACQ2
485,USA,IRN,Nego,5.55,1.63,1,1,0.12375801747552395,0.1474933703294023,0.11116787379882351,0.05762877030246692,0.09371255961375138,0.0866151102100383,0.2132278437875182,0.1663964544824757,WAR1,0.12675440203648317,0.09539706485713863,0.2506847759471568,0.09719404704624919,0.05007292747109275,0.08405692385159422,0.20693013707220123,0.088909721718084,ACQ2
485,USA,IRN,Nego,5.55,1.64,1,1,0.123832389049754,0.14826208395623824,0.1078028992560402,0.05833638229117518,0.09464471454817344,0.08639181037209437,0.21267812742916653,0.16805159309735804,WAR1,0.12675440203648317,0.09539706485713863,0.2506847759471568,0.09719404704624919,0.05007292747109275,0.08405692385159422,0.20693013707220123,0.088909721718084,ACQ2
485,USA,IRN,Nego,5.55,1.65,1,1,0.12385689049926978,0.1489816360810791,0.1045083434950479,0.05907961190171267,0.0955712264930609,0.08617101153553704,0.21213456800038155,0.16969671199391106,WAR1,0.12675440203648317,0.09539706485713863,0.2506847759471568,0.09719404704624919,0.05007292747109275,0.08405692385159422,0.20693013707220123,0.088909721718084,ACQ2
485,USA,IRN,Nego,5.55,1.66,1,1,0.12383136235562027,0.14965055139865993,0.10128586852633324,0.059859564541494464,0.0964913380467208,0.0859529937880229,0.21159785501696426,0.17133046632618415,WAR1,0.12675440203648317,0.09539706485713863,0.2506847759471568,0.09719404704624919,0.05007292747109275,0.08405692385159422,0.20693013707220123,0.088909721718084,ACQ2
485,USA,IRN,Nego,5.55,1.67,1,1,0.12375580236009608,0.15026745968250912,0.09813696180004385,0.06067731452219456,0.09740430007825329,0.08573801422650032,0.21106862139651766,0.1729515259338852,WAR1,0.12675440203648317,0.09539706485713863,0.2506847759471568,0.09719404704624919,0.05007292747109275,0.08405692385159422,0.20693013707220123,0.088909721718084,ACQ2
485,USA,IRN,Nego,5.55,1.68,1,1,0.12363036716340017,0.15083110202228991,0.09506293330138318,0.06153390072215603,0.09830937406311158,0.08552630488388396,0.21054743835436368,0.17455857948941145,WAR1,0.12675440203648317,0.09539706485713863,0.2506847759471568,0.09719404704624919,0.05007292747109275,0.08405692385159422,0.20693013707220123,0.088909721718084,ACQ2
485,USA,IRN,Nego,5.55,1.69,1,1,0.12345537295619011,0.15134033647389547,0.09206491367105724,0.06243032238651565,0.09920583438825183,0.08531807082269945,0.2100348107105055,0.17615033859088472,WAR1,0.12675440203648317,0.09539706485713863,0.2506847759471568,0.09719404704624919,0.05007292747109275,0.08405692385159422,0.20693013707220123,0.088909721718084,ACQ2
485,USA,IRN,Nego,5.55,1.7,1,1,0.1232312950136285,0.15179414307739378,0.08914385335613566,0.06336753509656008,0.10009297061285125,0.08511348841413,0.20953117265300797,0.17772554177629266,WAR1,0.12675440203648317,0.09539706485713863,0.2506847759471568,0.09719404704624919,0.05007292747109275,0.08405692385159422,0.20693013707220123,0.088909721718084,ACQ2
485,USA,IRN,Nego,5.55,1.71,1,1,0.12295876614980818,0.15219162820437698,0.08630052278542323,0.06434644693814143,0.10097008967101995,0.08491270381873729,0.20903688399785864,0.17928295843463418,WAR1,0.12675440203648317,0.09539706485713863,0.2506847759471568,0.09719404704624919,0.05007292747109275,0.08405692385159422,0.20693013707220123,0.088909721718084,ACQ2
485,USA,IRN,Nego,5.55,1.72,1,1,0.12263857409076802,0.1525320282030532,0.08353551355247409,0.06536791489695057,0.10183651800348997,0.0847158316827641,0.20855222697954368,0.18082139259095636,WAR1,0.12675440203648317,0.09539706485713863,0.2506847759471568,0.09719404704624919,0.05007292747109275,0.08405692385159422,0.20693013707220123,0.088909721718084,ACQ2
485,USA,IRN,Nego,5.55,1.73,1,1,0.12227165778754324,0.15281471231644483,0.08084924057892315,0.0664327415060914,0.10269160360591668,0.084522954061398,0.2080774036003547,0.18233968654332794,WAR1,0.12675440203648317,0.09539706485713863,0.2506847759471568,0.09719404704624919,0.05007292747109275,0.08405692385159422,0.20693013707220123,0.088909721718084,ACQ2
485,USA,IRN,Nego,5.55,1.74,1,1,0.12185910270310372,0.15303918485619492,0.07824194522100299,0.06754167176875454,0.1035347179821698,0.08433411957773237,0.20761253355992987,0.18383672433111165,WAR1,0.12675440203648317,0.09539706485713863,0.2506847759471568,0.09719404704624919,0.05007292747109275,0.08405692385159422,0.20693013707220123,0.088909721718084,ACQ2
485,USA,IRN,Nego,5.55,1.75,1,1,0.12140213511891267,0.1532050866216471,0.07571369927311099,0.06869539037588844,0.10436525799180214,0.08414934282344548,0.20715765277985454,0.18531143501533867,WAR1,0.12675440203648317,0.09539706485713863,0.2506847759471568,0.09719404704624919,0.05007292747109275,0.08405692385159422,0.20693013707220123,0.088909721718084,ACQ2
485,USA,IRN,Nego,5.55,1.76,1,1,0.12090211551799537,0.15331219556094988,0.07326440981419455,0.06989451923563937,0.10518264758177014,0.08396860400448308,0.20671271253140827,0.18676279575355936,WAR1,0.12675440203648317,0.09539706485713863,0.2506847759471568,0.09719404704624919,0.05007292747109275,0.08405692385159422,0.20693013707220123,0.088909721718084,ACQ2
485,USA,IRN,Nego,5.55,1.77,1,1,0.12036053111167548,0.153360426677886,0.07089382483562914,0.07113961532801495,0.10598633939341678,0.08379184883231272,0.20627757916785566,0.18818983465320935,WAR1,0.12675440203648317,0.09539706485713863,0.2506847759471568,0.09719404704624919,0.05007292747109275,0.08405692385159422,0.20693013707220123,0.088909721718084,ACQ2
485,USA,IRN,Nego,5.55,1.78,1,1,0.11977898758636447,0.1533498311948359,0.06860153958322834,0.07243116889475551,0.10677581623672482,0.08361898865865763,0.20585203445613226,0.1895916333893011,WAR1,0.12675440203648317,0.09539706485713863,0.2506847759471568,0.09719404704624919,0.05007292747109275,0.08405692385159422,0.20693013707220123,0.088909721718084,ACQ2
485,USA,IRN,Nego,5.55,1.79,1,1,0.11915920015484605,0.15328059498874014,0.06638700354108346,0.0737696019708102,0.10755059242488618,0.08344990084906156,0.20543577649648195,0.19096732957409057,WAR1,0.12675440203648317,0.09539706485713863,0.2506847759471568,0.09719404704624919,0.05007292747109275,0.08405692385159422,0.20693013707220123,0.088909721718084,ACQ2
485,USA,IRN,Nego,5.55,1.8,1,1,0.11850298400328423,0.1531530363230314,0.06424952798110448,0.07515526726014601,0.10831021496331819,0.0832844293882037,0.20502842121261136,0.1923161188683008,WAR1,0.12675440203648317,0.09539706485713863,0.2506847759471568,0.09719404704624919,0.05007292747109275,0.08405692385159422,0.20693013707220123,0.088909721718084,ACQ2
485,USA,IRN,Nego,5.55,1.81,1,1,0.11781224423061619,0.15296760290426228,0.062188293999398576,0.07658844735491989,0.10905426458837691,0.0831223857076134,0.20462950438934718,0.1936372568254655,WAR1,0.12675440203648317,0.09539706485713863,0.2506847759471568,0.09719404704624919,0.05007292747109275,0.08405692385159422,0.20693013707220123,0.088909721718084,ACQ2
485,USA,IRN,Nego,5.55,1.82,1,1,0.11708896538101556,0.1527248682974874,0.06020236095897326,0.07806935429334988,0.10978235665216969,0.08296354972435127,0.2042384842296462,0.19493006046300665,WAR1,0.12675440203648317,0.09539706485713863,0.2506847759471568,0.09719404704624919,0.05007292747109275,0.08405692385159422,0.20693013707220123,0.088909721718084,ACQ2
485,USA,IRN,Nego,5.55,1.83,1,1,0.11633520067270257,0.1524255277393681,0.05829067525762617,0.07959812944798927,0.11049414185104434,0.0828076710773429,0.20385474439818357,0.196193909555743,WAR1,0.12675440203648317,0.09539706485713863,0.2506847759471568,0.09719404704624919,0.05007292747109275,0.08405692385159422,0.20693013707220123,0.088909721718084,ACQ2
485,USA,IRN,Nego,5.55,1.84,1,1,0.11555306102751789,0.15207039339240022,0.056452079340247464,0.0811748437325836,0.11118930679652521,0.08265447054639957,0.2034775975146787,0.19742824764964717,WAR1,0.12675440203648317,0.09539706485713863,0.2506847759471568,0.09719404704624919,0.05007292747109275,0.08405692385159422,0.20693013707220123,0.088909721718084,ACQ2
485,USA,IRN,Nego,5.55,1.85,1,1,0.11474470400539588,0.15166038908760057,0.05468532087603823,0.08279949811233743,0.11186757442866485,0.08250364163754341,0.2031062890566252,0.1986325827957945,WAR1,0.12675440203648317,0.09539706485713863,0.2506847759471568,0.09719404704624919,0.05007292747109275,0.08405692385159422,0.20693013707220123,0.088909721718084,ACQ2
485,USA,IRN,Nego,5.55,1.86,1,1,0.11391232274619592,0.1511965446064006,0.052989062023279736,0.08447202439927591,0.11252870427297088,0.08235485231708774,0.20274000162822559,0.1998064880065634,WAR1,0.12675440203648317,0.09539706485713863,0.2506847759471568,0.09719404704624919,0.05007292747109275,0.08405692385159422,0.20693013707220123,0.088909721718084,ACQ2
485,USA,IRN,Nego,5.55,1.87,1,1,0.11305813501835277,0.15067998955534914,0.05136188870719217,0.08619228631153825,0.11317249254324135,0.08220774687601212,0.20237785955008364,0.20094960143823087,WAR1,0.12675440203648317,0.09539706485713863,0.2506847759471568,0.09719404704624919,0.05007292747109275,0.08405692385159422,0.20693013707220123,0.088909721718084,ACQ2
485,USA,IRN,Nego,5.55,1.88,1,1,0.11218437246954938,0.1501119468894992,0.049802319840021946,0.0879600807729102,0.11379877209377731,0.08206194790551974,0.20201893372260227,0.20206162630612018,WAR2,0.12675440203648317,0.09539706485713863,0.2506847759471568,0.09719404704624919,0.05007292747109275,0.08405692385159422,0.20693013707220123,0.088909721718084,ACQ2
485,USA,IRN,Nego,5.55,1.89,1,1,0.11129327016922333,0.14949372614202028,0.04830881641671285,0.08977513942677603,0.11440741222552826,0.08191705836427228,0.2016622467150738,0.20314233054039282,WAR2,0.12675440203648317,0.09539706485713863,0.2506847759471568,0.09719404704624919,0.05007292747109275,0.08405692385159422,0.20693013707220123,0.088909721718084,ACQ2
485,USA,IRN,Nego,5.55,1.9,1,1,0.11038705652627405,0.14882671641861137,0.04687979042426334,0.09163713033696592,0.11499831835173935,0.08177266371766352,0.2013067780321132,0.204191546192369,WAR2,0.12675440203648317,0.09539706485713863,0.2506847759471568,0.09719404704624919,0.05007292747109275,0.08405692385159422,0.20693013707220123,0.088909721718084,ACQ2
485,USA,IRN,Nego,5.55,1.91,1,1,0.10946794365800984,0.14811237921567988,0.045513613508062156,0.0935456598467513,0.11557143152960056,0.08162833412960617,0.2009514695093674,0.20520916860292251,WAR2,0.12675440203648317,0.09539706485713863,0.2506847759471568,0.09719404704624919,0.05007292747109275,0.08405692385159422,0.20693013707220123,0.088909721718084,ACQ2
485,USA,IRN,Nego,5.55,1.92,1,1,0.10853811827827373,0.14735224112099166,0.044208625344048555,0.09550027456652124,0.11612672786522721,0.0814836266876638,0.20059523079131272,0.20619515534596122,WAR2,0.12675440203648317,0.09539706485713863,0.2506847759471568,0.09719404704624919,0.05007292747109275,0.08405692385159422,0.20693013707220123,0.088909721718084,ACQ2
485,USA,IRN,Nego,5.55,1.93,1,1,0.10759973316398896,0.14654788645457392,0.04296314167136427,0.09750046346047515,0.11666421780000977,0.08133808764293936,0.20023694484538207,0.20714952496126643,WAR2,0.12675440203648317,0.09539706485713863,0.2506847759471568,0.09719404704624919,0.05007292747109275,0.08405692385159422,0.20693013707220123,0.088909721718084,ACQ2
485,USA,IRN,Nego,5.55,1.94,1,1,0.10665489925022416,0.1457009499061031,0.041775461946173584,0.0995456600030016,0.11718394528695843,0.08119125464692484,0.19987547346860832,0.2080723554920062,WAR2,0.12675440203648317,0.09539706485713863,0.2506847759471568,0.09719404704624919,0.05007292747109275,0.08405692385159422,0.20693013707220123,0.088909721718084,ACQ2
485,USA,IRN,Nego,5.55,1.95,1,1,0.10570567839445232,0.14481310922282326,0.04064387658343229,0.10163524437627246,0.11768598686611081,0.08104265896849504,0.19950966274538817,0.2089637828430258,WAR2,0.12675440203648317,0.09539706485713863,0.2506847759471568,0.09719404704624919,0.05007292747109275,0.08405692385159422,0.20693013707220123,0.088909721718084,ACQ2
485,USA,IRN,Nego,5.55,1.96,1,1,0.10475407684114871,0.14388607799929043,0.03956667375950754,0.10376854568194352,0.11817045064838148,0.0808918276753751,0.19913834841778805,0.20982399897656498,WAR2,0.12675440203648317,0.09539706485713863,0.2506847759471568,0.09719404704624919,0.05007292747109275,0.08405692385159422,0.20693013707220123,0.088909721718084,ACQ2
485,USA,IRN,Nego,5.55,1.97,1,1,0.1038020394083806,0.14292159861693857,0.03854214575459857,0.10594484414168526,0.11863747521738668,0.0807382857656968,0.1987603611329791,0.21065324996233434,WAR2,0.12675440203648317,0.09539706485713863,0.2506847759471568,0.09719404704624919,0.05007292747109275,0.08405692385159422,0.20693013707220123,0.088909721718084,ACQ2
485,USA,IRN,Nego,5.55,1.98,1,1,0.10285144440875686,0.14192143537770016,0.03756859481981195,0.10816337326352557,0.11908722845880533,0.0805815582366542,0.19837453153582388,0.21145183389892214,WAR2,0.12675440203648317,0.09539706485713863,0.2506847759471568,0.09719404704624919,0.05007292747109275,0.08405692385159422,0.20693013707220123,0.088909721718084,ACQ2
485,USA,IRN,Nego,5.55,1.99,1,1,0.10190409930817083,0.14088736787173453,0.036644338559428016,0.11042332195361636,0.1195199063267162,0.08042117207875091,0.1979796951782859,0.2122200987232972,WAR2,0.12675440203648317,0.09539706485713863,0.2506847759471568,0.09719404704624919,0.05007292747109275,0.08405692385159422,0.20693013707220123,0.088909721718084,ACQ2
485,USA,IRN,Nego,5.56,1.5,1,1,0.1184778479997144,0.13464036157256176,0.1566968661589429,0.05191932345303006,0.08226700960273009,0.0895274667309182,0.22039744156072252,0.1460736829213803,WAR1,0.12675440203648317,0.09539706485713863,0.2506847759471568,0.09719404704624919,0.05007292747109275,0.08405692385159422,0.20693013707220123,0.088909721718084,ACQ2
485,USA,IRN,Nego,5.56,1.51,1,1,0.11909747555616391,0.135862047724178,0.15265664807398976,0.052294761078496385,0.08320908026998446,0.08929887114191971,0.21983468819790533,0.1477464279573623,WAR1,0.12675440203648317,0.09539706485713863,0.2506847759471568,0.09719404704624919,0.05007292747109275,0.08405692385159422,0.20693013707220123,0.088909721718084,ACQ2
485,USA,IRN,Nego,5.56,1.52,1,1,0.11967984982255629,0.13705780961439185,0.14865545358098792,0.052691718199094045,0.08415441721291732,0.08906841771827186,0.2192673612442279,0.14942497260755286,WAR1,0.12675440203648317,0.09539706485713863,0.2506847759471568,0.09719404704624919,0.05007292747109275,0.08405692385159422,0.20693013707220123,0.088909721718084,ACQ2
485,USA,IRN,Nego,5.56,1.53,1,1,0.12022335458583837,0.13822551021384824,0.14469653012960737,0.05311133181078562,0.08510233157628927,0.08883647643855157,0.21869637150767798,0.15110809373740158,WAR1,0.12675440203648317,0.09539706485713863,0.2506847759471568,0.09719404704624919,0.05007292747109275,0.08405692385159422,0.20693013707220123,0.088909721718084,ACQ2
485,USA,IRN,Nego,5.56,1.54,1,1,0.12072644646251889,0.13936301865400322,0.14078304972418937,0.05355475874146401,0.08605211732075406,0.08860342430641346,0.218122647090479,0.15279453770017798,WAR1,0.12675440203648317,0.09539706485713863,0.2506847759471568,0.09719404704624919,0.05007292747109275,0.08405692385159422,0.20693013707220123,0.088909721718084,ACQ2
485,USA,IRN,Nego,5.56,1.55,1,1,0.12118766463420412,0.14046821871756002,0.1369180975577926,0.05402317214317173,0.08700305289454344,0.08836964304190403,0.21754712770560033,0.15448302330522376,WAR1,0.12675440203648317,0.09539706485713863,0.2506847759471568,0.09719404704624919,0.05007292747109275,0.08405692385159422,0.20693013707220123,0.088909721718084,ACQ2
485,USA,IRN,Nego,5.56,1.56,1,1,0.12160564041714571,0.14153901753653902,0.13310466087513734,0.054517757755057794,0.08795440303015524,0.08813551666062584,0.21697075871717947,0.15617224500815974,WAR1,0.12675440203648317,0.09539706485713863,0.2506847759471568,0.09719404704624919,0.05007292747109275,0.08405692385159422,0.20693013707220123,0.088909721718084,ACQ2
485,USA,IRN,Nego,5.56,1.57,1,1,0.1219791065689541,0.14257335443316282,0.12934561816242673,0.055039709958298835,0.08890542065729774,0.08790142896002989,0.21639448495231078,0.15786087630751897,WAR1,0.12675440203648317,0.09539706485713863,0.2506847759471568,0.09719404704624919,0.05007292747109275,0.08405692385159422,0.20693013707220123,0.088909721718084,ACQ2
485,USA,IRN,Nego,5.56,1.58,1,1,0.12230690623440932,0.1435692098349789,0.1256437287612042,0.05559022764715385,0.0898553489220548,0.0876677609339728,0.21581924433624028,0.1595475733299858,WAR1,0.12675440203648317,0.09539706485713863,0.2506847759471568,0.09719404704624919,0.05007292747109275,0.08405692385159422,0.20693013707220123,0.088909721718084,ACQ2
485,USA,IRN,Nego,5.56,1.59,1,1,0.12258800143253179,0.14452461419277243,0.12200162300110673,0.05617050994301068,0.09080342330105413,0.08743488813827283,0.21524596140692856,0.16123097858432284,WAR1,0.12675440203648317,0.09539706485713863,0.2506847759471568,0.09719404704624919,0.05007292747109275,0.08405692385159422,0.20693013707220123,0.088909721718084,ACQ2
485,USA,IRN,Nego,5.56,1.6,1,1,0.12282148098885275,0.14543765682790433,0.11842179294258048,0.05678175178067445,0.09174887379836236,0.08720317803129554,0.2146755407681424,0.1629097248621878,WAR1,0.12675440203648317,0.09539706485713863,0.2506847759471568,0.09719404704624919,0.05007292747109275,0.08405692385159422,0.20693013707220123,0.088909721718084,ACQ2
485,USA,IRN,Nego,5.56,1.61,1,1,0.12300656782015221,0.1463064946348028,0.11490658381537786,0.05742513939819248,0.09269092721191419,0.08697298731455635,0.2141088605425884,0.16458243926241575,WAR1,0.12675440203648317,0.09539706485713863,0.2506847759471568,0.09719404704624919,0.05007292747109275,0.08405692385159422,0.20693013707220123,0.088909721718084,ACQ2
485,USA,IRN,Nego,5.56,1.62,1,1,0.1231426254838155,0.14712936056447357,0.11145818623202912,0.05810184576316318,0.09362880945552568,0.08674465929892462,0.21354676588807173,0.1662477473139965,WAR1,0.12675440203648317,0.09539706485713863,0.2506847759471568,0.09719404704624919,0.05007292747109275,0.08405692385159422,0.20693013707220123,0.088909721718084,ACQ2
485,USA,IRN,Nego,5.56,1.63,1,1,0.12322916391035468,0.14790457181607924,0.1080786292475757,0.058813025969716784,0.09456174792194591,0.08651852132222473,0.2129900626401827,0.1679042771719202,WAR1,0.12675440203648317,0.09539706485713863,0.2506847759471568,0.09719404704624919,0.05007292747109275,0.08405692385159422,0.20693013707220123,0.088909721718084,ACQ2
485,USA,IRN,Nego,5.56,1.64,1,1,0.1232658442454599,0.14863053766584847,0.10476977432781133,0.05955981264114872,0.09548897387198256,0.08629488224385155,0.2124395111445777,0.1695506638593201,WAR1,0.12675440203648317,0.09539706485713863,0.2506847759471568,0.09719404704624919,0.05007292747109275,0.08405692385159422,0.20693013707220123,0.088909721718084,ACQ2
485,USA,IRN,Nego,5.56,1.65,1,1,0.12325248273708929,0.14930576686577024,0.10153331027826652,0.06034331137353015,0.09640972483448672,0.08607403004144806,0.21189582034051324,0.17118555352889583,WAR1,0.12675440203648317,0.09539706485713863,0.2506847759471568,0.09719404704624919,0.05007292747109275,0.08405692385159422,0.20693013707220123,0.088909721718084,ACQ2
485,USA,IRN,Nego,5.56,1.66,1,1,0.12318905361340984,0.14992887454864595,0.09837074917538252,0.061164596255502024,0.09732324700190693,0.08585622953373633,0.21135964215494518,0.17280760771647094,WAR1,0.12675440203648317,0.09539706485713863,0.2506847759471568,0.09719404704624919,0.05007292747109275,0.08405692385159422,0.20693013707220123,0.088909721718084,ACQ2
485,USA,IRN,Nego,5.56,1.67,1,1,0.12307569090871077,0.1504985885810187,0.09528342332995782,0.0620247054988855,0.09822879760621074,0.08564172025227539,0.21083156626325134,0.1744155075596901,WAR1,0.12675440203648317,0.09539706485713863,0.2506847759471568,0.09719404704624919,0.05007292747109275,0.08405692385159422,0.20693013707220123,0.088909721718084,ACQ2
485,USA,IRN,Nego,5.56,1.68,1,1,0.12291268920651353,0.15101375531118325,0.0922724833012381,0.06292463721373001,0.09912564726021815,0.08543071448325858,0.21031211526855687,0.17600795795530144,WAR1,0.12675440203648317,0.09539706485713863,0.2506847759471568,0.09719404704624919,0.05007292747109275,0.08405692385159422,0.20693013707220123,0.088909721718084,ACQ2
485,USA,IRN,Nego,5.56,1.69,1,1,0.1227005032817971,0.15147334466578308,0.08933889696817962,0.06386534535998242,0.1000130822497847,0.08522339549850125,0.2098017403468044,0.17758369162916743,WAR1,0.12675440203648317,0.09539706485713863,0.2506847759471568,0.09719404704624919,0.05007292747109275,0.08405692385159422,0.20693013707220123,0.088909721718084,ACQ2
485,USA,IRN,Nego,5.56,1.7,1,1,0.12243974663730335,0.15187645455530066,0.08648344965265754,0.06484773590612507,0.100890406762794,0.0850199159925332,0.20930081739921136,0.1791414730940747,WAR1,0.12675440203648317,0.09539706485713863,0.2506847759471568,0.09719404704624919,0.05007292747109275,0.08405692385159422,0.20693013707220123,0.088909721718084,ACQ2
485,USA,IRN,Nego,5.56,1.71,1,1,0.12213118894207327,0.15222231455593113,0.08370674527794564,0.06587266322293076,0.10175694504156915,0.08482039674026186,0.20880964374772315,0.18068010247156502,WAR1,0.12675440203648317,0.09539706485713863,0.2506847759471568,0.09719404704624919,0.05007292747109275,0.08405692385159422,0.20693013707220123,0.088909721718084,ACQ2
485,USA,IRN,Nego,5.56,1.72,1,1,0.12177575239343551,0.15251028884275417,0.08100920853483315,0.0669409267379429,0.10261204344605943,0.08462492548703901,0.20832843540259627,0.18219841915533974,WAR1,0.12675440203648317,0.09539706485713863,0.2506847759471568,0.09719404704624919,0.05007292747109275,0.08405692385159422,0.20693013707220123,0.088909721718084,ACQ2
485,USA,IRN,Nego,5.56,1.73,1,1,0.1213745070364199,0.1527398783566868,0.07839108801746333,0.06805326787345754,0.10345507241600453,0.08443355608021341,0.20785732492446646,0.18369530529528788,WAR1,0.12675440203648317,0.09539706485713863,0.2506847759471568,0.09719404704624919,0.05007292747109275,0.08405692385159422,0.20693013707220123,0.088909721718084,ACQ2
485,USA,IRN,Nego,5.56,1.74,1,1,0.12092866508677132,0.1529107221952828,0.07585246028151917,0.06921036728768529,0.10428542832120163,0.08424630784842012,0.20739635989629193,0.18516968908282783,WAR1,0.12675440203648317,0.09539706485713863,0.2506847759471568,0.09719404704624919,0.05007292747109275,0.08405692385159422,0.20693013707220123,0.088909721718084,ACQ2
485,USA,IRN,Nego,5.56,1.75,1,1,0.12043957431520289,0.15302259822494801,0.07339323476886825,0.07041284243545681,0.10510253518998844,0.08406316523199975,0.20694550201352496,0.1866205478200109,WAR1,0.12675440203648317,0.09539706485713863,0.2506847759471568,0.09719404704624919,0.05007292747109275,0.08405692385159422,0.20693013707220123,0.088909721718084,ACQ2
485,USA,IRN,Nego,5.56,1.76,1,1,0.11990871056106772,0.15307542291947224,0.07101315953531881,0.07166124546133863,0.1059058463071079,0.08388407766510778,0.20650462679389034,0.18804691075669686,WAR1,0.12675440203648317,0.09539706485713863,0.2506847759471568,0.09719404704624919,0.05007292747109275,0.08405692385159422,0.20693013707220123,0.088909721718084,ACQ2
485,USA,IRN,Nego,5.56,1.77,1,1,0.11933766945308723,0.15306925043686007,0.06871182771178898,0.07295606143438539,0.10669484567321304,0.0837089597072963,0.20607352390131126,0.18944786168205774,WAR1,0.12675440203648317,0.09539706485713863,0.2506847759471568,0.09719404704624919,0.05007292747109275,0.08405692385159422,0.20693013707220123,0.088909721718084,ACQ2
485,USA,IRN,Nego,5.56,1.78,1,1,0.11872815742302573,0.1530042709531972,0.06648868462400427,0.07429770693002574,0.10746904931940975,0.08353769141968652,0.20565189807196502,0.19082254125868553,WAR1,0.12675440203648317,0.09539706485713863,0.2506847759471568,0.09719404704624919,0.05007292747109275,0.08405692385159422,0.20693013707220123,0.088909721718084,ACQ2
485,USA,IRN,Nego,5.56,1.79,1,1,0.11808198210512297,0.1528808082786744,0.0643430354918264,0.07568652896078876,0.1082280064714013,0.08337011897831699,0.20523937062421618,0.19217014908965308,WAR1,0.12675440203648317,0.09539706485713863,0.2506847759471568,0.09719404704624919,0.05007292747109275,0.08405692385159422,0.20693013707220123,0.088909721718084,ACQ2
485,USA,IRN,Nego,5.56,1.8,1,1,0.11740104221962426,0.15269931678684373,0.06227405362647542,0.07712280425378422,0.10897130055899495,0.08320605551490036,0.20483548152837822,0.19348994551099885,WAR1,0.12675440203648317,0.09539706485713863,0.2506847759471568,0.09719404704624919,0.05007292747109275,0.08405692385159422,0.20693013707220123,0.088909721718084,ACQ2
485,USA,IRN,Nego,5.56,1.81,1,1,0.11668731704281136,0.15246037769367224,0.06028078904221054,0.0786067388690988,0.10969855006794345,0.08304528217306043,0.20443969200694354,0.19478125310425964,WAR1,0.12675440203648317,0.09539706485713863,0.2506847759471568,0.09719404704624919,0.05007292747109275,0.08405692385159422,0.20693013707220123,0.088909721718084,ACQ2
485,USA,IRN,Nego,5.56,1.82,1,1,0.11594285556851969,0.1521646947279405,0.05836217739843866,0.08013846814960686,0.11040940923231174,0.08288754936618743,0.2040513876311536,0.1960434579258416,WAR1,0.12675440203648317,0.09539706485713863,0.2506847759471568,0.09719404704624919,0.05007292747109275,0.08405692385159422,0.20693013707220123,0.088909721718084,ACQ2
485,USA,IRN,Nego,5.56,1.83,1,1,0.11516976546721464,0.15181308923898906,0.0565170491886706,0.08171805698917718,0.11110356856678769,0.08273257822135514,0.2036698818756134,0.19727601045219229,WAR1,0.12675440203648317,0.09539706485713863,0.2506847759471568,0.09719404704624919,0.05007292747109275,0.08405692385159422,0.20693013707220123,0.088909721718084,ACQ2
485,USA,IRN,Nego,5.56,1.84,1,1,0.11437020194832483,0.15140649479171142,0.05474413909416816,0.08334550040293706,0.11178075523956263,0.08258006219230163,0.20329442008910467,0.1984784262418897,WAR1,0.12675440203648317,0.09539706485713863,0.2506847759471568,0.09719404704624919,0.05007292747109275,0.08405692385159422,0.20693013707220123,0.088909721718084,ACQ2
485,USA,IRN,Nego,5.56,1.85,1,1,0.11354635662972398,0.15094595130199537,0.053042095422451446,0.08502072438018538,0.11244073328760226,0.08242966882330176,0.2029241838368616,0.1996502863178783,WAR1,0.12675440203648317,0.09539706485713863,0.2506847759471568,0.09719404704624919,0.05007292747109275,0.08405692385159422,0.20693013707220123,0.088909721718084,ACQ2
485,USA,IRN,Nego,5.56,1.86,1,1,0.11270044651509925,0.15043259876852055,0.05140948955397412,0.0867435869977838,0.11308330367728324,0.08228104164485492,0.2025582955673485,0.20079123727513554,WAR1,0.12675440203648317,0.09539706485713863,0.2506847759471568,0.09719404704624919,0.05007292747109275,0.08405692385159422,0.20693013707220123,0.088909721718084,ACQ2
485,USA,IRN,Nego,5.56,1.87,1,1,0.11183470317551163,0.14986767065889328,0.04984482532414329,0.08851387976945072,0.11370830421447914,0.08213380218148046,0.2021958235550214,0.2019009911210201,WAR1,0.12675440203648317,0.09539706485713863,0.2506847759471568,0.09719404704624919,0.05007292747109275,0.08405692385159422,0.20693013707220123,0.088909721718084,ACQ2
485,USA,IRN,Nego,5.56,1.88,1,1,0.11095136222586836,0.1492524870095199,0.04834654827236496,0.09033132920438247,0.11431560930922208,0.08198755205155658,0.20183578706968194,0.20297932485740366,WAR2,0.12675440203648317,0.09539706485713863,0.2506847759471568,0.09719404704624919,0.05007292747109275,0.08405692385159422,0.20693013707220123,0.088909721718084,ACQ2
485,USA,IRN,Nego,5.56,1.89,1,1,0.11005265318039657,0.1485884472994004,0.046913054694842644,0.09219559854707537,0.11490512960103214,0.0818418751390465,0.20147716172280167,0.20402607981540483,WAR2,0.12675440203648317,0.09539706485713863,0.2506847759471568,0.09719404704624919,0.05007292747109275,0.08405692385159422,0.20693013707220123,0.088909721718084,ACQ2
485,USA,IRN,Nego,5.56,1.9,1,1,0.109140789763681,0.14787702315812076,0.045542700443355406,0.09410628966915344,0.11547681145187523,0.08169633981712304,0.20111888494160937,0.20504116075508186,WAR2,0.12675440203648317,0.09539706485713863,0.2506847759471568,0.09719404704624919,0.05007292747109275,0.08405692385159422,0.20693013707220123,0.088909721718084,ACQ2
485,USA,IRN,Nego,5.56,1.91,1,1,0.10821796074554708,0.1471197509677665,0.04423380941808838,0.09606294508344407,0.11603063631447515,0.0815505012041181,0.2007598615227556,0.2060245347438053,WAR2,0.12675440203648317,0.09539706485713863,0.2506847759471568,0.09719404704624919,0.05007292747109275,0.08405692385159422,0.20693013707220123,0.088909721718084,ACQ2
485,USA,IRN,Nego,5.56,1.92,1,1,0.10728632135920407,0.14631822441726808,0.04298468170870105,0.09806505005050878,0.11656661998434405,0.08140390343286558,0.20039896921894815,0.20697622982816,WAR2,0.12675440203648317,0.09539706485713863,0.2506847759471568,0.09719404704624919,0.05007292747109275,0.08405692385159422,0.20693013707220123,0.088909721718084,ACQ2
485,USA,IRN,Nego,5.56,1.93,1,1,0.10634798535276485,0.14547408706583834,0.041793601344092775,0.10011203474831569,0.11708481174441367,0.08125608191536295,0.20003506431406434,0.20789633351514708,WAR2,0.12675440203648317,0.09539706485713863,0.2506847759471568,0.09719404704624919,0.05007292747109275,0.08405692385159422,0.20693013707220123,0.088909721718084,ACQ2
485,USA,IRN,Nego,5.56,1.94,1,1,0.10540501771470755,0.14458902496971346,0.04065884361767302,0.10220327647674475,0.11758529341151937,0.08110656558571813,0.19966698714480524,0.20878499107911838,WAR2,0.12675440203648317,0.09539706485713863,0.2506847759471568,0.09719404704624919,0.05007292747109275,0.08405692385159422,0.20693013707220123,0.088909721718084,ACQ2
485,USA,IRN,Nego,5.56,1.95,1,1,0.10445942810419837,0.14366475942339282,0.03957868196127948,0.10433810187010227,0.11806817829423305,0.0809548791055577,0.19929356752993788,0.20964240371129833,WAR2,0.12675440203648317,0.09539706485713863,0.2506847759471568,0.09719404704624919,0.05007292747109275,0.08405692385159422,0.20693013707220123,0.088909721718084,ACQ2
485,USA,IRN,Nego,5.56,1.96,1,1,0.10351316500762471,0.14270303986305571,0.038551394347121765,0.10651578909276783,0.11853361007163075,0.08080054501741185,0.19891363007146834,0.21046882652891918,WAR2,0.12675440203648317,0.09539706485713863,0.2506847759471568,0.09719404704624919,0.05007292747109275,0.08405692385159422,0.20693013707220123,0.088909721718084,ACQ2
485,USA,IRN,Nego,5.56,1.97,1,1,0.10256811063333389,0.1417056369758601,0.03757526920318367,0.10873556999544567,0.11898176160254559,0.0806430858330442,0.19852599929566214,0.21126456646092476,WAR2,0.12675440203648317,0.09539706485713863,0.2506847759471568,0.09719404704624919,0.05007292747109275,0.08405692385159422,0.20693013707220123,0.088909721718084,ACQ2
485,USA,IRN,Nego,5.56,1.98,1,1,0.10162607654760011,0.14067433605448984,0.036648610833323755,0.11099663221219648,0.1194128336746867,0.08048202604521887,0.19812950460558343,0.21202998002690068,WAR2,0.12675440203648317,0.09539706485713863,0.2506847759471568,0.09719404704624919,0.05007292747109275,0.08405692385159422,0.20693013707220123,0.088909721718084,ACQ2
485,USA,IRN,Nego,5.56,1.99,1,1,0.10068880004635215,0.13961093063168065,0.03576974433879866,0.11329812118140907,0.1198270537027189,0.08031689405296905,0.19772298502069355,0.21276547102537813,WAR2,0.12675440203648317,0.09539706485713863,0.2506847759471568,0.09719404704624919,0.05007292747109275,0.08405692385159422,0.20693013707220123,0.088909721718084,ACQ2
485,USA,IRN,Nego,5.57,1.5,1,1,0.11836372956556046,0.13542018316743326,0.15312019537769256,0.0527273692456179,0.08311202345645348,0.08945741544748441,0.22022499030960804,0.14757409343014974,WAR1,0.12675440203648317,0.09539706485713863,0.2506847759471568,0.09719404704624919,0.05007292747109275,0.08405692385159422,0.20693013707220123,0.088909721718084,ACQ2
485,USA,IRN,Nego,5.57,1.51,1,1,0.11895633357552601,0.13662194181884668,0.14910365036154796,0.053128111232250086,0.08405849007097092,0.08922470990024711,0.21965211911017796,0.1492546439304332,WAR1,0.12675440203648317,0.09539706485713863,0.2506847759471568,0.09719404704624919,0.05007292747109275,0.08405692385159422,0.20693013707220123,0.088909721718084,ACQ2
485,USA,IRN,Nego,5.57,1.52,1,1,0.11951035999215777,0.13779578181710836,0.1451292668961319,0.053551476945518525,0.08500753502241001,0.08899043132822804,0.21907537546076028,0.15093977253768534,WAR1,0.12675440203648317,0.09539706485713863,0.2506847759471568,0.09719404704624919,0.05007292747109275,0.08405692385159422,0.20693013707220123,0.088909721718084,ACQ2
485,USA,IRN,Nego,5.57,1.53,1,1,0.12002424330703969,0.13893955286764337,0.14120025368508662,0.05399862457056173,0.08595844615102545,0.08875496265174371,0.21849570202913257,0.1526282147377671,WAR1,0.12675440203648317,0.09539706485713863,0.2506847759471568,0.09719404704624919,0.05007292747109275,0.08405692385159422,0.20693013707220123,0.088909721718084,ACQ2
485,USA,IRN,Nego,5.57,1.54,1,1,0.12049649956914406,0.1400511188102819,0.13731973296289302,0.05447072874856561,0.08691049563731144,0.08851869192910175,0.21791405413170592,0.15431867821099624,WAR1,0.12675440203648317,0.09539706485713863,0.2506847759471568,0.09719404704624919,0.05007292747109275,0.08405692385159422,0.20693013707220123,0.088909721718084,ACQ2
485,USA,IRN,Nego,5.57,1.55,1,1,0.12092573609591473,0.1411283664691517,0.13349072911602838,0.0549689767985108,0.08786294184088064,0.08828200989894444,0.2173313936833,0.15600984609726914,WAR1,0.12675440203648317,0.09539706485713863,0.2506847759471568,0.09719404704624919,0.05007292747109275,0.08405692385159422,0.20693013707220123,0.088909721718084,ACQ2
485,USA,IRN,Nego,5.57,1.56,1,1,0.12131066093112315,0.14216921465401966,0.12971615762489005,0.05549456472737921,0.08881503125850153,0.08804530742490017,0.2167486829064248,0.15770038047276125,WAR1,0.12675440203648317,0.09539706485713863,0.2506847759471568,0.09719404704624919,0.05007292747109275,0.08405692385159422,0.20693013707220123,0.088909721718084,ACQ2
485,USA,IRN,Nego,5.57,1.57,1,1,0.12165009194957903,0.14317162324254715,0.12599881442668598,0.0560486930536433,0.08976600059079623,0.08780897286408648,0.2161668778530966,0.15938892601956522,WAR1,0.12675440203648317,0.09539706485713863,0.2506847759471568,0.09719404704624919,0.05007292747109275,0.08405692385159422,0.20693013707220123,0.088909721718084,ACQ2
485,USA,IRN,Nego,5.57,1.58,1,1,0.12194296550882262,0.14413360226982766,0.12234136579735541,0.056632562471658265,0.09071507890585083,0.08757338938269434,0.21558692179638336,0.16107411386740753,WAR1,0.12675440203648317,0.09539706485713863,0.2506847759471568,0.09719404704624919,0.05007292747109275,0.08405692385159422,0.20693013707220123,0.088909721718084,ACQ2
485,USA,IRN,Nego,5.57,1.59,1,1,0.12218834454955592,0.14505322094947473,0.11874633884689036,0.057247369387058725,0.09166148988687386,0.08733893224327086,0.21500973855227473,0.16275456558460083,WAR1,0.12675440203648317,0.09539706485713863,0.2506847759471568,0.09719404704624919,0.05007292747109275,0.08405692385159422,0.20693013707220123,0.088909721718084,ACQ2
485,USA,IRN,Nego,5.57,1.6,1,1,0.122385426049792,0.14592861654948672,0.11521611271722289,0.05789430135538169,0.09260445415007008,0.08710596608934973,0.21443622579502458,0.1644288972936721,WAR1,0.12675440203648317,0.09539706485713863,0.2506847759471568,0.09719404704624919,0.05007292747109275,0.08405692385159422,0.20693013707220123,0.088909721718084,ACQ2
485,USA,IRN,Nego,5.57,1.61,1,1,0.1225335477425339,0.14675800304615516,0.11175291056517703,0.05857453245785004,0.09354319161810332,0.08687484225374348,0.21386724843074367,0.16609572388569344,WAR1,0.12675440203648317,0.09539706485713863,0.2506847759471568,0.09719404704624919,0.05007292747109275,0.08405692385159422,0.20693013707220123,0.088909721718084,ACQ2
485,USA,IRN,Nego,5.57,1.62,1,1,0.12263219401318567,0.14753967948043537,0.10835879240497659,0.05928921864952223,0.0944769239338971,0.0866458961170753,0.21330363209466946,0.16775366330623825,WAR1,0.12675440203648317,0.09539706485713863,0.2506847759471568,0.09719404704624919,0.05007292747109275,0.08405692385159422,0.20693013707220123,0.088909721718084,ACQ2
485,USA,IRN,Nego,5.57,1.63,1,1,0.12268100090077326,0.14827203794342644,0.10503564887558565,0.060039493115819825,0.0954048768990919,0.08641944454298686,0.2127461568371991,0.169401340885117,WAR1,0.12675440203648317,0.09539706485713863,0.2506847759471568,0.09719404704624919,0.05007292747109275,0.08405692385159422,0.20693013707220123,0.088909721718084,ACQ2
485,USA,IRN,Nego,5.57,1.64,1,1,0.12267976013629882,0.14895357112089008,0.1017851959878929,0.060826461673769,0.09632628292123092,0.08619578341590639,0.21219555106240057,0.17103739368161147,WAR1,0.12675440203648317,0.09539706485713863,0.2506847759471568,0.09719404704624919,0.05007292747109275,0.08405692385159422,0.20693013707220123,0.088909721718084,ACQ2
485,USA,IRN,Nego,5.57,1.65,1,1,0.12262842216202069,0.14958287933098835,0.09860897089566345,0.06165119825413013,0.0972403834536869,0.08597518530630795,0.21165248578038215,0.17266047481682043,WAR1,0.12675440203648317,0.09539706485713863,0.2506847759471568,0.09719404704624919,0.05007292747109275,0.08405692385159422,0.20693013707220123,0.088909721718084,ACQ2
485,USA,IRN,Nego,5.57,1.66,1,1,0.12252709808696254,0.15015867699457833,0.09550832872244003,0.06251474049994664,0.09814643141246769,0.08575789728705561,0.21111756923159877,0.17426925776495034,WAR1,0.12675440203648317,0.09539706485713863,0.2506847759471568,0.09719404704624919,0.05007292747109275,0.08405692385159422,0.20693013707220123,0.088909721718084,ACQ2
485,USA,IRN,Nego,5.57,1.67,1,1,0.12237606054631482,0.150679798483332,0.09248444046445674,0.06341808551592978,0.09904369355432993,0.08554413892272872,0.21059134193700266,0.17586244057590533,WAR1,0.12675440203648317,0.09539706485713863,0.2506847759471568,0.09719404704624919,0.05007292747109275,0.08405692385159422,0.20693013707220123,0.088909721718084,ACQ2
485,USA,IRN,Nego,5.57,1.68,1,1,0.12217574344536412,0.1511452032975671,0.08953829197732378,0.06436218580153794,0.09993145280108882,0.08533410045180613,0.21007427222296948,0.1774387500023425,WAR1,0.12675440203648317,0.09539706485713863,0.2506847759471568,0.09719404704624919,0.05007292747109275,0.08405692385159422,0.20693013707220123,0.088909721718084,ACQ2
485,USA,IRN,Nego,5.57,1.69,1,1,0.12192674058195764,0.1515539805328177,0.08667068404201053,0.06534794539862704,0.10080901049561244,0.08512794117928309,0.20956675226426608,0.1789969455054255,WAR1,0.12675440203648317,0.09539706485713863,0.2506847759471568,0.09719404704624919,0.05007292747109275,0.08405692385159422,0.20693013707220123,0.088909721718084,ACQ2
485,USA,IRN,Nego,5.57,1.7,1,1,0.12162980315501977,0.15190535260174268,0.08388223349370591,0.06637621628218367,0.10167568857572193,0.08492578809475226,0.20906909468206172,0.18053582311481203,WAR1,0.12675440203648317,0.09539706485713863,0.2506847759471568,0.09719404704624919,0.05007292747109275,0.08405692385159422,0.20693013707220123,0.088909721718084,ACQ2
485,USA,IRN,Nego,5.57,1.71,1,1,0.12128583618005194,0.15219867818580146,0.08117337538568503,0.0674477950199372,0.10253083165306888,0.08472773472825612,0.20858152972728156,0.18205421911991784,WAR1,0.12675440203648317,0.09539706485713863,0.2506847759471568,0.09719404704624919,0.05007292747109275,0.08405692385159422,0.20693013707220123,0.088909721718084,ACQ2
485,USA,IRN,Nego,5.57,1.72,1,1,0.12089589384564192,0.15243345439911368,0.07854436614954098,0.06856341972362626,0.10337380898500674,0.08453384025334952,0.20810420307253974,0.18355101357118134,WAR1,0.12675440203648317,0.09539706485713863,0.2506847759471568,0.09719404704624919,0.05007292747109275,0.08405692385159422,0.20693013707220123,0.088909721718084,ACQ2
485,USA,IRN,Nego,5.57,1.73,1,1,0.12046117385753136,0.152609318154924,0.07599528770322549,0.0697237673114108,0.10420401632850614,0.08434412884387114,0.2076371742286479,0.18502513357188333,WAR1,0.12675440203648317,0.09539706485713863,0.2506847759471568,0.09719404704624919,0.05007292747109275,0.08405692385159422,0.20693013707220123,0.088909721718084,ACQ2
485,USA,IRN,Nego,5.57,1.74,1,1,0.11998301082856666,0.15272604673300996,0.07352605244940727,0.07092945109741579,0.1050208776662626,0.0841585892879423,0.20718041559436257,0.1864755563430329,WAR1,0.12675440203648317,0.09539706485713863,0.2506847759471568,0.09719404704624919,0.05007292747109275,0.08405692385159422,0.20693013707220123,0.088909721718084,ACQ2
485,USA,IRN,Nego,5.57,1.75,1,1,0.11946286878366802,0.15278355755409,0.07113640909882035,0.07218101872071939,0.10582384679630373,0.08397717485975711,0.2067338121407613,0.18790131204588004,WAR1,0.12675440203648317,0.09539706485713863,0.2506847759471568,0.09719404704624919,0.05007292747109275,0.08405692385159422,0.20693013707220123,0.088909721718084,ACQ2
485,USA,IRN,Nego,5.57,1.76,1,1,0.11890233285865474,0.15278190717472812,0.068825949246608,0.07347895042229743,0.1066124087775982,0.08379980344684136,0.20629716172452484,0.18930148634874722,WAR1,0.12675440203648317,0.09539706485713863,0.2506847759471568,0.09719404704624919,0.05007292747109275,0.08405692385159422,0.20693013707220123,0.088909721718084,ACQ2
485,USA,IRN,Nego,5.57,1.77,1,1,0.11830310028020541,0.15272128952330438,0.06659411462422525,0.07482365767455622,0.10738608122540805,0.0836263579276748,0.20587017601756444,0.19067522272706133,WAR1,0.12675440203648317,0.09539706485713863,0.2506847759471568,0.09719404704624919,0.05007292747109275,0.08405692385159422,0.20693013707220123,0.088909721718084,ACQ2
485,USA,IRN,Nego,5.57,1.78,1,1,0.1176669707213062,0.15260203340427203,0.06444020494526266,0.0762154821641817,0.10814441545137407,0.08345668679194812,0.2054524820339598,0.19202172448769564,WAR1,0.12675440203648317,0.09539706485713863,0.2506847759471568,0.09719404704624919,0.05007292747109275,0.08405692385159422,0.20693013707220123,0.088909721718084,ACQ2
485,USA,IRN,Nego,5.57,1.79,1,1,0.11699583613216216,0.15242459930408025,0.062363386260594136,0.07765469512514396,0.1088869974445987,0.08329060499327688,0.20504362422915942,0.1933402565109845,WAR1,0.12675440203648317,0.09539706485713863,0.2506847759471568,0.09719404704624919,0.05007292747109275,0.08405692385159422,0.20693013707220123,0.088909721718084,ACQ2
485,USA,IRN,Nego,5.57,1.8,1,1,0.11629167015066226,0.15218957553778706,0.06036269973650803,0.07914149701488284,0.10961344869126009,0.08312789502196688,0.2046430671408982,0.19463014670603473,WAR1,0.12675440203648317,0.09539706485713863,0.2506847759471568,0.09719404704624919,0.05007292747109275,0.08405692385159422,0.20693013707220123,0.088909721718084,ACQ2
485,USA,IRN,Nego,5.57,1.81,1,1,0.115556517199065,0.15189767378045022,0.05843707076890153,0.08067601752300829,0.11032342683156125,0.08296830818342824,0.20425019853637935,0.19589078717720623,WAR1,0.12675440203648317,0.09539706485713863,0.2506847759471568,0.09719404704624919,0.05007292747109275,0.08405692385159422,0.20693013707220123,0.088909721718084,ACQ2
485,USA,IRN,Nego,5.57,1.82,1,1,0.1147924813746218,0.15154972403186726,0.05658531834715299,0.08225831589833155,0.11101662615407024,0.08281156606609999,0.20386433302599039,0.197121635101866,WAR1,0.12675440203648317,0.09539706485713863,0.2506847759471568,0.09719404704624919,0.05007292747109275,0.08405692385159422,0.20693013707220123,0.088909721718084,ACQ2
485,USA,IRN,Nego,5.57,1.83,1,1,0.11400171524138443,0.15114666906708554,0.05480616458285021,0.08388838157675768,0.11169277792873541,0.08265736218128081,0.2034847161002148,0.19832221332169112,WAR1,0.12675440203648317,0.09539706485713863,0.2506847759471568,0.09719404704624919,0.05007292747109275,0.08405692385159422,0.20693013707220123,0.088909721718084,ACQ2
485,USA,IRN,Nego,5.57,1.84,1,1,0.11318640862852497,0.1506895584283181,0.0530982443210652,0.08556613508956289,0.11235165058105252,0.08250536375607516,0.20311052854348124,0.19949211065191982,WAR1,0.12675440203648317,0.09539706485713863,0.2506847759471568,0.09719404704624919,0.05007292747109275,0.08405692385159422,0.20693013707220123,0.088909721718084,ACQ2
485,USA,IRN,Nego,5.57,1.85,1,1,0.11234877753718636,0.15017954201645056,0.05146011475524156,0.08729142922890448,0.11299304971099595,0.08235521365976799,0.2027408911764856,0.20063098191496745,WAR1,0.12675440203648317,0.09539706485713863,0.2506847759471568,0.09719404704624919,0.05007292747109275,0.08405692385159422,0.20693013707220123,0.088909721718084,ACQ2
485,USA,IRN,Nego,5.57,1.86,1,1,0.11149105325328856,0.14961786334220586,0.04989026497088426,0.08906405044511995,0.11361681796141493,0.0822065324433275,0.20237486987700998,0.2017385477067487,WAR1,0.12675440203648317,0.09539706485713863,0.2506847759471568,0.09719404704624919,0.05007292747109275,0.08405692385159422,0.20693013707220123,0.088909721718084,ACQ2
485,USA,IRN,Nego,5.57,1.87,1,1,0.11061547175793858,0.14900585249822787,0.048387125348038816,0.09088372044850015,0.11422283474158938,0.08205892047141332,0.20201148082846912,0.20281459390582304,WAR2,0.12675440203648317,0.09539706485713863,0.2506847759471568,0.09719404704624919,0.05007292747109275,0.08405692385159422,0.20693013707220123,0.088909721718084,ACQ2
485,USA,IRN,Nego,5.57,1.88,1,1,0.10972426352028138,0.14834491891385265,0.046949076757886524,0.0927500979868121,0.11481101581255941,0.08191196012621484,0.2016496959452894,0.2038589709371038,WAR2,0.12675440203648317,0.09539706485713863,0.2506847759471568,0.09719404704624919,0.05007292747109275,0.08405692385159422,0.20693013707220123,0.088909721718084,ACQ2
485,USA,IRN,Nego,5.57,1.89,1,1,0.10881964374991004,0.14763654395416856,0.04557445949458533,0.09466278076893142,0.11538131274165324,0.08176521806266815,0.2012884484247688,0.20487159280331443,WAR2,0.12675440203648317,0.09539706485713863,0.2506847759471568,0.09719404704624919,0.05007292747109275,0.08405692385159422,0.20693013707220123,0.088909721718084,ACQ2
485,USA,IRN,Nego,5.57,1.9,1,1,0.10790380317749451,0.14688227342410703,0.04426158188963003,0.09662130750453501,0.11593371223433303,0.0816182474950662,0.20092663837622188,0.2058524358986123,WAR2,0.12675440203648317,0.09539706485713863,0.2506847759471568,0.09719404704624919,0.05007292747109275,0.08405692385159422,0.20693013707220123,0.088909721718084,ACQ2
485,USA,IRN,Nego,5.57,1.91,1,1,0.1069788994232534,0.14608371003681495,0.04300872856240225,0.09862516002991767,0.11646823535205666,0.08147059049578502,0.20056313847995075,0.20680153761981937,WAR2,0.12675440203648317,0.09539706485713863,0.2506847759471568,0.09719404704624919,0.05007292747109275,0.08405692385159422,0.20693013707220123,0.088909721718084,ACQ2
485,USA,IRN,Nego,5.57,1.92,1,1,0.10604704900344485,0.1452425059034146,0.04181416826712101,0.10067376549063142,0.11698493662529143,0.08132178028776588,0.20019679963084522,0.20771899479148567,WAR2,0.12675440203648317,0.09539706485713863,0.2506847759471568,0.09719404704624919,0.05007292747109275,0.08405692385159422,0.20693013707220123,0.088909721718084,ACQ2
485,USA,IRN,Nego,5.57,1.93,1,1,0.10511032001536895,0.14436035509854617,0.0406761613029981,0.102766498552778,0.11748390307112506,0.08117134351349765,0.19982645652413122,0.20860496192155492,WAR2,0.12675440203648317,0.09539706485713863,0.2506847759471568,0.09719404704624919,0.05007292747109275,0.08405692385159422,0.20693013707220123,0.088909721718084,ACQ2
485,USA,IRN,Nego,5.57,1.94,1,1,0.10417072553162128,0.14343898635281663,0.03959296646095086,0.1049026836163995,0.11796525312508621,0.08101880246451304,0.1994509331439127,0.20945964930469982,WAR2,0.12675440203648317,0.09539706485713863,0.2506847759471568,0.09719404704624919,0.05007292747109275,0.08405692385159422,0.20693013707220123,0.088909721718084,ACQ2
485,USA,IRN,Nego,5.57,1.95,1,1,0.10323021772467567,0.1424801559195354,0.03856284748664846,0.10708159700646556,0.1184291354968187,0.08086367725681019,0.19906904811859377,0.21028332099045194,WAR2,0.12675440203648317,0.09539706485713863,0.2506847759471568,0.09719404704624919,0.05007292747109275,0.08405692385159422,0.20693013707220123,0.088909721718084,ACQ2
485,USA,IRN,Nego,5.57,1.96,1,1,0.10229068273346259,0.14148564065895033,0.037584079045876906,0.10930246911939626,0.11887572795915646,0.08070548793911389,0.19867961991096555,0.21107629263307792,WAR2,0.12675440203648317,0.09539706485713863,0.2506847759471568,0.09719404704624919,0.05007292747109275,0.08405692385159422,0.20693013707220123,0.088909721718084,ACQ2
485,USA,IRN,Nego,5.57,1.97,1,1,0.10135393627458705,0.14045723137868865,0.036654952184137855,0.11156448650583596,0.1193052360799208,0.08054375652246222,0.1982814718146148,0.21183892923975245,WAR2,0.12675440203648317,0.09539706485713863,0.2506847759471568,0.09719404704624919,0.05007292747109275,0.08405692385159422,0.20693013707220123,0.088909721718084,ACQ2
485,USA,IRN,Nego,5.57,1.98,1,1,0.10042171999232237,0.1393967264643376,0.0357737792779769,0.11386679387343555,0.11971789190543176,0.0803780089212197,0.19787343673228122,0.21257164283299512,WAR2,0.12675440203648317,0.09539706485713863,0.2506847759471568,0.09719404704624919,0.05007292747109275,0.08405692385159422,0.20693013707220123,0.088909721718084,ACQ2
485,USA,IRN,Nego,5.57,1.99,1,1,0.09949569853363348,0.13830592582914333,0.034938898480715144,0.11620849599663365,0.12011395260429096,0.08020777679723631,0.19745436171578212,0.21327489004256503,WAR2,0.12675440203648317,0.09539706485713863,0.2506847759471568,0.09719404704624919,0.05007292747109275,0.08405692385159422,0.20693013707220123,0.088909721718084,ACQ2
485,USA,IRN,Nego,5.58,1.5,1,1,0.11824012120993356,0.13617979821179946,0.1495553244819404,0.05356430967161196,0.08396076547673635,0.08938119799293562,0.22003735926632934,0.14908112368871326,WAR1,0.12675440203648317,0.09539706485713863,0.2506847759471568,0.09719404704624919,0.05007292747109275,0.08405692385159422,0.20693013707220123,0.088909721718084,ACQ2
485,USA,IRN,Nego,5.58,1.51,1,1,0.11880454049452867,0.13735963379223656,0.14556562364647532,0.053991431594410125,0.08491092314181942,0.08914463281413688,0.21945498648093265,0.15076822803546042,WAR1,0.12675440203648317,0.09539706485713863,0.2506847759471568,0.09719404704624919,0.05007292747109275,0.08405692385159422,0.20693013707220123,0.088909721718084,ACQ2
485,USA,IRN,Nego,5.58,1.52,1,1,0.11932909276219249,0.13850953324281473,0.1416212084907433,0.05444229839174727,0.08586294436048275,0.08890679664523536,0.21886948479021623,0.15245864131656792,WAR1,0.12675440203648317,0.09539706485713863,0.2506847759471568,0.09719404704624919,0.05007292747109275,0.08405692385159422,0.20693013707220123,0.088909721718084,ACQ2
485,USA,IRN,Nego,5.58,1.53,1,1,0.11981227117585298,0.13962734085000666,0.13772523811651305,0.05491808594332803,0.08681609511151336,0.08866808376880682,0.21828182483340577,0.15415106020057343,WAR1,0.12675440203648317,0.09539706485713863,0.2506847759471568,0.09719404704624919,0.05007292747109275,0.08405692385159422,0.20693013707220123,0.088909721718084,ACQ2
485,USA,IRN,Nego,5.58,1.54,1,1,0.12025265925590993,0.14071092347692785,0.13388077393973938,0.05541998291696823,0.08776962743710459,0.08842889154273643,0.2176929848204791,0.15584415661013443,WAR1,0.12675440203648317,0.09539706485713863,0.2506847759471568,0.09719404704624919,0.05007292747109275,0.08405692385159422,0.20693013707220123,0.088909721718084,ACQ2
485,USA,IRN,Nego,5.58,1.55,1,1,0.12064894048732089,0.14175817972230695,0.13009076838527417,0.05594918673636479,0.08872278144549316,0.0881896178041408,0.21710394414117956,0.15753658127791978,WAR1,0.12675440203648317,0.09539706485713863,0.2506847759471568,0.09719404704624919,0.05007292747109275,0.08405692385159422,0.20693013707220123,0.088909721718084,ACQ2
485,USA,IRN,Nego,5.58,1.56,1,1,0.1209999075818019,0.1427670491674214,0.12635805399883934,0.05650689935916242,0.08967478742479051,0.08795065819261723,0.21651567677542877,0.15922696749993848,WAR1,0.12675440203648317,0.09539706485713863,0.2506847759471568,0.09719404704624919,0.05007292747109275,0.08405692385159422,0.20693013707220123,0.088909721718084,ACQ2
485,USA,IRN,Nego,5.58,1.57,1,1,0.12130447129326778,0.14373552163521952,0.1226853330775251,0.05709432289366567,0.09062486805573769,0.08771240341653797,0.21592914456352866,0.16091393506451762,WAR1,0.12675440203648317,0.09539706485713863,0.2506847759471568,0.09719404704624919,0.05007292747109275,0.08405692385159422,0.20693013707220123,0.088909721718084,ACQ2
485,USA,IRN,Nego,5.58,1.58,1,1,0.12156166868610035,0.1446616463835663,0.11907516791649576,0.057712655085118886,0.09157224070993382,0.08747523648757737,0.21534529039816025,0.162596094333047,WAR1,0.12675440203648317,0.09539706485713863,0.2506847759471568,0.09719404704624919,0.05007292747109275,0.08405692385159422,0.20693013707220123,0.088909721718084,ACQ2
485,USA,IRN,Nego,5.58,1.59,1,1,0.12177067075895136,0.14554354115334778,0.11552997176443347,0.05836308470467668,0.09251611981906988,0.08723952994977881,0.21476503140293962,0.1642720504468023,WAR1,0.12675440203648317,0.09539706485713863,0.2506847759471568,0.09719404704624919,0.05007292747109275,0.08405692385159422,0.20693013707220123,0.088909721718084,ACQ2
485,USA,IRN,Nego,5.58,1.6,1,1,0.12193078933154972,0.14637940099212882,0.11205200057355169,0.05904678687595738,0.09345571929986267,0.08700564313019586,0.2141892521640856,0.1659404076326682,WAR1,0.12675440203648317,0.09539706485713863,0.2506847759471568,0.09719404704624919,0.05007292747109275,0.08405692385159422,0.20693013707220123,0.088909721718084,ACQ2
485,USA,IRN,Nego,5.58,1.61,1,1,0.12204148310836488,0.1471675067751519,0.10864334562191806,0.05976491837538306,0.09439025501873405,0.08677391943846532,0.21361879808254752,0.16759977357943526,WAR1,0.12675440203648317,0.09539706485713863,0.2506847759471568,0.09719404704624919,0.05007292747109275,0.08405692385159422,0.20693013707220123,0.088909721718084,ACQ2
485,USA,IRN,Nego,5.58,1.62,1,1,0.12210236284089597,0.14790623334771888,0.10530592707643188,0.060518612943327,0.09531894727983352,0.08654468374256553,0.21305446891368413,0.16924876385554322,WAR1,0.12675440203648317,0.09539706485713863,0.2506847759471568,0.09719404704624919,0.05007292747109275,0.08405692385159422,0.20693013707220123,0.088909721718084,ACQ2
485,USA,IRN,Nego,5.58,1.63,1,1,0.12211319551970003,0.14859405721634758,0.10204148855431104,0.06130897664340408,0.09624102331975767,0.08631823984748259,0.21249701256028003,0.1708860063387173,WAR1,0.12675440203648317,0.09539706485713863,0.2506847759471568,0.09719404704624919,0.05007292747109275,0.08405692385159422,0.20693013707220123,0.088909721718084,ACQ2
485,USA,IRN,Nego,5.58,1.64,1,1,0.12207390753789064,0.14922956372048427,0.09885159272953781,0.06213708330703453,0.09715571979227881,0.08609486810255927,0.21194711918235135,0.1725101456278635,WAR1,0.12675440203648317,0.09539706485713863,0.2506847759471568,0.09719404704624919,0.05007292747109275,0.08405692385159422,0.20693013707220123,0.088909721718084,ACQ2
485,USA,IRN,Nego,5.58,1.65,1,1,0.1219845867795528,0.1498114536219052,0.09573761801862307,0.0630039700997038,0.09806228522654825,0.08587482316194572,0.2114054156838555,0.17411984740786549,WAR1,0.12675440203648317,0.09539706485713863,0.2506847759471568,0.09719404704624919,0.05007292747109275,0.08405692385159422,0.20693013707220123,0.088909721718084,ACQ2
485,USA,IRN,Nego,5.58,1.66,1,1,0.12184548359911608,0.1503385490551215,0.09270075636750372,0.06391063324413375,0.09895998244258543,0.0856583319208411,0.2108724606321598,0.1757138027385387,WAR1,0.12675440203648317,0.09539706485713863,0.2506847759471568,0.09719404704624919,0.05007292747109275,0.08405692385159422,0.20693013707220123,0.088909721718084,ACQ2
485,USA,IRN,Nego,5.58,1.67,1,1,0.12165701067099095,0.15080979878901474,0.08974201214863847,0.06485802393389997,0.0998480909083798,0.08544559164814221,0.2103487396610227,0.17729073223991126,WAR1,0.12675440203648317,0.09539706485713863,0.2506847759471568,0.09719404704624919,0.05007292747109275,0.08405692385159422,0.20693013707220123,0.088909721718084,ACQ2
485,USA,IRN,Nego,5.58,1.68,1,1,0.12141974170244624,0.15122428275742877,0.0868622021646525,0.0658470444689136,0.10072590902361282,0.08523676833374098,0.20983466140199414,0.17884939014721096,WAR1,0.12675440203648317,0.09539706485713863,0.2506847759471568,0.09719404704624919,0.05007292747109275,0.08405692385159422,0.20693013707220123,0.088909721718084,ACQ2
485,USA,IRN,Nego,5.58,1.69,1,1,0.12113440901654834,0.15158121582437684,0.08406195674243565,0.06687854464165616,0.10159275631582511,0.0850319952660873,0.20933055398268052,0.18038856821039018,WAR1,0.12675440203648317,0.09539706485713863,0.2506847759471568,0.09719404704624919,0.05007292747109275,0.08405692385159422,0.20693013707220123,0.088909721718084,ACQ2
485,USA,IRN,Nego,5.58,1.7,1,1,0.12080190002573694,0.15187995075777075,0.08134172188965096,0.06795331840017242,0.1024479755358031,0.0848313718528061,0.20883666212335594,0.18190709941470395,WAR1,0.12675440203648317,0.09539706485713863,0.2506847759471568,0.09719404704624919,0.05007292747109275,0.08405692385159422,0.20693013707220123,0.088909721718084,ACQ2
485,USA,IRN,Nego,5.58,1.71,1,1,0.12042325263004285,0.15211998039397384,0.07870176247435309,0.06907210081062166,0.10329093464000699,0.08463496269418792,0.2083531448560949,0.18340386150071863,WAR1,0.12675440203648317,0.09539706485713863,0.2506847759471568,0.09719404704624919,0.05007292747109275,0.08405692385159422,0.20693013707220123,0.088909721718084,ACQ2
485,USA,IRN,Nego,5.58,1.72,1,1,0.11999964958680778,0.15230093898390884,0.07614216637803764,0.0702355653387172,0.10412102864900619,0.08444279691630865,0.20788007388305574,0.18487778026415777,WAR1,0.12675440203648317,0.09539706485713863,0.2506847759471568,0.09719404704624919,0.05007292747109275,0.08405692385159422,0.20693013707220123,0.088909721718084,ACQ2
485,USA,IRN,Nego,5.58,1.73,1,1,0.11953241191084472,0.1524226027197751,0.07366284956307746,0.07144432146569972,0.1049376813720931,0.08425486776744145,0.20741743258293396,0.18632783261813465,WAR1,0.12675440203648317,0.09539706485713863,0.2506847759471568,0.09719404704624919,0.05007292747109275,0.08405692385159422,0.20693013707220123,0.088909721718084,ACQ2
485,USA,IRN,Nego,5.58,1.74,1,1,0.11902299137507258,0.1524848894495392,0.07126356198729092,0.07269891265063688,0.10574034698951472,0.08407113247834784,0.20696511566702738,0.18775304940257034,WAR1,0.12675440203648317,0.09539706485713863,0.2506847759471568,0.09719404704624919,0.05007292747109275,0.08405692385159422,0.20693013707220123,0.088909721718084,ACQ2
485,USA,IRN,Nego,5.58,1.75,1,1,0.11847296219160099,0.15248785759416172,0.06894389429138802,0.07399981464688465,0.10652851148506347,0.08389151238402917,0.2065229294789638,0.18915251792790802,WAR1,0.12675440203648317,0.09539706485713863,0.2506847759471568,0.09719404704624919,0.05007292747109275,0.08405692385159422,0.20693013707220123,0.088909721718084,ACQ2
485,USA,IRN,Nego,5.58,1.76,1,1,0.11788401196187907,0.1524317042899088,0.06670328517934111,0.07534743417651907,0.10730169392309721,0.08371589330163327,0.20609059292502518,0.19052538424259627,WAR1,0.12675440203648317,0.09539706485713863,0.2506847759471568,0.09719404704624919,0.05007292747109275,0.08405692385159422,0.20693013707220123,0.088909721718084,ACQ2
485,USA,IRN,Nego,5.58,1.77,1,1,0.11725793199175866,0.1523167627850161,0.06454102940732946,0.07674210796252702,0.108059447565402,0.0835441261564809,0.20566773901529098,0.1918708551161951,WAR1,0.12675440203648317,0.09539706485713863,0.2506847759471568,0.09719404704624919,0.05007292747109275,0.08405692385159422,0.20693013707220123,0.088909721718084,ACQ2
485,USA,IRN,Nego,5.58,1.78,1,1,0.11659660707303952,0.15214349912635025,0.06245628629382029,0.07818410211456209,0.10880136082465516,0.08337602784564295,0.2052539169895799,0.19318819973234996,WAR1,0.12675440203648317,0.09539706485713863,0.2506847759471568,0.09719404704624919,0.05007292747109275,0.08405692385159422,0.20693013707220123,0.088909721718084,ACQ2
485,USA,IRN,Nego,5.58,1.79,1,1,0.11590200483724324,0.15191250817749802,0.060448088661552345,0.07967361186019553,0.10952705805257973,0.08321138232619332,0.204848594996496,0.19447675108824192,WAR1,0.12675440203648317,0.09539706485713863,0.2506847759471568,0.09719404704624919,0.05007292747109275,0.08405692385159422,0.20693013707220123,0.088909721718084,ACQ2
485,USA,IRN,Nego,5.58,1.8,1,1,0.11517616478994201,0.15162450901487634,0.05851535212162149,0.08121076160986583,0.11023620016219841,0.08304994191320782,0.204451163288823,0.19573590709946517,WAR1,0.12675440203648317,0.09539706485713863,0.2506847759471568,0.09719404704624919,0.05007292747109275,0.08405692385159422,0.20693013707220123,0.088909721718084,ACQ2
485,USA,IRN,Nego,5.58,1.81,1,1,0.11442118713498112,0.15128033975296046,0.05665688461047521,0.08279560534021771,0.11092848508487962,0.08289142877079729,0.20406093789412888,0.1969651314115597,WAR1,0.12675440203648317,0.09539706485713863,0.2506847759471568,0.09719404704624919,0.05007292747109275,0.08405692385159422,0.20693013707220123,0.088909721718084,ACQ2
485,USA,IRN,Nego,5.58,1.82,1,1,0.1136392214973893,0.15088095185354528,0.05487139609232418,0.0844281272772589,0.11160364806410998,0.08273553657797138,0.2036771647157658,0.1981639539216352,WAR1,0.12675440203648317,0.09539706485713863,0.2506847759471568,0.09719404704624919,0.05007292747109275,0.08405692385159422,0.20693013707220123,0.088909721718084,ACQ2
485,USA,IRN,Nego,5.58,1.83,1,1,0.11283245565173525,0.1504274039770759,0.053157508342174566,0.08610824285781718,0.11226146178912248,0.08258193234993116,0.20329902401650168,0.19933197101564187,WAR1,0.12675440203648317,0.09539706485713863,0.2506847759471568,0.09719404704624919,0.05007292747109275,0.08405692385159422,0.20693013707220123,0.088909721718084,ACQ2
485,USA,IRN,Nego,5.58,1.84,1,1,0.11200310435924161,0.1499208554364919,0.051513764728283624,0.0878357999451904,0.11290173637263395,0.08243025839449501,0.202925635234822,0.20046884552884128,WAR1,0.12675440203648317,0.09539706485713863,0.2506847759471568,0.09719404704624919,0.05007292747109275,0.08405692385159422,0.20693013707220123,0.088909721718084,ACQ2
485,USA,IRN,Nego,5.58,1.85,1,1,0.11115339841220924,0.14936255931572123,0.049938639917228925,0.08961058027269361,0.11352431917799835,0.08228013438277036,0.20255606208247984,0.20157430643889832,WAR1,0.12675440203648317,0.09539706485713863,0.2506847759471568,0.09719404704624919,0.05007292747109275,0.08405692385159422,0.20693013707220123,0.088909721718084,ACQ2
485,USA,IRN,Nego,5.58,1.86,1,1,0.11028557397835545,0.14875385531592547,0.04843054942985473,0.09143230108706052,0.11412909450204525,0.08213115951288677,0.20218931787114341,0.20264814830272812,WAR2,0.12675440203648317,0.09539706485713863,0.2506847759471568,0.09719404704624919,0.05007292747109275,0.08405692385159422,0.20693013707220123,0.088909721718084,ACQ2
485,USA,IRN,Nego,5.58,1.87,1,1,0.10940186233067245,0.14809616239286075,0.04698785898199908,0.0933006169623881,0.11471598312073768,0.08198291474560128,0.20182437101597678,0.20369023044976417,WAR2,0.12675440203648317,0.09539706485713863,0.2506847759471568,0.09719404704624919,0.05007292747109275,0.08405692385159422,0.20693013707220123,0.088909721718084,ACQ2
485,USA,IRN,Nego,5.58,1.88,1,1,0.10850448004051241,0.14739097124826372,0.0456088935500025,0.09521512175453566,0.11528494170553605,0.08183496509085236,0.20146015066464645,0.20470047594565105,WAR2,0.12675440203648317,0.09539706485713863,0.2506847759471568,0.09719404704624919,0.05007292747109275,0.08405692385159422,0.20693013707220123,0.088909721718084,ACQ2
485,USA,IRN,Nego,5.58,1.89,1,1,0.10759561970297431,0.14663983673704423,0.044291946107444705,0.09717535066563744,0.11583596211899001,0.08168686192486868,0.20109555240154633,0.20567887034149407,WAR2,0.12675440203648317,0.09539706485713863,0.2506847759471568,0.09719404704624919,0.05007292747109275,0.08405692385159422,0.20693013707220123,0.088909721718084,ACQ2
485,USA,IRN,Nego,5.58,1.9,1,1,0.10667744125445983,0.1458443702502755,0.043035285986231686,0.0991807823886425,0.11636907059858341,0.08153814531820133,0.20072944397891448,0.2066254602246912,WAR2,0.12675440203648317,0.09539706485713863,0.2506847759471568,0.09719404704624919,0.05007292747109275,0.08405692385159422,0.20693013707220123,0.088909721718084,ACQ2
485,USA,IRN,Nego,5.58,1.91,1,1,0.10575206393267715,0.1450062321315589,0.04183716682196433,0.10123084130257431,0.11688432683823365,0.08138834635602817,0.2003606710289253,0.2075403515880383,WAR2,0.12675440203648317,0.09539706485713863,0.2506847759471568,0.09719404704624919,0.05007292747109275,0.08405692385159422,0.20693013707220123,0.088909721718084,ACQ2
485,USA,IRN,Nego,5.58,1.92,1,1,0.10482155891955067,0.14412712418135742,0.04069583405035704,0.1033248996904685,0.11738182297708048,0.08123698943324804,0.19998806271371955,0.20842370803421834,WAR2,0.12675440203648317,0.09539706485713863,0.2506847759471568,0.09719404704624919,0.05007292747109275,0.08405692385159422,0.20693013707220123,0.088909721718084,ACQ2
485,USA,IRN,Nego,5.58,1.93,1,1,0.10388794269763618,0.14320878230037437,0.03960953192823866,0.10546227995368154,0.117861682505302,0.08108359450820758,0.199610437273597,0.2092757488329628,WAR2,0.12675440203648317,0.09539706485713863,0.2506847759471568,0.09719404704624919,0.05007292747109275,0.08405692385159422,0.20693013707220123,0.088909721718084,ACQ2
485,USA,IRN,Nego,5.58,1.94,1,1,0.1029531711408905,0.1422529693190912,0.03857651005927866,0.10764225679842017,0.11832405909666173,0.0809276793003596,0.1992266074371808,0.21009674684811747,WAR2,0.12675440203648317,0.09539706485713863,0.2506847759471568,0.09719404704624919,0.05007292747109275,0.08405692385159422,0.20693013707220123,0.088909721718084,ACQ2
485,USA,IRN,Nego,5.58,1.95,1,1,0.10201913435116629,0.14126146805620962,0.03759502941094846,0.10986405937287626,0.11876913537733468,0.08076876141870837,0.1988353856611927,0.21088702635156362,WAR2,0.12675440203648317,0.09539706485713863,0.2506847759471568,0.09719404704624919,0.05007292747109275,0.08405692385159422,0.20693013707220123,0.088909721718084,ACQ2
485,USA,IRN,Nego,5.58,1.96,1,1,0.1010876522427358,0.14023607464407611,0.036663367815282816,0.11212687333619736,0.11919712164028189,0.08060636040951161,0.19843558917145815,0.21164696074045605,WAR2,0.12675440203648317,0.09539706485713863,0.2506847759471568,0.09719404704624919,0.05007292747109275,0.08405692385159422,0.20693013707220123,0.088909721718084,ACQ2
485,USA,IRN,Nego,5.58,1.97,1,1,0.10016047086861267,0.13917859215425407,0.03577982495168291,0.11442984284361941,0.11960825451406526,0.08043999971336735,0.19802604478083385,0.21237697017356427,WAR2,0.12675440203648317,0.09539706485713863,0.2506847759471568,0.09719404704624919,0.05007292747109275,0.08405692385159422,0.20693013707220123,0.088909721718084,ACQ2
485,USA,IRN,Nego,5.58,1.98,1,1,0.0992392594745499,0.13809082455135688,0.03494272681524781,0.1167720724353648,0.12000279559452041,0.08026920852346704,0.1976055934638288,0.2130775191416642,WAR2,0.12675440203648317,0.09539706485713863,0.2506847759471568,0.09719404704624919,0.05007292747109275,0.08405692385159422,0.20693013707220123,0.088909721718084,ACQ2
485,USA,IRN,Nego,5.58,1.99,1,1,0.0983256082594365,0.13697457099813137,0.034150429678895894,0.11915262882028418,0.12038103004716023,0.08009352353842819,0.19717309467170313,0.21374911398596028,WAR2,0.12675440203648317,0.09539706485713863,0.2506847759471568,0.09719404704624919,0.05007292747109275,0.08405692385159422,0.20693013707220123,0.088909721718084,ACQ2
485,USA,IRN,Nego,5.59,1.5,1,1,0.11810590830929031,0.13691719921767875,0.14600552397738076,0.0544311397817699,0.08481251757925748,0.08929905981089525,0.21983515266050008,0.15059349866322752,WAR1,0.12675440203648317,0.09539706485713863,0.2506847759471568,0.09719404704624919,0.05007292747109275,0.08405692385159422,0.20693013707220123,0.088909721718084,ACQ2
485,USA,IRN,Nego,5.59,1.51,1,1,0.11864100661065972,0.13807309005430887,0.14204584090937325,0.05488572533191756,0.08576563265920213,0.08905890565142081,0.21924394457362986,0.15228585420948762,WAR1,0.12675440203648317,0.09539706485713863,0.2506847759471568,0.09719404704624919,0.05007292747109275,0.08405692385159422,0.20693013707220123,0.088909721718084,ACQ2
485,USA,IRN,Nego,5.59,1.52,1,1,0.11913499066511966,0.1391970121898266,0.13813454301963551,0.05536519003326329,0.08671987109394032,0.08881779840863921,0.21865039019985819,0.15398020438971735,WAR1,0.12675440203648317,0.09539706485713863,0.2506847759471568,0.09719404704624919,0.05007292747109275,0.08405692385159422,0.20693013707220123,0.088909721718084,ACQ2
485,USA,IRN,Nego,5.59,1.53,1,1,0.11958642040716778,0.14028681288581757,0.13427472862416767,0.055870723666356606,0.08767447866780445,0.08857614195268149,0.2180554837809176,0.15567521001508708,WAR1,0.12675440203648317,0.09539706485713863,0.2506847759471568,0.09719404704624919,0.05007292747109275,0.08405692385159422,0.20693013707220123,0.088909721718084,ACQ2
485,USA,IRN,Nego,5.59,1.54,1,1,0.11999395492780654,0.1413403708442303,0.13046938702567143,0.05640352485704182,0.08862868914894007,0.08833434099813306,0.21746022163740603,0.1573695105607706,WAR1,0.12675440203648317,0.09539706485713863,0.2506847759471568,0.09719404704624919,0.05007292747109275,0.08405692385159422,0.20693013707220123,0.088909721718084,ACQ2
485,USA,IRN,Nego,5.59,1.55,1,1,0.12035636189272556,0.1423556056164188,0.12672138737481778,0.056964796811287424,0.08958172644983453,0.08809279838286763,0.21686559546985898,0.15906172800218943,WAR1,0.12675440203648317,0.09539706485713863,0.2506847759471568,0.09719404704624919,0.05007292747109275,0.08405692385159422,0.20693013707220123,0.088909721718084,ACQ2
485,USA,IRN,Nego,5.59,1.56,1,1,0.1206725265205108,0.14333048702969514,0.12303346804888407,0.057555742886236036,0.09053280688888067,0.08785191228576633,0.2162725855093714,0.1607504708306554,WAR1,0.12675440203648317,0.09539706485713863,0.2506847759471568,0.09719404704624919,0.05007292747109275,0.08405692385159422,0.20693013707220123,0.088909721718084,ACQ2
485,USA,IRN,Nego,5.59,1.57,1,1,0.12094146001832942,0.14426304455101838,0.11940822664876648,0.05817756202919109,0.09148114153894754,0.08761207340907645,0.21568215358116627,0.1624343382235044,WAR1,0.12675440203648317,0.09539706485713863,0.2506847759471568,0.09719404704624919,0.05007292747109275,0.08405692385159422,0.20693013707220123,0.088909721718084,ACQ2
485,USA,IRN,Nego,5.59,1.58,1,1,0.12116230737553185,0.14515137650610427,0.1158481107102665,0.05883144411853009,0.0924259386478556,0.08737366215235576,0.21509523614745352,0.16411192434190253,WAR1,0.12675440203648317,0.09539706485713863,0.2506847759471568,0.09719404704624919,0.05007292747109275,0.08405692385159422,0.20693013707220123,0.088909721718084,ACQ2
485,USA,IRN,Nego,5.59,1.59,1,1,0.12133435442030283,0.1459936590720793,0.11235540921885905,0.0595185652423722,0.09336640611477488,0.08713704580575914,0.2145127373979013,0.16578182272795117,WAR1,0.12675440203648317,0.09539706485713863,0.2506847759471568,0.09719404704624919,0.05007292747109275,0.08405692385159422,0.20693013707220123,0.088909721718084,ACQ2
485,USA,IRN,Nego,5.59,1.6,1,1,0.12145703405085498,0.14678815496285944,0.10893224500895407,0.06024008295217573,0.09430175400588629,0.08690257579079465,0.21393552245696928,0.16744263077150562,WAR1,0.12675440203648317,0.09539706485713863,0.2506847759471568,0.09719404704624919,0.05007292747109275,0.08405692385159422,0.20693013707220123,0.088909721718084,ACQ2
485,USA,IRN,Nego,5.59,1.61,1,1,0.12152993156060864,0.14753322172868333,0.1055805681191221,0.060997131529278284,0.09523119709218096,0.08667058497661895,0.21336441077720303,0.16909295421630444,WAR1,0.12675440203648317,0.09539706485713863,0.2506847759471568,0.09719404704624919,0.05007292747109275,0.08405692385159422,0.20693013707220123,0.088909721718084,ACQ2
485,USA,IRN,Nego,5.59,1.62,1,1,0.12155278898623371,0.14822731959465543,0.10230215016402984,0.061790817302696976,0.09615395739202988,0.0864413850994373,0.21280016978634947,0.17073141167456726,WAR1,0.12675440203648317,0.09539706485713863,0.2506847759471568,0.09719404704624919,0.05007292747109275,0.08405692385159422,0.20693013707220123,0.088909721718084,ACQ2
485,USA,IRN,Nego,5.59,1.63,1,1,0.12152550841818825,0.14886901876766945,0.09909857977212928,0.0626222140562668,0.09706926670112809,0.0862152643116247,0.21224350885381818,0.17235663911917537,WAR1,0.12675440203648317,0.09539706485713863,0.2506847759471568,0.09719404704624919,0.05007292747109275,0.08405692385159422,0.20693013707220123,0.088909721718084,ACQ2
485,USA,IRN,Nego,5.59,1.64,1,1,0.12144815422529331,0.14945700614661783,0.0959712591256972,0.06349235856242533,0.09797636909260364,0.08599248488582356,0.21169507363866225,0.17396729432287722,WAR1,0.12675440203648317,0.09539706485713863,0.2506847759471568,0.09719404704624919,0.05007292747109275,0.08405692385159422,0.20693013707220123,0.088909721718084,ACQ2
485,USA,IRN,Nego,5.59,1.65,1,1,0.12132095415772079,0.1499900913772265,0.0929214016268687,0.06440224627865444,0.0988745233704723,0.08577328109750544,0.21115544087689836,0.17556206121465337,WAR1,0.12675440203648317,0.09539706485713863,0.2506847759471568,0.09719404704624919,0.05007292747109275,0.08405692385159422,0.20693013707220123,0.088909721718084,ACQ2
485,USA,IRN,Nego,5.59,1.66,1,1,0.12114429930630219,0.1504672122000559,0.08995003070010561,0.06535282724080047,0.09976300546019842,0.0855578573073629,0.2106251136607667,0.17713965412440802,WAR1,0.12675440203648317,0.09539706485713863,0.2506847759471568,0.09719404704624919,0.05007292747109275,0.08405692385159422,0.20693013707220123,0.088909721718084,ACQ2
485,USA,IRN,Nego,5.59,1.67,1,1,0.12091874291004591,0.1508874390480447,0.08705797972834718,0.06634500218523537,0.10064111072087494,0.08534638626245386,0.21010451725651214,0.17869882188848582,WAR1,0.12675440203648317,0.09539706485713863,0.2506847759471568,0.09719404704624919,0.05007292747109275,0.08405692385159422,0.20693013707220123,0.088909721718084,ACQ2
485,USA,IRN,Nego,5.59,1.68,1,1,0.1206449980179239,0.15124997885829014,0.08424589310714689,0.06737961892914722,0.10150815616444522,0.08513900763231173,0.2095939955006017,0.1802383517901332,WAR1,0.12675440203648317,0.09539706485713863,0.2506847759471568,0.09719404704624919,0.05007292747109275,0.08405692385159422,0.20693013707220123,0.088909721718084,ACQ2
485,USA,IRN,Nego,5.59,1.69,1,1,0.12032393402507348,0.15155417807139182,0.08151422838864864,0.06845746903518914,0.10236348256842946,0.08493582679331102,0.20909380780709175,0.1817570733108645,WAR1,0.12675440203648317,0.09539706485713863,0.2506847759471568,0.09719404704624919,0.05007292747109275,0.08405692385159422,0.20693013707220123,0.088909721718084,ACQ2
485,USA,IRN,Nego,5.59,1.7,1,1,0.11995657211732988,0.15179952480050785,0.07886325947551001,0.0695792847833379,0.10320645646977619,0.08473691387149851,0.2086041268112852,0.18325386167075447,WAR1,0.12675440203648317,0.09539706485713863,0.2506847759471568,0.09719404704624919,0.05007292747109275,0.08405692385159422,0.20693013707220123,0.088909721718084,ACQ2
485,USA,IRN,Nego,5.59,1.71,1,1,0.11954407967119221,0.15198565016110988,0.07629308081402933,0.07074573646916255,0.10403647202870467,0.08454230305092524,0.2081250366669912,0.18472764113788495,WAR1,0.12675440203648317,0.09539706485713863,0.2506847759471568,0.09719404704624919,0.05007292747109275,0.08405692385159422,0.20693013707220123,0.088909721718084,ACQ2
485,USA,IRN,Nego,5.59,1.72,1,1,0.11908776366870918,0.15211232876115874,0.07380361252594263,0.0719574300438368,0.10485295275272771,0.08435199215129907,0.20765653200679796,0.1861773880895282,WAR1,0.12675440203648317,0.09539706485713863,0.2506847759471568,0.09719404704624919,0.05007292747109275,0.08405692385159422,0.20693013707220123,0.088909721718084,ACQ2
485,USA,IRN,Nego,5.59,1.73,1,1,0.11858906319815066,0.15217947835992066,0.07139460640974804,0.07321490510720846,0.10565535307241307,0.08416594247558556,0.2071985175668977,0.18760213381007573,WAR1,0.12675440203648317,0.09539706485713863,0.2506847759471568,0.09719404704624919,0.05007292747109275,0.08405692385159422,0.20693013707220123,0.088909721718084,ACQ2
485,USA,IRN,Nego,5.59,1.74,1,1,0.11804954112151869,0.15218715871179805,0.06906565273509623,0.07451863326111768,0.10644315976185321,0.08398407892506138,0.20675080847032343,0.18900096701323135,WAR1,0.12675440203648317,0.09539706485713863,0.2506847759471568,0.09719404704624919,0.05007292747109275,0.08405692385159422,0.20693013707220123,0.088909721718084,ACQ2
485,USA,IRN,Nego,5.59,1.75,1,1,0.11747087499879935,0.15213556961925304,0.06681618774780686,0.07586901682599555,0.1072158931982364,0.08380629037632595,0.20631313115507172,0.1903730360785112,WAR1,0.12675440203648317,0.09539706485713863,0.2506847759471568,0.09719404704624919,0.05007292747109275,0.08405692385159422,0.20693013707220123,0.088909721718084,ACQ2
485,USA,IRN,Nego,5.59,1.76,1,1,0.11685484736624743,0.1520250482260919,0.06464550179847589,0.07726638791962899,0.10797310845634557,0.08363243031194872,0.20588512492662003,0.19171755099464122,WAR1,0.12675440203648317,0.09539706485713863,0.2506847759471568,0.09719404704624919,0.05007292747109275,0.08405692385159422,0.20693013707220123,0.088909721718084,ACQ2
485,USA,IRN,Nego,5.59,1.77,1,1,0.11620333547183077,0.1518560655889665,0.06255274800442147,0.07871100789290676,0.1087143962352282,0.08346231769380259,0.2054663441078878,0.19303378500495572,WAR1,0.12675440203648317,0.09539706485713863,0.2506847759471568,0.09719404704624919,0.05007292747109275,0.08405692385159422,0.20693013707220123,0.088909721718084,ACQ2
485,USA,IRN,Nego,5.59,1.78,1,1,0.11551830057519917,0.15162922257088832,0.060536951352850726,0.08020306711342069,0.1094393836156798,0.08329573806575273,0.20505626075381866,0.19432107595239,WAR1,0.12675440203648317,0.09539706485713863,0.2506847759471568,0.09719404704624919,0.05007292747109275,0.08405692385159422,0.20693013707220123,0.088909721718084,ACQ2
485,USA,IRN,Nego,5.59,1.79,1,1,0.11480177692214176,0.1513452451058114,0.05859701815257456,0.08174268508403541,0.11014773464854742,0.08313244487025387,0.204654267892562,0.19557882732407358,WAR1,0.12675440203648317,0.09539706485713863,0.2506847759471568,0.09719404704624919,0.05007292747109275,0.08405692385159422,0.20693013707220123,0.088909721718084,ACQ2
485,USA,IRN,Nego,5.59,1.8,1,1,0.11405586050447768,0.15100497888786954,0.05673174574227276,0.0833299108800235,0.11083915077517488,0.08297216096158205,0.20425968325072474,0.19680650899787497,WAR1,0.12675440203648317,0.09539706485713863,0.2506847759471568,0.09719404704624919,0.05007292747109275,0.08405692385159422,0.20693013707220123,0.088909721718084,ACQ2
485,USA,IRN,Nego,5.59,1.81,1,1,0.11328269771570906,0.15060938354264153,0.05493983236513924,0.08496472388512631,0.11151337108257355,0.08281458029690407,0.20387175341642202,0.1980036576954841,WAR1,0.12675440203648317,0.09539706485713863,0.2506847759471568,0.09719404704624919,0.05007292747109275,0.08405692385159422,0.20693013707220123,0.088909721718084,ACQ2
485,USA,IRN,Nego,5.59,1.82,1,1,0.11248447401063122,0.15015952634085808,0.05321988712261416,0.08664703480401105,0.11217017239709517,0.08265936978517778,0.2034896583908739,0.1991698771487386,WAR1,0.12675440203648317,0.09539706485713863,0.2506847759471568,0.09719404704624919,0.05007292747109275,0.08405692385159422,0.20693013707220123,0.088909721718084,ACQ2
485,USA,IRN,Nego,5.59,1.83,1,1,0.11166340267350572,0.1496565755172268,0.051570439923727014,0.08837668692608068,0.11280936922149704,0.08250617127298548,0.2031125164771015,0.20030483798787588,WAR1,0.12675440203648317,0.09539706485713863,0.2506847759471568,0.09719404704624919,0.05007292747109275,0.08405692385159422,0.20693013707220123,0.088909721718084,ACQ2
485,USA,IRN,Nego,5.59,1.84,1,1,0.11082171379449555,0.14910179325856499,0.04998995135121989,0.09015345761350918,0.11343081352131441,0.08235460364582509,0.20273938945285555,0.20140827736221545,WAR1,0.12675440203648317,0.09539706485713863,0.2506847759471568,0.09719404704624919,0.05007292747109275,0.08405692385159422,0.20693013707220123,0.088909721718084,ACQ2
485,USA,IRN,Nego,5.59,1.85,1,1,0.10996164354794004,0.14849652842617608,0.04847682237096811,0.09197705998474535,0.11403439436738118,0.08220426502311763,0.20236928797425494,0.20247999830541658,WAR2,0.12675440203648317,0.09539706485713863,0.2506847759471568,0.09719404704624919,0.05007292747109275,0.08405692385159422,0.20693013707220123,0.088909721718084,ACQ2
485,USA,IRN,Nego,5.59,1.86,1,1,0.10908542385887242,0.14784220907741694,0.04702940381714999,0.09384714476358898,0.11462003744215231,0.08205473502522317,0.2020011771566935,0.2035198688589025,WAR2,0.12675440203648317,0.09539706485713863,0.2506847759471568,0.09719404704624919,0.05007292747109275,0.08405692385159422,0.20693013707220123,0.088909721718084,ACQ2
485,USA,IRN,Nego,5.59,1.87,1,1,0.10819527253610783,0.14714033485068298,0.04564600559201185,0.09576330226331194,0.11518770441818052,0.08190557709107198,0.20163398228035223,0.20452782096828045,WAR2,0.12675440203648317,0.09539706485713863,0.2506847759471568,0.09719404704624919,0.05007292747109275,0.08405692385159422,0.20693013707220123,0.088909721718084,ACQ2
485,USA,IRN,Nego,5.59,1.88,1,1,0.10729338394142127,0.1463924692766333,0.044324905525811954,0.09772506447518002,0.11573739221766927,0.08175634082560054,0.2012665945690833,0.2055038491686005,WAR2,0.12675440203648317,0.09539706485713863,0.2506847759471568,0.09719404704624919,0.05007292747109275,0.08405692385159422,0.20693013707220123,0.088909721718084,ACQ2
485,USA,IRN,Nego,5.59,1.89,1,1,0.10638192025497045,0.14560023207640135,0.04306435784948828,0.09973190723113724,0.11626913216246174,0.0816065643570052,0.20089787699346331,0.20644800907507255,WAR2,0.12675440203648317,0.09539706485713863,0.2506847759471568,0.09719404704624919,0.05007292747109275,0.08405692385159422,0.20693013707220123,0.088909721718084,ACQ2
485,USA,IRN,Nego,5.59,1.9,1,1,0.10546300338738022,0.14476529150485656,0.04186260123967092,0.10178325241132456,0.11678298902413096,0.08145577668486532,0.20052667005137026,0.20736041569640126,WAR2,0.12675440203648317,0.09539706485713863,0.2506847759471568,0.09719404704624919,0.05007292747109275,0.08405692385159422,0.20693013707220123,0.088909721718084,ACQ2
485,USA,IRN,Nego,5.59,1.91,1,1,0.10453870757895334,0.14388935679372736,0.040717866402734615,0.10387847016850155,0.1172790599840024,0.08130350000141841,0.20015179748246448,0.2082412415881979,WAR2,0.12675440203648317,0.09539706485713863,0.2506847759471568,0.09719404704624919,0.05007292747109275,0.08405692385159422,0.20693013707220123,0.088909721718084,ACQ2
485,USA,IRN,Nego,5.59,1.92,1,1,0.10361105271650675,0.14297417074564495,0.03962838317157623,0.10601688114329409,0.11775747351297493,0.08114925196965285,0.1997720718763654,0.20909071486398487,WAR2,0.12675440203648317,0.09539706485713863,0.2506847759471568,0.09719404704624919,0.05007292747109275,0.08405692385159422,0.20693013707220123,0.088909721718084,ACQ2
485,USA,IRN,Nego,5.59,1.93,1,1,0.10268199838849171,0.14202150252597473,0.038592387095595246,0.10819775864644807,0.11821838818090923,0.08099254794339929,0.19938630013804123,0.20990911708114063,WAR2,0.12675440203648317,0.09539706485713863,0.2506847759471568,0.09719404704624919,0.05007292747109275,0.08405692385159422,0.20693013707220123,0.088909721718084,ACQ2
485,USA,IRN,Nego,5.59,1.94,1,1,0.10175343868951092,0.14103314069474993,0.03760812551088327,0.1104203307868945,0.11866199140513617,0.08083290311620461,0.1989932887778755,0.2106967810187451,WAR2,0.12675440203648317,0.09539706485713863,0.2506847759471568,0.09719404704624919,0.05007292747109275,0.08405692385159422,0.20693013707220123,0.088909721718084,ACQ2
485,USA,IRN,Nego,5.59,1.95,1,1,0.10082719777622864,0.14001088651617968,0.03667386308381074,0.11268378252734634,0.11908849814730856,0.08066983458743988,0.19859184899798266,0.21145408836370355,WAR2,0.12675440203648317,0.09539706485713863,0.2506847759471568,0.09719404704624919,0.05007292747109275,0.08405692385159422,0.20693013707220123,0.088909721718084,ACQ2
485,USA,IRN,Nego,5.59,1.96,1,1,0.09990502616810909,0.1389565475781673,0.035787886826974064,0.11498725765230176,0.11949814956739101,0.08050286333578555,0.19818080155050594,0.2121814673207653,WAR2,0.12675440203648317,0.09539706485713863,0.2506847759471568,0.09719404704624919,0.05007292747109275,0.08405692385159422,0.20693013707220123,0.088909721718084,ACQ2
485,USA,IRN,Nego,5.59,1.97,1,1,0.09898859777851438,0.13787193174910958,0.03494851059178275,0.11732986063664035,0.11989121164307273,0.0803315160919314,0.1977589813478028,0.21287939016114588,WAR2,0.12675440203648317,0.09539706485713863,0.2506847759471568,0.09719404704624919,0.05007292747109275,0.08405692385159422,0.20693013707220123,0.088909721718084,ACQ2
485,USA,IRN,Nego,5.59,1.98,1,1,0.09807950765453582,0.13675884149405335,0.034154079046781895,0.11971065840639943,0.1202679737623076,0.08015532710398461,0.19732524180850203,0.21354837072343527,WAR2,0.12675440203648317,0.09539706485713863,0.2506847759471568,0.09719404704624919,0.05007292747109275,0.08405692385159422,0.20693013707220123,0.088909721718084,ACQ2
485,USA,IRN,Nego,5.59,1.99,1,1,0.09717927039758438,0.13561906856713363,0.03340297115509395,0.12212868198673543,0.12062874729605687,0.07997383979068293,0.19687845892735958,0.2141889618793531,WAR2,0.12675440203648317,0.09539706485713863,0.2506847759471568,0.09719404704624919,0.05007292747109275,0.08405692385159422,0.20693013707220123,0.088909721718084,ACQ2
485,USA,IRN,Nego,5.6,1.5,1,1,0.11795999558381712,0.13763035485272346,0.14247407685292937,0.05532885018830967,0.08566653227110085,0.08921126890056712,0.21961903024874055,0.15210989110181183,WAR1,0.12675440203648317,0.09539706485713863,0.2506847759471568,0.09719404704624919,0.05007292747109275,0.08405692385159422,0.20693013707220123,0.088909721718084,ACQ2
485,USA,IRN,Nego,5.6,1.51,1,1,0.11846466822491036,0.13876026150024498,0.13854757680212895,0.05581198698756254,0.08662184387008952,0.08896781555212357,0.21901970026548961,0.15380614679745044,WAR1,0.12675440203648317,0.09539706485713863,0.2506847759471568,0.09719404704624919,0.05007292747109275,0.08405692385159422,0.20693013707220123,0.088909721718084,ACQ2
485,USA,IRN,Nego,5.6,1.52,1,1,0.11892702906363012,0.1398561603737389,0.13467252556777623,0.05632114626269042,0.08757751488337315,0.08872374133686196,0.21841884184115506,0.15550304067077425,WAR1,0.12675440203648317,0.09539706485713863,0.2506847759471568,0.09719404704624919,0.05007292747109275,0.08405692385159422,0.20693013707220123,0.088909721718084,ACQ2
485,USA,IRN,Nego,5.6,1.53,1,1,0.11934571297170601,0.14091591060547415,0.13085194924673219,0.056857527621694506,0.08853277279153117,0.08847945774749771,0.2178174679826389,0.15719920103272553,WAR1,0.12675440203648317,0.09539706485713863,0.2506847759471568,0.09719404704624919,0.05007292747109275,0.08405692385159422,0.20693013707220123,0.088909721718084,ACQ2
485,USA,IRN,Nego,5.6,1.54,1,1,0.11971946269607839,0.141937411996362,0.12708875357435911,0.05742233532223719,0.08948683517231476,0.08823537473254915,0.21721658789536052,0.15889323861073879,WAR1,0.12675440203648317,0.09539706485713863,0.2506847759471568,0.09719404704624919,0.05007292747109275,0.08405692385159422,0.20693013707220123,0.088909721718084,ACQ2
485,USA,IRN,Nego,5.6,1.55,1,1,0.12004713799879681,0.14291861460766,0.12338571305101931,0.058016773799095284,0.09043891201064727,0.08799189786623712,0.21661720001615598,0.16058375065038827,WAR1,0.12675440203648317,0.09539706485713863,0.2506847759471568,0.09719404704624919,0.05007292747109275,0.08405692385159422,0.20693013707220123,0.088909721718084,ACQ2
485,USA,IRN,Nego,5.6,1.56,1,1,0.12032772425959683,0.14385752829327947,0.11974546068845482,0.058642043057721124,0.09138820809727209,0.08774942547929353,0.216020284949944,0.16226932517443823,WAR1,0.12675440203648317,0.09539706485713863,0.2506847759471568,0.09719404704624919,0.05007292747109275,0.08405692385159422,0.20693013707220123,0.088909721718084,ACQ2
485,USA,IRN,Nego,5.6,1.57,1,1,0.12056034043934755,0.14475223208854773,0.11617047847534259,0.05929933396874418,0.09233392550031747,0.08750834577826588,0.21542679837806963,0.16394854537136513,WAR1,0.12675440203648317,0.09539706485713863,0.2506847759471568,0.09719404704624919,0.05007292747109275,0.08405692385159422,0.20693013707220123,0.088909721718084,ACQ2
485,USA,IRN,Nego,5.6,1.58,1,1,0.12074424630716787,0.14560088337100707,0.11266308865461822,0.05998982350014427,0.09327526609312112,0.0872690339817768,0.21483766400839038,0.16561999408377417,WAR1,0.12675440203648317,0.09539706485713863,0.2506847759471568,0.09719404704624919,0.05007292747109275,0.08405692385159422,0.20693013707220123,0.088909721718084,ACQ2
485,USA,IRN,Nego,5.6,1.59,1,1,0.12087884884033952,0.1464017267098265,0.10922544589689881,0.06071466992522299,0.094211434120949,0.0870318495026393,0.2142537666382467,0.1672822583658774,WAR1,0.12675440203648317,0.09539706485713863,0.2506847759471568,0.09719404704624919,0.05007292747109275,0.08405692385159422,0.20693013707220123,0.088909721718084,ACQ2
485,USA,IRN,Nego,5.6,1.6,1,1,0.12096370771411863,0.14715310232265585,0.10585953044464227,0.06147500804535651,0.09514163878876013,0.08679713320470807,0.2136759454014174,0.168933934078341,WAR1,0.12675440203648317,0.09539706485713863,0.2506847759471568,0.09719404704624919,0.05007292747109275,0.08405692385159422,0.20693013707220123,0.088909721718084,ACQ2
485,USA,IRN,Nego,5.6,1.61,1,1,0.12099853980805775,0.14785345406223244,0.10256714229073506,0.06227194446681289,0.09606509685192328,0.08656520476287353,0.21310498726899169,0.1705736304883732,WAR1,0.12675440203648317,0.09539706485713863,0.2506847759471568,0.09719404704624919,0.05007292747109275,0.08405692385159422,0.20693013707220123,0.088909721718084,ACQ2
485,USA,IRN,Nego,5.6,1.62,1,1,0.1209832226663393,0.14850133685968994,0.0993498964432071,0.06310655297065013,0.09698103519177691,0.08633636015366496,0.2125416208717705,0.17219997484290134,WAR1,0.12675440203648317,0.09539706485713863,0.2506847759471568,0.09719404704624919,0.05007292747109275,0.08405692385159422,0.20693013707220123,0.088909721718084,ACQ2
485,USA,IRN,Nego,5.6,1.63,1,1,0.12091779686171318,0.14909542355723326,0.09620921931497692,0.06397987001387992,0.09788869335814035,0.08611086930255504,0.21198651070843536,0.17381161688306587,WAR1,0.12675440203648317,0.09539706485713863,0.2506847759471568,0.09719404704624919,0.05007292747109275,0.08405692385159422,0.20693013707220123,0.088909721718084,ACQ2
485,USA,IRN,Nego,5.6,1.64,1,1,0.12080246722569112,0.1496345110695151,0.09314634626416875,0.0648928903987063,0.09878732606132046,0.08588897391226331,0.21144025179929637,0.17540723326903884,WAR1,0.12675440203648317,0.09539706485713863,0.2506847759471568,0.09719404704624919,0.05007292747109275,0.08405692385159422,0.20693013707220123,0.088909721718084,ACQ2
485,USA,IRN,Nego,5.6,1.65,1,1,0.12063760292145488,0.15011752582053617,0.09016232029689424,0.06584656314474609,0.09967620559679519,0.08567088549418302,0.2109033648400865,0.17698553188530375,WAR1,0.12675440203648317,0.09539706485713863,0.2506847759471568,0.09719404704624919,0.05007292747109275,0.08405692385159422,0.20693013707220123,0.088909721718084,ACQ2
485,USA,IRN,Nego,5.6,1.66,1,1,0.12042373635021475,0.1505435284110696,0.08725799193071718,0.0668417875967557,0.10055462418658882,0.08545678362254767,0.21037629190409451,0.17854525599801177,WAR1,0.12675440203648317,0.09539706485713863,0.2506847759471568,0.09719404704624919,0.05007292747109275,0.08405692385159422,0.20693013707220123,0.088909721718084,ACQ2
485,USA,IRN,Nego,5.6,1.67,1,1,0.12016156089624269,0.15091171748028256,0.08443402020357736,0.06787940979755927,0.10142189622234069,0.08524681442816126,0.2098593927340508,0.18008518823778524,WAR1,0.12675440203648317,0.09539706485713863,0.2506847759471568,0.09719404704624919,0.05007292747109275,0.08405692385159422,0.20693013707220123,0.088909721718084,ACQ2
485,USA,IRN,Nego,5.6,1.68,1,1,0.11985192753023576,0.15122143273427008,0.08169087479999823,0.06896021915265849,0.10227736039621559,0.08504108934549685,0.2093529416577528,0.18160415438337194,WAR1,0.12675440203648317,0.09539706485713863,0.2506847759471568,0.09719404704624919,0.05007292747109275,0.08405692385159422,0.20693013707220123,0.088909721718084,ACQ2
485,USA,IRN,Nego,5.6,1.69,1,1,0.11949584030476156,0.15147215712343998,0.07902883925415909,0.07008494540944799,0.10312038170705706,0.08483968412378284,0.2088571251535714,0.1831010269237801,WAR1,0.12675440203648317,0.09539706485713863,0.2506847759471568,0.09719404704624919,0.05007292747109275,0.08405692385159422,0.20693013707220123,0.088909721718084,ACQ2
485,USA,IRN,Nego,5.6,1.7,1,1,0.11909445078906032,0.15166351815994378,0.07644801517809263,0.07125425597013647,0.10395035333054436,0.0846426381094053,0.20837204008387916,0.18457472837893799,WAR1,0.12675440203648317,0.09539706485713863,0.2506847759471568,0.09719404704624919,0.05007292747109275,0.08405692385159422,0.20693013707220123,0.088909721718084,ACQ2
485,USA,IRN,Nego,5.6,1.71,1,1,0.11864905150317118,0.15179528837548958,0.07394832745303573,0.07246875355343121,0.10476669834354464,0.08444995380362434,0.20789769260624225,0.1860242343614612,WAR1,0.12675440203648317,0.09539706485713863,0.2506847759471568,0.09719404704624919,0.05007292747109275,0.08405692385159422,0.20693013707220123,0.088909721718084,ACQ2
485,USA,IRN,Nego,5.6,1.72,1,1,0.11816106842301606,0.15186738492875732,0.07152953031296388,0.07372897421585241,0.10556887129432985,0.08426159669628633,0.2074339977640565,0.18744857636473755,WAR1,0.12675440203648317,0.09539706485713863,0.2506847759471568,0.09719404704624919,0.05007292747109275,0.08405692385159422,0.20693013707220123,0.088909721718084,ACQ2
485,USA,IRN,Nego,5.6,1.73,1,1,0.1176320526385138,0.1518798683801498,0.06919121424167712,0.07503538573926954,0.10635635961184575,0.0840774953729772,0.20698077975033544,0.1888468442652313,WAR1,0.12675440203648317,0.09539706485713863,0.2506847759471568,0.09719404704624919,0.05007292747109275,0.08405692385159422,0.20693013707220123,0.088909721718084,ACQ2
485,USA,IRN,Nego,5.6,1.74,1,1,0.11706367125585579,0.15183294065963662,0.06693281359855356,0.07638838638694745,0.1071286848487401,0.08389754188995163,0.206537772830705,0.19021818852960987,WAR1,0.12675440203648317,0.09539706485713863,0.2506847759471568,0.09719404704624919,0.05007292747109275,0.08405692385159422,0.20693013707220123,0.088909721718084,ACQ2
485,USA,IRN,Nego,5.6,1.75,1,1,0.11645769764263138,0.1517269422609045,0.06475361488328026,0.07778830402613232,0.10788540375437797,0.08372159240823959,0.20610462290443918,0.19156182211999495,WAR1,0.12675440203648317,0.09539706485713863,0.2506847759471568,0.09719404704624919,0.05007292747109275,0.08405692385159422,0.20693013707220123,0.088909721718084,ACQ2
485,USA,IRN,Nego,5.6,1.76,1,1,0.11581600112044846,0.15156234870183238,0.06265276554651367,0.07923539561103961,0.1086261091755683,0.08354946807561761,0.20568088967568324,0.1928770220932965,WAR1,0.12675440203648317,0.09539706485713863,0.2506847759471568,0.09719404704624919,0.05007292747109275,0.08405692385159422,0.20693013707220123,0.088909721718084,ACQ2
485,USA,IRN,Nego,5.6,1.77,1,1,0.11514053621399845,0.1513397662974129,0.06062928325148678,0.08072984701610109,0.10935043078418782,0.08338095614266987,0.20526604940095777,0.19416313089318504,WAR1,0.12675440203648317,0.09539706485713863,0.2506847759471568,0.09719404704624919,0.05007292747109275,0.08405692385159422,0.20693013707220123,0.088909721718084,ACQ2
485,USA,IRN,Nego,5.6,1.78,1,1,0.11443333156814293,0.15105992729658935,0.05868206549102406,0.0822717732055331,0.11005803563229741,0.08321581129698612,0.2048594981736675,0.19541955733575944,WAR1,0.12675440203648317,0.09539706485713863,0.2506847759471568,0.09719404704624919,0.05007292747109275,0.08405692385159422,0.20693013707220123,0.088909721718084,ACQ2
485,USA,IRN,Nego,5.6,1.79,1,1,0.11369647864555478,0.15072368443904663,0.0568098994651622,0.08386121872176308,0.11074862853670123,0.08305375719766948,0.20446055570173127,0.19664577729237126,WAR1,0.12675440203648317,0.09539706485713863,0.2506847759471568,0.09719404704624919,0.05007292747109275,0.08405692385159422,0.20693013707220123,0.088909721718084,ACQ2
485,USA,IRN,Nego,5.6,1.8,1,1,0.11293212031677505,0.15033200499176047,0.05501147212652445,0.0854981584720396,0.11142195229617416,0.08289448819077276,0.20406846953061847,0.19784133407533494,WAR1,0.12675440203648317,0.09539706485713863,0.2506847759471568,0.09719404704624919,0.05007292747109275,0.08405692385159422,0.20693013707220123,0.088909721718084,ACQ2
485,USA,IRN,Nego,5.6,1.81,1,1,0.1121424394523073,0.14988596432805898,0.05328538030364639,0.08718249878971031,0.11207778774577828,0.08273767118505829,0.20368241966106773,0.19900583853437256,WAR1,0.12675440203648317,0.09539706485713863,0.2506847759471568,0.09719404704624919,0.05007292747109275,0.08405692385159422,0.20693013707220123,0.088909721718084,ACQ2
485,USA,IRN,Nego,5.6,1.82,1,1,0.1113296476226678,0.14938673911409148,0.05163014081648349,0.08891407874421262,0.1127159536537939,0.08258294766658296,0.20330152350856368,0.2001389688736041,WAR1,0.12675440203648317,0.09539706485713863,0.2506847759471568,0.09719404704624919,0.05007292747109275,0.08405692385159422,0.20693013707220123,0.088909721718084,ACQ2
485,USA,IRN,Nego,5.6,1.83,1,1,0.11049597400724351,0.14883560016892647,0.050044200503226235,0.0906926716718342,0.11333630646778614,0.08242993583005073,0.2029248411502706,0.20124047020066194,WAR1,0.12675440203648317,0.09539706485713863,0.2506847759471568,0.09719404704624919,0.05007292747109275,0.08405692385159422,0.20693013707220123,0.088909721718084,ACQ2
485,USA,IRN,Nego,5.6,1.84,1,1,0.10964365460653404,0.14823390506504106,0.04852594608317166,0.09251798689778687,0.11393873991721737,0.08227823280463407,0.2025513808045273,0.20231015382108775,WAR1,0.12675440203648317,0.09539706485713863,0.2506847759471568,0.09719404704624919,0.05007292747109275,0.08405692385159422,0.20693013707220123,0.088909721718084,ACQ2
485,USA,IRN,Nego,5.6,1.85,1,1,0.10877492184500362,0.14758309053572555,0.04707371378662141,0.09438967161911861,0.1145231844807818,0.08212741695203597,0.2021801044881837,0.20334789629252928,WAR2,0.12675440203648317,0.09539706485713863,0.2506847759471568,0.09719404704624919,0.05007292747109275,0.08405692385159422,0.20693013707220123,0.088909721718084,ACQ2
485,USA,IRN,Nego,5.6,1.86,1,1,0.10789199464352163,0.14688466475495326,0.045685798689469224,0.0963073129174989,0.11508960672727964,0.08197705021492906,0.20180993379795517,0.2043536382543933,WAR2,0.12675440203648317,0.09539706485713863,0.2506847759471568,0.09719404704624919,0.05007292747109275,0.08405692385159422,0.20693013707220123,0.088909721718084,ACQ2
485,USA,IRN,Nego,5.6,1.87,1,1,0.10699706903139211,0.14614019955357846,0.044360463697166716,0.09827043987092968,0.11563800853935417,0.08182668049454112,0.2014397557635279,0.20532738304951015,WAR2,0.12675440203648317,0.09539706485713863,0.2506847759471568,0.09719404704624919,0.05007292747109275,0.08405692385159422,0.20693013707220123,0.088909721718084,ACQ2
485,USA,IRN,Nego,5.6,1.88,1,1,0.10609230935845336,0.1453513226333841,0.0430959481300038,0.10027852573397923,0.11616842622979054,0.08167584403703766,0.20106842872232225,0.20626919515502906,WAR2,0.12675440203648317,0.09539706485713863,0.2506847759471568,0.09719404704624919,0.05007292747109275,0.08405692385159422,0.20693013707220123,0.088909721718084,ACQ2
485,USA,IRN,Nego,5.6,1.89,1,1,0.10517984015783557,0.14451970983754087,0.041890475868975874,0.10233099015718095,0.11668092956030766,0.08152406780945308,0.20069478816852515,0.20717919844018096,WAR2,0.12675440203648317,0.09539706485713863,0.2506847759471568,0.09719404704624919,0.05007292747109275,0.08405692385159422,0.20693013707220123,0.088909721718084,ACQ2
485,USA,IRN,Nego,5.6,1.9,1,1,0.1042617386998948,0.14364707753253322,0.04074226302883621,0.10442720141776124,0.11717562067287338,0.08137087184720793,0.20031765253217632,0.2080575742687167,WAR2,0.12675440203648317,0.09539706485713863,0.2506847759471568,0.09719404704624919,0.05007292747109275,0.08405692385159422,0.20693013707220123,0.088909721718084,ACQ2
485,USA,IRN,Nego,5.6,1.91,1,1,0.10334002826775775,0.14273517515261233,0.03964952513213135,0.10656647863582654,0.1176526329435443,0.08121577155669878,0.1999358288476496,0.20890455946377934,WAR2,0.12675440203648317,0.09539706485713863,0.2506847759471568,0.09719404704624919,0.05007292747109275,0.08405692385159422,0.20693013707220123,0.088909721718084,ACQ2
485,USA,IRN,Nego,5.6,1.92,1,1,0.10241667217498358,0.14178577795342978,0.038610483765006094,0.10874809395250244,0.11811212976866506,0.0810582799580096,0.19954811827472857,0.20972044415267474,WAR2,0.12675440203648317,0.09539706485713863,0.2506847759471568,0.09719404704624919,0.05007292747109275,0.08405692385159422,0.20693013707220123,0.088909721718084,ACQ2
485,USA,IRN,Nego,5.6,1.93,1,1,0.10149356853623571,0.14080068001675652,0.03762337270224996,0.11097127464922513,0.1185543032929935,0.0808979098544559,0.1991533214395596,0.21050556950852375,WAR2,0.12675440203648317,0.09539706485713863,0.2506847759471568,0.09719404704624919,0.05007292747109275,0.08405692385159422,0.20693013707220123,0.088909721718084,ACQ2
485,USA,IRN,Nego,5.6,1.94,1,1,0.10057254579268642,0.13978168754319298,0.03668644349537065,0.11323520519037343,0.11897937308892909,0.08073417591738045,0.19875024356697177,0.21126032540509507,WAR2,0.12675440203648317,0.09539706485713863,0.2506847759471568,0.09719404704624919,0.05007292747109275,0.08405692385159422,0.20693013707220123,0.088909721718084,ACQ2
485,USA,IRN,Nego,5.6,1.95,1,1,0.09965535898528603,0.13873061246459967,0.035797970523354164,0.11553902917463929,0.11938758479555238,0.08056659667635782,0.19833769937993387,0.2119851480002767,WAR2,0.12675440203648317,0.09539706485713863,0.2506847759471568,0.09719404704624919,0.05007292747109275,0.08405692385159422,0.20693013707220123,0.088909721718084,ACQ2
485,USA,IRN,Nego,5.6,1.96,1,1,0.09874368676110853,0.13764926640271,0.0349562555111621,0.11788185118388154,0.11977920872562756,0.08039469640668769,0.19791451774615898,0.21268051726266363,WAR2,0.12675440203648317,0.09539706485713863,0.2506847759471568,0.09719404704624919,0.05007292747109275,0.08405692385159422,0.20693013707220123,0.088909721718084,ACQ2
485,USA,IRN,Nego,5.6,1.97,1,1,0.09783912909082534,0.13653945499511885,0.0341596315258779,0.12026273852163714,0.12015453844811136,0.0802180069077474,0.19747954605602813,0.21334695445465376,WAR2,0.12675440203648317,0.09539706485713863,0.2506847759471568,0.09719404704624919,0.05007292747109275,0.08405692385159422,0.20693013707220123,0.088909721718084,ACQ2
485,USA,IRN,Nego,5.6,1.98,1,1,0.0969432056690227,0.1354029726046357,0.03340646646472566,0.12268072283688965,0.12051388935305352,0.08003606916739696,0.19703165431999714,0.21398501958427874,WAR2,0.12675440203648317,0.09539706485713863,0.2506847759471568,0.09719404704624919,0.05007292747109275,0.08405692385159422,0.20693013707220123,0.088909721718084,ACQ2
485,USA,IRN,Nego,5.6,1.99,1,1,0.09605735496360404,0.1342415974229366,0.03269516605293003,0.1251348016320479,0.12085759720509462,0.07984843490916375,0.19656973897743485,0.21459530883678826,WAR2,0.12675440203648317,0.09539706485713863,0.2506847759471568,0.09719404704624919,0.05007292747109275,0.08405692385159422,0.20693013707220123,0.088909721718084,ACQ2
485,USA,IRN,Nego,5.61,1.5,1,1,0.11780131305523313,0.13831721870686878,0.13896426774571669,0.05625842243902913,0.08652203422841655,0.08911811476452478,0.21938970472436006,0.1536289243358508,WAR1,0.12675440203648317,0.09539706485713863,0.2506847759471568,0.09719404704624919,0.05007292747109275,0.08405692385159422,0.20693013707220123,0.088909721718084,ACQ2
485,USA,IRN,Nego,5.61,1.51,1,1,0.1182744937785293,0.13941909291170018,0.13507409630997783,0.05677119757996367,0.08747875593084282,0.0888716697561001,0.21878300991520766,0.15532768381767814,WAR1,0.12675440203648317,0.09539706485713863,0.2506847759471568,0.09719404704624919,0.05007292747109275,0.08405692385159422,0.20693013707220123,0.088909721718084,ACQ2
485,USA,IRN,Nego,5.61,1.52,1,1,0.11870422240295213,0.14048492291583597,0.13123838988548717,0.05731114321861971,0.08843505128415335,0.08862494863791828,0.21817563538299062,0.15702568627204277,WAR1,0.12675440203648317,0.09539706485713863,0.2506847759471568,0.09719404704624919,0.05007292747109275,0.08405692385159422,0.20693013707220123,0.088909721718084,ACQ2
485,USA,IRN,Nego,5.61,1.53,1,1,0.11908921689418793,0.14151258906228095,0.12746009075509254,0.05787946446198357,0.08939013157631423,0.08837836837808502,0.21756860761384827,0.1587215312582076,WAR1,0.12675440203648317,0.09539706485713863,0.2506847759471568,0.09719404704624919,0.05007292747109275,0.08405692385159422,0.20693013707220123,0.088909721718084,ACQ2
485,USA,IRN,Nego,5.61,1.54,1,1,0.11942831164707575,0.14250002188898847,0.12374200956868707,0.05847736664518091,0.09034320049161555,0.08813234186747855,0.21696294305666,0.16041380483431356,WAR1,0.12675440203648317,0.09539706485713863,0.2506847759471568,0.09719404704624919,0.05007292747109275,0.08405692385159422,0.20693013707220123,0.088909721718084,ACQ2
485,USA,IRN,Nego,5.61,1.55,1,1,0.11972046625444724,0.1434452118278394,0.1200868148381742,0.0591060506815297,0.09129345655909561,0.08788727499966952,0.2163596409344325,0.16210108390481215,WAR1,0.12675440203648317,0.09539706485713863,0.2506847759471568,0.09719404704624919,0.05007292747109275,0.08405692385159422,0.20693013707220123,0.088909721718084,ACQ2
485,USA,IRN,Nego,5.61,1.56,1,1,0.11996477364036319,0.14434621876159273,0.11649702315584771,0.05976670831232221,0.09224009567500727,0.08764356373609916,0.21575967601939833,0.16378194069936938,WAR1,0.12675440203648317,0.09539706485713863,0.2506847759471568,0.09719404704624919,0.05007292747109275,0.08405692385159422,0.20693013707220123,0.088909721718084,ACQ2
485,USA,IRN,Nego,5.61,1.57,1,1,0.12016046745821865,0.1452011813518679,0.11297499023219748,0.06046051729394701,0.09318231368199952,0.08740159118567993,0.21516399144361767,0.16545494735247174,WAR1,0.12675440203648317,0.09539706485713863,0.2506847759471568,0.09719404704624919,0.05007292747109275,0.08405692385159422,0.20693013707220123,0.088909721718084,ACQ2
485,USA,IRN,Nego,5.61,1.58,1,1,0.12030692866047116,0.14600832605214653,0.10952290284081846,0.06118863656139964,0.09411930898694074,0.08716172472847766,0.21457349161810035,0.16711868055164542,WAR1,0.12675440203648317,0.09539706485713863,0.2506847759471568,0.09719404704624919,0.05007292747109275,0.08405692385159422,0.20693013707220123,0.088909721718084,ACQ2
485,USA,IRN,Nego,5.61,1.59,1,1,0.12040369115474066,0.14676597572202554,0.10614277174827266,0.06195220140811727,0.0950502851988123,0.0869243132131699,0.21398903533354863,0.16877172622131276,WAR1,0.12675440203648317,0.09539706485713863,0.2506847759471568,0.09719404704624919,0.05007292747109275,0.08405692385159422,0.20693013707220123,0.088909721718084,ACQ2
485,USA,IRN,Nego,5.61,1.6,1,1,0.12045044647059908,0.14747255776248813,0.10283642569559535,0.0627523187223697,0.0959744537678482,0.0866896842575247,0.21341142911471417,0.1704126842088605,WAR1,0.12675440203648317,0.09539706485713863,0.2506847759471568,0.09719404704624919,0.05007292747109275,0.08405692385159422,0.20693013707220123,0.088909721718084,ACQ2
485,USA,IRN,Nego,5.61,1.61,1,1,0.12044704737238673,0.14812661169670815,0.0996055064858625,0.06359006232014688,0.09689103660709501,0.08645814168021973,0.21284142089808755,0.17204017293949342,WAR1,0.12675440203648317,0.09539706485713863,0.2506847759471568,0.09719404704624919,0.05007292747109275,0.08405692385159422,0.20693013707220123,0.088909721718084,ACQ2
485,USA,IRN,Nego,5.61,1.62,1,1,0.12039351036565202,0.14872679612679524,0.09645146521909402,0.06446646841360244,0.09779926867781055,0.08622996309093717,0.21227969409922753,0.17365283400688108,WAR1,0.12675440203648317,0.09539706485713863,0.2506847759471568,0.09719404704624919,0.05007292747109275,0.08405692385159422,0.20693013707220123,0.088909721718084,ACQ2
485,USA,IRN,Nego,5.61,1.63,1,1,0.12029001705809551,0.14927189500378252,0.09337555970200526,0.06538253125265445,0.09869840052060022,0.08600539766384882,0.21172686213155864,0.17524933666745446,WAR1,0.12675440203648317,0.09539706485713863,0.2506847759471568,0.09719404704624919,0.05007292747109275,0.08405692385159422,0.20693013707220123,0.088909721718084,ACQ2
485,USA,IRN,Nego,5.61,1.64,1,1,0.1201369143499641,0.14976082315593958,0.09037885304602813,0.06633919897534678,0.09958770071488787,0.08578466411738482,0.21118346343299482,0.176828382207454,WAR1,0.12675440203648317,0.09539706485713863,0.2506847759471568,0.09719404704624919,0.05007292747109275,0.08405692385159422,0.20693013707220123,0.088909721718084,ACQ2
485,USA,IRN,Nego,5.61,1.65,1,1,0.11993471344341376,0.15019263102898178,0.08746221345286528,0.06733736970005998,0.10046645825022062,0.08556794892060897,0.21064995705041972,0.17838870815342972,WAR1,0.12675440203648317,0.09539706485713863,0.2506847759471568,0.09719404704624919,0.05007292747109275,0.08405692385159422,0.20693013707220123,0.088909721718084,ACQ2
485,USA,IRN,Nego,5.61,1.66,1,1,0.11968408767516865,0.15056650860080353,0.08462631517290567,0.06837788788969609,0.10133398479398752,0.08535540474364874,0.21012671882497708,0.17992909229881243,WAR1,0.12675440203648317,0.09539706485713863,0.2506847759471568,0.09719404704624919,0.05007292747109275,0.08405692385159422,0.20693013707220123,0.088909721718084,ACQ2
485,USA,IRN,Nego,5.61,1.67,1,1,0.11938586919156081,0.1508817884427793,0.08187164060836574,0.06946154101458273,0.10218961684136478,0.08514714916651592,0.20961403821346397,0.18144835652136665,WAR1,0.12675440203648317,0.09539706485713863,0.2506847759471568,0.09719404704624919,0.05007292747109275,0.08405692385159422,0.20693013707220123,0.088909721718084,ACQ2
485,USA,IRN,Nego,5.61,1.68,1,1,0.11904104449947685,0.15113794790931728,0.07919848352028731,0.07058905653712318,0.10303271773466427,0.08494326365736168,0.20911211577301386,0.18294537036875558,WAR1,0.12675440203648317,0.09539706485713863,0.2506847759471568,0.09719404704624919,0.05007292747109275,0.08405692385159422,0.20693013707220123,0.088909721718084,ACQ2
485,USA,IRN,Nego,5.61,1.69,1,1,0.11865074894058084,0.15133461044701496,0.07660695328671892,0.07176109923722032,0.10386267954072778,0.08474379282780714,0.2086210613278796,0.1844190543920504,WAR1,0.12675440203648317,0.09539706485713863,0.2506847759471568,0.09719404704624919,0.05007292747109275,0.08405692385159422,0.20693013707220123,0.088909721718084,ACQ2
485,USA,IRN,Nego,5.61,1.7,1,1,0.11821626014919705,0.15147154602431281,0.07409698014873375,0.07297826889328712,0.10467892477654694,0.08454874396953968,0.20814089282863368,0.18586838320974897,WAR1,0.12675440203648317,0.09539706485713863,0.2506847759471568,0.09719404704624919,0.05007292747109275,0.08405692385159422,0.20693013707220123,0.088909721718084,ACQ2
485,USA,IRN,Nego,5.61,1.71,1,1,0.11773899056618556,0.15154867069181335,0.0716683213715384,0.07424109832930419,0.10548090797488256,0.08435808687293203,0.2076715359056459,0.1872923882876978,WAR1,0.12675440203648317,0.09539706485713863,0.2506847759471568,0.09719404704624919,0.05007292747109275,0.08405692385159422,0.20693013707220123,0.088909721718084,ACQ2
485,USA,IRN,Nego,5.61,1.72,1,1,0.11722047909184286,0.15156604529230133,0.06932056823991957,0.07555005183395087,0.10626811708327481,0.0841717539250854,0.20721282411044553,0.18869016042317963,WAR1,0.12675440203648317,0.09539706485713863,0.2506847759471568,0.09719404704624919,0.05007292747109275,0.08405692385159422,0.20693013707220123,0.088909721718084,ACQ2
485,USA,IRN,Nego,5.61,1.73,1,1,0.11666238197013334,0.15152387334784836,0.06705315380073934,0.07690552395339886,0.10704007469145481,0.08398964048147647,0.20676449983063708,0.19006085192431202,WAR1,0.12675440203648317,0.09539706485713863,0.2506847759471568,0.09719404704624919,0.05007292747109275,0.08405692385159422,0.20693013707220123,0.088909721718084,ACQ2
485,USA,IRN,Nego,5.61,1.74,1,1,0.11606646300428865,0.15142249815910802,0.06486536126016387,0.07830783865498,0.10779633908378158,0.08381160550235238,0.20632621585656685,0.1914036784787587,WAR1,0.12675440203648317,0.09539706485713863,0.2506847759471568,0.09719404704624919,0.05007292747109275,0.08405692385159422,0.20693013707220123,0.088909721718084,ACQ2
485,USA,IRN,Nego,5.61,1.75,1,1,0.1154345832098941,0.15126239915893516,0.06275633293980809,0.07975724885467961,0.10853650511489728,0.08363747244220886,0.205897537571029,0.19271792070854785,WAR1,0.12675440203648317,0.09539706485713863,0.2506847759471568,0.09719404704624919,0.05007292747109275,0.08405692385159422,0.20693013707220123,0.088909721718084,ACQ2
485,USA,IRN,Nego,5.61,1.76,1,1,0.11476869001596784,0.15104418756872504,0.06072507969396386,0.08125393629733589,0.10926020490832186,0.08346703037814779,0.20547794572703876,0.194002925410499,WAR1,0.12675440203648317,0.09539706485713863,0.2506847759471568,0.09719404704624919,0.05007292747109275,0.08405692385159422,0.20693013707220123,0.088909721718084,ACQ2
485,USA,IRN,Nego,5.61,1.77,1,1,0.11407080612719363,0.15076860141131554,0.05877049068951422,0.08279801177459332,0.10996710837917008,0.08330003536066538,0.20506683977318516,0.19525810648436265,WAR1,0.12675440203648317,0.09539706485713863,0.2506847759471568,0.09719404704624919,0.05007292747109275,0.08405692385159422,0.20693013707220123,0.088909721718084,ACQ2
485,USA,IRN,Nego,5.61,1.78,1,1,0.11334301816141606,0.1504364999389075,0.05689134345093067,0.08438951566212276,0.11065692358355765,0.08313621196850197,0.20466354168133657,0.19648294555322687,WAR1,0.12675440203648317,0.09539706485713863,0.2506847759471568,0.09719404704624919,0.05007292747109275,0.08405692385159422,0.20693013707220123,0.088909721718084,ACQ2
485,USA,IRN,Nego,5.61,1.79,1,1,0.11258746517577695,0.15004885753819705,0.055086314074813986,0.08602841875442968,0.11132939689856092,0.08297525504759501,0.20426730022757125,0.19767699228305494,WAR1,0.12675440203648317,0.09539706485713863,0.2506847759471568,0.09719404704624919,0.05007292747109275,0.08405692385159422,0.20693013707220123,0.088909721718084,ACQ2
485,USA,IRN,Nego,5.61,1.8,1,1,0.11180632719255029,0.14960675717779773,0.053353987521654926,0.08771462337277484,0.11198431303779527,0.08281683161293706,0.20387729567414384,0.19883986441034615,WAR1,0.12675440203648317,0.09539706485713863,0.2506847759471568,0.09719404704624919,0.05007292747109275,0.08405692385159422,0.20693013707220123,0.088909721718084,ACQ2
485,USA,IRN,Nego,5.61,1.81,1,1,0.11100181383190404,0.14911138346503197,0.05169286789673754,0.0894479647193666,0.11262149490876364,0.08266058289124746,0.20349264479810586,0.19997124748884326,WAR1,0.12675440203648317,0.09539706485713863,0.2506847759471568,0.09719404704624919,0.05007292747109275,0.08405692385159422,0.20693013707220123,0.088909721718084,ACQ2
485,USA,IRN,Nego,5.61,1.82,1,1,0.11017615315361819,0.1485640153803422,0.0501013886372457,0.09122821244908184,0.11324080331910578,0.08250612648181724,0.203112406210842,0.20107089436794728,WAR1,0.12675440203648317,0.09539706485713863,0.2506847759471568,0.09719404704624919,0.05007292747109275,0.08405692385159422,0.20693013707220123,0.088909721718084,ACQ2
485,USA,IRN,Nego,5.61,1.83,1,1,0.10933158080334661,0.14796601875788834,0.04857792252852719,0.09305507242856974,0.11384213653972586,0.08235305861267334,0.20273558591226398,0.20213862441700495,WAR1,0.12675440203648317,0.09539706485713863,0.2506847759471568,0.09719404704624919,0.05007292747109275,0.08405692385159422,0.20693013707220123,0.088909721718084,ACQ2
485,USA,IRN,Nego,5.61,1.84,1,1,0.10847032955150378,0.14731883858043826,0.04712079147897866,0.09492818865169807,0.11442542973349647,0.082200956469314,0.202361143023658,0.20317432251091277,WAR2,0.12675440203648317,0.09539706485713863,0.2506847759471568,0.09719404704624919,0.05007292747109275,0.08405692385159422,0.20693013707220123,0.088909721718084,ACQ2
485,USA,IRN,Nego,5.61,1.85,1,1,0.10759461930443183,0.14662399115541774,0.04572827598999749,0.09684714527993427,0.11499065425882274,0.08204938057367761,0.20198799564419576,0.2041779377935225,WAR2,0.12675440203648317,0.09539706485713863,0.2506847759471568,0.09719404704624919,0.05007292747109275,0.08405692385159422,0.20693013707220123,0.088909721718084,ACQ2
485,USA,IRN,Nego,5.61,1.86,1,1,0.10670664765837133,0.14588305623703973,0.04439862426476571,0.09881146877641117,0.11553781685779639,0.0818978771916906,0.20161502677780196,0.20514948223612314,WAR2,0.12675440203648317,0.09539706485713863,0.2506847759471568,0.09719404704624919,0.05007292747109275,0.08405692385159422,0.20693013707220123,0.088909721718084,ACQ2
485,USA,IRN,Nego,5.61,1.87,1,1,0.10580858105706932,0.1450976691568145,0.04313006090715646,0.10082063010310234,0.11606695873897527,0.08174598074867952,0.20124109027938153,0.20608902900882112,WAR2,0.12675440203648317,0.09539706485713863,0.2506847759471568,0.09719404704624919,0.05007292747109275,0.08405692385159422,0.20693013707220123,0.088909721718084,ACQ2
485,USA,IRN,Nego,5.61,1.88,1,1,0.10490254660383493,0.14426951302152263,0.04192079516965938,0.10287404695170614,0.11657815456499282,0.08159321623309022,0.20086501677226076,0.20699671068293335,WAR2,0.12675440203648317,0.09539706485713863,0.2506847759471568,0.09719404704624919,0.05007292747109275,0.08405692385159422,0.20693013707220123,0.088909721718084,ACQ2
485,USA,IRN,Nego,5.61,1.89,1,1,0.10399062456864461,0.1434003110339676,0.04076902871678538,0.10497108598048172,0.11707151135523106,0.0814391015703044,0.2004856194920151,0.20787271728257015,WAR2,0.12675440203648317,0.09539706485713863,0.2506847759471568,0.09719404704624919,0.05007292747109275,0.08405692385159422,0.20693013707220123,0.088909721718084,ACQ2
485,USA,IRN,Nego,5.61,1.9,1,1,0.1030748416207102,0.14249181898759897,0.03967296287783571,0.10711106503135819,0.11754716731369375,0.08128314994984713,0.20010170001555608,0.20871729420339993,WAR2,0.12675440203648317,0.09539706485713863,0.2506847759471568,0.09719404704624919,0.05007292747109275,0.08405692385159422,0.20693013707220123,0.088909721718084,ACQ2
485,USA,IRN,Nego,5.61,1.91,1,1,0.10215716480690205,0.14154581798146632,0.038630805370096,0.1092932553040986,0.1180052905919918,0.08112487209090154,0.1997120538383426,0.2095307400162011,WAR2,0.12675440203648317,0.09539706485713863,0.2506847759471568,0.09719404704624919,0.05007292747109275,0.08405692385159422,0.20693013707220123,0.088909721718084,ACQ2
485,USA,IRN,Nego,5.61,1.92,1,1,0.10123949628673416,0.14056410739703531,0.037640776480365255,0.11151688346709354,0.11844607799701917,0.08096377843275575,0.1993154757667916,0.21031340417220526,WAR2,0.12675440203648317,0.09539706485713863,0.2506847759471568,0.09719404704624919,0.05007292747109275,0.08405692385159422,0.20693013707220123,0.088909721718084,ACQ2
485,USA,IRN,Nego,5.61,1.93,1,1,0.10032366882539735,0.13954849817323076,0.03670111469917446,0.11378113368741569,0.11886975365246162,0.08079938123856464,0.19891076509728972,0.2110656846264658,WAR2,0.12675440203648317,0.09539706485713863,0.2506847759471568,0.09719404704624919,0.05007292747109275,0.08405692385159422,0.20693013707220123,0.088909721718084,ACQ2
485,USA,IRN,Nego,5.61,1.94,1,1,0.09941144203769842,0.13850080641075935,0.03581008180802833,0.11608514956603101,0.11927656762275919,0.08063119660258604,0.1984967305575778,0.21178802539455985,WAR2,0.12675440203648317,0.09539706485713863,0.2506847759471568,0.09719404704624919,0.05007292747109275,0.08405692385159422,0.20693013707220123,0.088909721718084,ACQ2
485,USA,IRN,Nego,5.61,1.95,1,1,0.0985044993678248,0.1374228473314006,0.034965967425467176,0.11842803596744939,0.11966679450755083,0.08045874635281092,0.19807219499061965,0.21248091405687677,WAR2,0.12675440203648317,0.09539706485713863,0.2506847759471568,0.09719404704624919,0.05007292747109275,0.08405692385159422,0.20693013707220123,0.088909721718084,ACQ2
485,USA,IRN,Nego,5.61,1.96,1,1,0.09760444578269034,0.1363164296125993,0.03416709302265928,0.12080886073655016,0.12004073201398512,0.08028155984262367,0.19763599976528481,0.21314487922360734,WAR2,0.12675440203648317,0.09539706485713863,0.2506847759471568,0.09719404704624919,0.05007292747109275,0.08405692385159422,0.20693013707220123,0.088909721718084,ACQ2
485,USA,IRN,Nego,5.61,1.97,1,1,0.09671280615028638,0.1351833501124449,0.03341181542357084,0.12322665629875555,0.12039869951359752,0.08009917562677693,0.19718700890224058,0.21378048797232746,WAR2,0.12675440203648317,0.09539706485713863,0.2506847759471568,0.09719404704624919,0.05007292747109275,0.08405692385159422,0.20693013707220123,0.088909721718084,ACQ2
485,USA,IRN,Nego,5.61,1.98,1,1,0.0958310242690035,0.13402538899503813,0.032698529808511054,0.12568042114307787,0.12074103658975603,0.07991114301851679,0.1967241129072598,0.21438834326883682,WAR2,0.12675440203648317,0.09539706485713863,0.2506847759471568,0.09719404704624919,0.05007292747109275,0.08405692385159422,0.20693013707220123,0.088909721718084,ACQ2
485,USA,IRN,Nego,5.61,1.99,1,1,0.09496046250932294,0.13284430526140387,0.03202567224301255,0.12816912119078025,0.12106810158097431,0.07971702352613735,0.19624623230771057,0.2149690813806585,WAR2,0.12675440203648317,0.09539706485713863,0.2506847759471568,0.09719404704624919,0.05007292747109275,0.08405692385159422,0.20693013707220123,0.088909721718084,ACQ2
485,USA,IRN,Nego,5.62,1.5,1,1,0.11762882217934531,0.13897573870437377,0.13547937155226794,0.0572208241487749,0.08737822214877407,0.0890199071294166,0.2191479385680068,0.155149175569041,WAR1,0.12675440203648317,0.09539706485713863,0.2506847759471568,0.09719404704624919,0.05007292747109275,0.08405692385159422,0.20693013707220123,0.088909721718084,ACQ2
485,USA,IRN,Nego,5.62,1.51,1,1,0.11806949010576014,0.14004753295326944,0.1316286429339194,0.05776431948839664,0.0883355440217477,0.08877079410509368,0.21853467567534357,0.15684900071646943,WAR1,0.12675440203648317,0.09539706485713863,0.2506847759471568,0.09719404704624919,0.05007292747109275,0.08405692385159422,0.20693013707220123,0.088909721718084,ACQ2
485,USA,IRN,Nego,5.62,1.52,1,1,0.11846563051399728,0.1410812588649944,0.12783533622858478,0.058336133452130276,0.0892916341204147,0.08852176029904385,0.21792160780109565,0.15854663871973923,WAR1,0.12675440203648317,0.09539706485713863,0.2506847759471568,0.09719404704624919,0.05007292747109275,0.08405692385159422,0.20693013707220123,0.088909721718084,ACQ2
485,USA,IRN,Nego,5.62,1.53,1,1,0.118816052531569,0.14207482771018556,0.12410229824539483,0.05893747209211068,0.09024568986529749,0.08827322583660174,0.21730976920382428,0.16024066451501626,WAR1,0.12675440203648317,0.09539706485713863,0.2506847759471568,0.09719404704624919,0.05007292747109275,0.08405692385159422,0.20693013707220123,0.088909721718084,ACQ2
485,USA,IRN,Nego,5.62,1.54,1,1,0.11911969001572908,0.14302621070299532,0.12043223306958911,0.05956953707286258,0.09119690354805084,0.08802560410494845,0.2167001775541996,0.1619296439316253,WAR1,0.12675440203648317,0.09539706485713863,0.2506847759471568,0.09719404704624919,0.05007292747109275,0.08405692385159422,0.20693013707220123,0.088909721718084,ACQ2
485,USA,IRN,Nego,5.62,1.55,1,1,0.1193756098563364,0.1439334487246479,0.11682769203242405,0.06023352087810679,0.09214446490460737,0.08777929876471893,0.2160938265782194,0.163612138260939,WAR1,0.12675440203648317,0.09539706485713863,0.2506847759471568,0.09719404704624919,0.05007292747109275,0.08405692385159422,0.20693013707220123,0.088909721718084,ACQ2
485,USA,IRN,Nego,5.62,1.56,1,1,0.11958301954536979,0.14479466181753256,0.11329106450751326,0.06093060195432225,0.09308756374561149,0.087534700773345,0.21549167872931702,0.1652867089269887,WAR1,0.12675440203648317,0.09539706485713863,0.2506847759471568,0.09719404704624919,0.05007292747109275,0.08405692385159422,0.20693013707220123,0.088909721718084,ACQ2
485,USA,IRN,Nego,5.62,1.57,1,1,0.11974127391747301,0.1456080583612475,0.10982456962465688,0.06166193983101464,0.09402539262536495,0.08729218545054963,0.21489465796423687,0.16695192222545618,WAR1,0.12675440203648317,0.09539706485713863,0.2506847759471568,0.09719404704624919,0.05007292747109275,0.08405692385159422,0.20693013707220123,0.088909721718084,ACQ2
485,USA,IRN,Nego,5.62,1.58,1,1,0.11984988097390747,0.146371943844239,0.10643024898226792,0.06242867025855213,0.09495714952998588,0.08705210961649558,0.2143036426977701,0.16860635409678182,WAR1,0.12675440203648317,0.09539706485713863,0.2506847759471568,0.09719404704624919,0.05007292747109275,0.08405692385159422,0.20693013707220123,0.088909721718084,ACQ2
485,USA,IRN,Nego,5.62,1.59,1,1,0.11990850671191677,0.1470847291482517,0.1031099604281341,0.063231900404736,0.09588204056522463,0.08681480883267051,0.21371945901040415,0.17024859489866223,WAR1,0.12675440203648317,0.09539706485713863,0.2506847759471568,0.09719404704624919,0.05007292747109275,0.08405692385159422,0.20693013707220123,0.088909721718084,ACQ2
485,USA,IRN,Nego,5.62,1.6,1,1,0.11991697889263872,0.1477449382676711,0.09986537296571421,0.06407270415095762,0.09679928262439001,0.08658059477468379,0.21314287418071182,0.1718772541432329,WAR1,0.12675440203648317,0.09539706485713863,0.2506847759471568,0.09719404704624919,0.05007292747109275,0.08405692385159422,0.20693013707220123,0.088909721718084,ACQ2
485,USA,IRN,Nego,5.62,1.61,1,1,0.1198752896931234,0.14835121539188106,0.09669796282968199,0.06495211752786692,0.0977081060171072,0.08634975276475929,0.2125745906108773,0.17349096516470297,WAR1,0.12675440203648317,0.09539706485713863,0.2506847759471568,0.09719404704624919,0.05007292747109275,0.08405692385159422,0.20693013707220123,0.088909721718084,ACQ2
485,USA,IRN,Nego,5.62,1.62,1,1,0.11978359720151464,0.14890233128589275,0.09360901076027427,0.06587113432894778,0.09860775704015386,0.08612253948986183,0.2120152402092118,0.17508838968414303,WAR1,0.12675440203648317,0.09539706485713863,0.2506847759471568,0.09719404704624919,0.05007292747109275,0.08405692385159422,0.20693013707220123,0.088909721718084,ACQ2
485,USA,IRN,Nego,5.62,1.63,1,1,0.11964222572877027,0.14939718891254197,0.09059960049146823,0.06683070193829893,0.09949750047237592,0.08589918092913196,0.21146537928794268,0.17666822223946999,WAR1,0.12675440203648317,0.09539706485713863,0.2506847759471568,0.09719404704624919,0.05007292747109275,0.08405692385159422,0.20693013707220123,0.088909721718084,ACQ2
485,USA,IRN,Nego,5.62,1.64,1,1,0.11945166492515827,0.14983482824837577,0.08767061845337606,0.0678317174062892,0.1003766219766613,0.08567987051166855,0.21092548402806865,0.17822919445040214,WAR1,0.12675440203648317,0.09539706485713863,0.2506847759471568,0.09719404704624919,0.05007292747109275,0.08405692385159422,0.20693013707220123,0.088909721718084,ACQ2
485,USA,IRN,Nego,5.62,1.65,1,1,0.11921256770488849,0.15021443025475054,0.08482275467481228,0.06887502380365165,0.10124443039311147,0.08546476752274781,0.21039594655581245,0.17977007909022547,WAR1,0.12675440203648317,0.09539706485713863,0.2506847759471568,0.09719404704624919,0.05007292747109275,0.08405692385159422,0.20693013707220123,0.088909721718084,ACQ2
485,USA,IRN,Nego,5.62,1.66,1,1,0.11892574699732827,0.1505353199754803,0.08205650485801994,0.06996140688104992,0.10210025990888334,0.08525399577335949,0.20987707166730393,0.18128969393857497,WAR1,0.12675440203648317,0.09539706485713863,0.2506847759471568,0.09719404704624919,0.05007292747109275,0.08405692385159422,0.20693013707220123,0.088909721718084,ACQ2
485,USA,IRN,Nego,5.62,1.67,1,1,0.11859217135802233,0.15079696874240786,0.07937217358430297,0.07109159205727068,0.10294347209163877,0.08504764254454761,0.20936907422977308,0.18278690539203682,WAR1,0.12675440203648317,0.09539706485713863,0.2506847759471568,0.09719404704624919,0.05007292747109275,0.08405692385159422,0.20693013707220123,0.088909721718084,ACQ2
485,USA,IRN,Nego,5.62,1.68,1,1,0.11821295948691736,0.15099899548035017,0.07676987859703066,0.07226624175502663,0.10377345777511132,0.08484575781452425,0.2088720772788701,0.18426063181216948,WAR1,0.12675440203648317,0.09539706485713863,0.2506847759471568,0.09719404704624919,0.05007292747109275,0.08405692385159422,0.20693013707220123,0.088909721718084,ACQ2
485,USA,IRN,Nego,5.62,1.69,1,1,0.11778937371451445,0.1511411671128194,0.07424955609735381,0.07348595309897345,0.10458963878695264,0.08464835377295936,0.2083861108229509,0.18570984659347595,WAR1,0.12675440203648317,0.09539706485713863,0.2506847759471568,0.09719404704624919,0.05007292747109275,0.08405692385159422,0.20693013707220123,0.088909721718084,ACQ2
485,USA,IRN,Nego,5.62,1.7,1,1,0.11732281252892122,0.15122339807957616,0.07181096697816776,0.07475125598602941,0.10539146951071902,0.08445540462329511,0.2079111113564171,0.18713358093687416,WAR1,0.12675440203648317,0.09539706485713863,0.2506847759471568,0.09719404704624919,0.05007292747109275,0.08405692385159422,0.20693013707220123,0.088909721718084,ACQ2
485,USA,IRN,Nego,5.62,1.71,1,1,0.11681480222773007,0.15124574898629972,0.06945370391349805,0.07606261153349872,0.10617843827558493,0.08426684667046026,0.20744692207564996,0.1885309263172784,WAR1,0.12675440203648317,0.09539706485713863,0.2506847759471568,0.09719404704624919,0.05007292747109275,0.08405692385159422,0.20693013707220123,0.088909721718084,ACQ2
485,USA,IRN,Nego,5.62,1.72,1,1,0.1162669877881493,0.15120842441532553,0.0671771992136523,0.07742041090592951,0.10695006856908842,0.08408257868802675,0.20699329378287168,0.1899010366369566,WAR1,0.12675440203648317,0.09539706485713863,0.2506847759471568,0.09719404704624919,0.05007292747109275,0.08405692385159422,0.20693013707220123,0.088909721718084,ACQ2
485,USA,IRN,Nego,5.62,1.73,1,1,0.11568112305672199,0.1511117699343978,0.0649807333512375,0.07882497451713864,0.1077059200699151,0.08390246255570977,0.20654988645553407,0.19124313005934518,WAR1,0.12675440203648317,0.09539706485713863,0.2506847759471568,0.09719404704624919,0.05007292747109275,0.08405692385159422,0.20693013707220123,0.088909721718084,ACQ2
485,USA,IRN,Nego,5.62,1.74,1,1,0.11505906036618672,0.15095626834763487,0.06286344405947436,0.08027655159948786,0.10844558949937581,0.08372632415521097,0.20611627145169156,0.19255649052093787,WAR1,0.12675440203648317,0.09539706485713863,0.2506847759471568,0.09719404704624919,0.05007292747109275,0.08405692385159422,0.20693013707220123,0.088909721718084,ACQ2
485,USA,IRN,Nego,5.62,1.75,1,1,0.11440273969150472,0.1507425352393295,0.06082433590214822,0.08177532012835234,0.10916871129182745,0.08355395450978341,0.20569193431536736,0.19384046892168685,WAR1,0.12675440203648317,0.09539706485713863,0.2506847759471568,0.09719404704624919,0.05007292747109275,0.08405692385159422,0.20693013707220123,0.088909721718084,ACQ2
485,USA,IRN,Nego,5.62,1.76,1,1,0.11371417745977687,0.15047131386675938,0.05886229021394954,0.08332138708585467,0.10987495808579588,0.08338511115058857,0.2052762781402305,0.19509448399704413,WAR1,0.12675440203648317,0.09539706485713863,0.2506847759471568,0.09719404704624919,0.05007292747109275,0.08405692385159422,0.20693013707220123,0.088909721718084,ACQ2
485,USA,IRN,Nego,5.62,1.77,1,1,0.11299545512971433,0.15014346946283708,0.056976075310800595,0.08491478904438636,0.11056404103898312,0.08321951969094066,0.20486862744504902,0.1963180228772888,WAR1,0.12675440203648317,0.09539706485713863,0.2506847759471568,0.09719404704624919,0.05007292747109275,0.08405692385159422,0.20693013707220123,0.088909721718084,ACQ2
485,USA,IRN,Nego,5.62,1.78,1,1,0.11224870765555517,0.1497599830131555,0.05516435687193735,0.08655549304726667,0.1112357099716559,0.08305687558791339,0.2044682325103872,0.1975106413421288,WAR1,0.12675440203648317,0.09539706485713863,0.2506847759471568,0.09719404704624919,0.05007292747109275,0.08405692385159422,0.20693013707220123,0.088909721718084,ACQ2
485,USA,IRN,Nego,5.62,1.79,1,1,0.11147611194791594,0.14932194457479595,0.053425708398893546,0.08824339776113142,0.11188975334411765,0.082896846069524,0.20407427412292134,0.19867196378070012,WAR1,0.12675440203648317,0.09539706485713863,0.2506847759471568,0.09719404704624919,0.05007292747109275,0.08405692385159422,0.20693013707220123,0.088909721718084,ACQ2
485,USA,IRN,Nego,5.62,1.8,1,1,0.11067987544012678,0.1488305462061494,0.05175862166098159,0.08997833487234495,0.11252599807504511,0.08273907220481418,0.20368586867153401,0.1998016828690041,WAR1,0.12675440203648317,0.09539706485713863,0.2506847759471568,0.09719404704624919,0.05007292747109275,0.08405692385159422,0.20693013707220123,0.088909721718084,ACQ2
485,USA,IRN,Nego,5.62,1.81,1,1,0.10986222486326705,0.14828707457800105,0.05016151704224711,0.09176007069791273,0.11314430920842183,0.08258317109360774,0.20330207353802884,0.20089955897851366,WAR1,0.12675440203648317,0.09539706485713863,0.2506847759471568,0.09719404704624919,0.05007292747109275,0.08405692385159422,0.20693013707220123,0.088909721718084,ACQ2
485,USA,IRN,Nego,5.62,1.82,1,1,0.10902539532652897,0.14769290333625482,0.04863275371103188,0.09358830798007171,0.11374458943761676,0.08242873815253596,0.2029218927248353,0.20196541933112433,WAR1,0.12675440203648317,0.09539706485713863,0.2506847759471568,0.09719404704624919,0.05007292747109275,0.08405692385159422,0.20693013707220123,0.088909721718084,ACQ2
485,USA,IRN,Nego,5.62,1.83,1,1,0.10817161979186202,0.14704948528597234,0.04717063954007214,0.09546268783295825,0.11432677849582559,0.08227534947406402,0.20254428266242608,0.20299915691681966,WAR2,0.12675440203648317,0.09539706485713863,0.2506847759471568,0.09719404704624919,0.05007292747109275,0.08405692385159422,0.20693013707220123,0.088909721718084,ACQ2
485,USA,IRN,Nego,5.62,1.84,1,1,0.10730311902327191,0.1463583444649167,0.04577344071233127,0.09738279180950685,0.11489085242262885,0.08212256423570086,0.20216815814027597,0.20400072919136777,WAR2,0.12675440203648317,0.09539706485713863,0.2506847759471568,0.09719404704624919,0.05007292747109275,0.08405692385159422,0.20693013707220123,0.088909721718084,ACQ2
485,USA,IRN,Nego,5.62,1.85,1,1,0.10642209208184372,0.1456210681725839,0.04443939095537561,0.0993481440570246,0.11543682271680139,0.08196992713731467,0.2017923983070095,0.20497015657204648,WAR2,0.12675440203648317,0.09539706485713863,0.2506847759471568,0.09719404704624919,0.05007292747109275,0.08405692385159422,0.20693013707220123,0.088909721718084,ACQ2
485,USA,IRN,Nego,5.62,1.86,1,1,0.1055307074277239,0.14483929901781725,0.04316670035490516,0.10135821353068446,0.11596473538575255,0.08181697084546578,0.20141585268782614,0.2059075207498249,WAR2,0.12675440203648317,0.09539706485713863,0.2506847759471568,0.09719404704624919,0.05007292747109275,0.08405692385159422,0.20693013707220123,0.088909721718084,ACQ2
485,USA,IRN,Nego,5.62,1.87,1,1,0.1046310946801228,0.14401472704462323,0.0419535637059231,0.10341241623548222,0.11647466990207418,0.08166321842488698,0.20103734717028277,0.2068129628366048,WAR2,0.12675440203648317,0.09539706485713863,0.2506847759471568,0.09719404704624919,0.05007292747109275,0.08405692385159422,0.20693013707220123,0.088909721718084,ACQ2
485,USA,IRN,Nego,5.62,1.88,1,1,0.10372533707606905,0.14314908199179202,0.04079816836783705,0.10551011746896648,0.1169667380776405,0.08150818573864643,0.20065568991298097,0.2076866813660673,WAR2,0.12675440203648317,0.09539706485713863,0.2506847759471568,0.09719404704624919,0.05007292747109275,0.08405692385159422,0.20693013707220123,0.088909721718084,ACQ2
485,USA,IRN,Nego,5.62,1.89,1,1,0.10281546465834301,0.14224412573746106,0.039698701597427694,0.10765063403923239,0.11744108286553524,0.08135138380008887,0.20026967713554225,0.20852893016636945,WAR2,0.12675440203648317,0.09539706485713863,0.2506847759471568,0.09719404704624919,0.05007292747109275,0.08405692385159422,0.20693013707220123,0.088909721718084,ACQ2
485,USA,IRN,Nego,5.62,1.9,1,1,0.10190344821290771,0.1413016449749259,0.03865335734099066,0.10983323643523062,0.11789787709979871,0.08119232106132779,0.19987809875238588,0.20934001612243297,WAR2,0.12675440203648317,0.09539706485713863,0.2506847759471568,0.09719404704624919,0.05007292747109275,0.08405692385159422,0.20693013707220123,0.088909721718084,ACQ2
485,USA,IRN,Nego,5.62,1.91,1,1,0.10099119396639351,0.14032344416087872,0.037660342473968544,0.11205715092931746,0.1183373221825932,0.0810305056248225,0.19947974381715705,0.21012029684486916,WAR2,0.12675440203648317,0.09539706485713863,0.2506847759471568,0.09719404704624919,0.05007292747109275,0.08405692385159422,0.20693013707220123,0.088909721718084,ACQ2
485,USA,IRN,Nego,5.62,1.92,1,1,0.10008053904491926,0.13931133877192792,0.03671788248297151,0.11432156159509806,0.11875964672789603,0.08086544736637707,0.199073405749096,0.21087017826171395,WAR2,0.12675440203648317,0.09539706485713863,0.2506847759471568,0.09719404704624919,0.05007292747109275,0.08405692385159422,0.20693013707220123,0.088909721718084,ACQ2
485,USA,IRN,Nego,5.62,1.93,1,1,0.09917324768686403,0.13826714889981162,0.035824226591166304,0.11662561222693223,0.11916510517026135,0.08069665995971602,0.19865788731710937,0.2115901121481391,WAR2,0.12675440203648317,0.09539706485713863,0.2506847759471568,0.09719404704624919,0.05007292747109275,0.08405692385159422,0.20693013707220123,0.088909721718084,ACQ2
485,USA,IRN,Nego,5.62,1.94,1,1,0.09827100819424606,0.13719269321024183,0.03497765233355758,0.11896840815089893,0.11955397634655932,0.08052366279458682,0.19823200536172775,0.21228059360818152,WAR2,0.12675440203648317,0.09539706485713863,0.2506847759471568,0.09719404704624919,0.05007292747109275,0.08405692385159422,0.20693013707220123,0.088909721718084,ACQ2
485,USA,IRN,Nego,5.62,1.95,1,1,0.09737543060019076,0.1360897832848904,0.03417646959364936,0.12134901792049498,0.11992656205792289,0.08034598278208743,0.19779459523943485,0.21294215852132928,WAR2,0.12675440203648317,0.09539706485713863,0.2506847759471568,0.09719404704624919,0.05007292747109275,0.08405692385159422,0.20693013707220123,0.088909721718084,ACQ2
485,USA,IRN,Nego,5.62,1.96,1,1,0.09648804502364086,0.13496021836071884,0.03341902411734124,0.123766474893791,0.12028318561842162,0.08016315604258464,0.19734451497796138,0.21357538096554043,WAR2,0.12675440203648317,0.09539706485713863,0.2506847759471568,0.09719404704624919,0.05007292747109275,0.08405692385159422,0.20693013707220123,0.088909721718084,ACQ2
485,USA,IRN,Nego,5.62,1.97,1,1,0.09561030067701687,0.13380578047575123,0.032703700523672,0.12621977869212755,0.1206241903962652,0.07997472947316268,0.1968806491350075,0.21418087062699698,WAR2,0.12675440203648317,0.09539706485713863,0.2506847759471568,0.09719404704624919,0.05007292747109275,0.08405692385159422,0.20693013707220123,0.088909721718084,ACQ2
485,USA,IRN,Nego,5.62,1.98,1,1,0.09474356548798638,0.13262823002553045,0.03202892483517725,0.12870789654362924,0.12094993835262104,0.07978026219299489,0.196401912356438,0.21475927020562266,WAR2,0.12675440203648317,0.09539706485713863,0.2506847759471568,0.09719404704624919,0.05007292747109275,0.08405692385159422,0.20693013707220123,0.088909721718084,ACQ2
485,USA,IRN,Nego,5.62,1.99,1,1,0.09388912629284876,0.13142930172995815,0.03139316655318817,0.13122976451780224,0.12126080858243829,0.07957932686635308,0.19590725263324785,0.21531125282416333,WAR2,0.12675440203648317,0.09539706485713863,0.2506847759471568,0.09719404704624919,0.05007292747109275,0.08405692385159422,0.20693013707220123,0.088909721718084,ACQ2
485,USA,IRN,Nego,5.63,1.5,1,1,0.11744152209961436,0.1396038671073565,0.132022641558281,0.058217003920925124,0.08823427087884055,0.08891697443981876,0.2188945403398574,0.15666917965530638,WAR1,0.12675440203648317,0.09539706485713863,0.2506847759471568,0.09719404704624919,0.05007292747109275,0.08405692385159422,0.20693013707220123,0.088909721718084,ACQ2
485,USA,IRN,Nego,5.63,1.51,1,1,0.11784870874255753,0.14064354469807921,0.12821442647713208,0.05879229116058052,0.08919136173418916,0.08866553132270881,0.21827554125798176,0.15836859460677083,WAR1,0.12675440203648317,0.09539706485713863,0.2506847759471568,0.09719404704624919,0.05007292747109275,0.08405692385159422,0.20693013707220123,0.088909721718084,ACQ2
485,USA,IRN,Nego,5.63,1.52,1,1,0.11821036490177914,0.1416431521749079,0.12446651889771664,0.05939704045445281,0.09014639812556868,0.08841453116234914,0.2176576326407205,0.16006436164250515,WAR1,0.12675440203648317,0.09539706485713863,0.2506847759471568,0.09719404704624919,0.05007292747109275,0.08405692385159422,0.20693013707220123,0.088909721718084,ACQ2
485,USA,IRN,Nego,5.63,1.53,1,1,0.11852539876111888,0.14260064175195458,0.1207816585353253,0.06003245405525211,0.0910985661355542,0.08816439476670551,0.21704185042712598,0.16175503556696352,WAR1,0.12675440203648317,0.09539706485713863,0.2506847759471568,0.09719404704624919,0.05007292747109275,0.08405692385159422,0.20693013707220123,0.088909721718084,ACQ2
485,USA,IRN,Nego,5.63,1.54,1,1,0.11879285118984105,0.1435140354733096,0.11716243157976189,0.06069972505423253,0.09204704935514559,0.08791553343627125,0.21642920715089037,0.16343916676054765,WAR1,0.12675440203648317,0.09539706485713863,0.2506847759471568,0.09719404704624919,0.05007292747109275,0.08405692385159422,0.20693013707220123,0.088909721718084,ACQ2
485,USA,IRN,Nego,5.63,1.55,1,1,0.11901190348387346,0.14438143487205832,0.1136112612484039,0.06140003248273916,0.09299103156531559,0.08766834593159217,0.21582068447504169,0.16511530594097584,WAR1,0.12675440203648317,0.09539706485713863,0.2506847759471568,0.09719404704624919,0.05007292747109275,0.08405692385159422,0.20693013707220123,0.088909721718084,ACQ2
485,USA,IRN,Nego,5.63,1.56,1,1,0.11918188427807036,0.1452010303087118,0.11013039926650724,0.06213453639050292,0.09392969945706255,0.08742321548085522,0.21521722582526853,0.16678200899302137,WAR1,0.12675440203648317,0.09539706485713863,0.2506847759471568,0.09719404704624919,0.05007292747109275,0.08405692385159422,0.20693013707220123,0.088909721718084,ACQ2
485,USA,IRN,Nego,5.63,1.57,1,1,0.11930227553948955,0.14597110990011816,0.10672191835915282,0.06290437294245141,0.0948622453699439,0.0871805068588443,0.21461972919893474,0.1684378418310651,WAR1,0.12675440203648317,0.09539706485713863,0.2506847759471568,0.09719404704624919,0.05007292747109275,0.08405692385159422,0.20693013707220123,0.088909721718084,ACQ2
485,USA,IRN,Nego,5.63,1.58,1,1,0.11937271756135284,0.14669006795352374,0.10338770582768275,0.06371064957611595,0.0957878700287984,0.08694056356818539,0.21402904022590896,0.1700813852584323,WAR1,0.12675440203648317,0.09539706485713863,0.2506847759471568,0.09719404704624919,0.05007292747109275,0.08405692385159422,0.20693013707220123,0.088909721718084,ACQ2
485,USA,IRN,Nego,5.63,1.59,1,1,0.11939301288858799,0.14735641282541354,0.10012945827065961,0.06455444026138835,0.09670578525838393,0.08670370515291204,0.21344594555513857,0.171711239787516,WAR1,0.12675440203648317,0.09539706485713863,0.2506847759471568,0.09719404704624919,0.05007292747109275,0.08405692385159422,0.20693013707220123,0.088909721718084,ACQ2
485,USA,IRN,Nego,5.63,1.6,1,1,0.11936312911843365,0.14796877413096596,0.09694867749557015,0.06543678090340954,0.09761521665595208,0.0864702246729887,0.21287116663746702,0.17332603038521277,WAR1,0.12675440203648317,0.09539706485713863,0.2506847759471568,0.09719404704624919,0.05007292747109275,0.08405692385159422,0.20693013707220123,0.088909721718084,ACQ2
485,USA,IRN,Nego,5.63,1.61,1,1,0.11928320053328592,0.14852590923729436,0.09384666765295065,0.06635866492777656,0.09851540620234289,0.08624038636656073,0.2123053539705944,0.1749244111091946,WAR1,0.12675440203648317,0.09539706485713863,0.2506847759471568,0.09719404704624919,0.05007292747109275,0.08405692385159422,0.20693013707220123,0.088909721718084,ACQ2
485,USA,IRN,Nego,5.63,1.62,1,1,0.11915352853753537,0.14902670898196768,0.09082453360963419,0.06732103908506763,0.0994056147929989,0.08601442352439688,0.21174908186641006,0.17650506960198925,WAR1,0.12675440203648317,0.09539706485713863,0.2506847759471568,0.09719404704624919,0.05007292747109275,0.08405692385159422,0.20693013707220123,0.088909721718084,ACQ2
485,USA,IRN,Nego,5.63,1.63,1,1,0.11897458088528523,0.1494702025674337,0.08788318056271732,0.06832479950894246,0.10028512467134325,0.08579253659829279,0.21120284379428744,0.17806673141169754,WAR1,0.12675440203648317,0.09539706485713863,0.2506847759471568,0.09719404704624919,0.05007292747109275,0.08405692385159422,0.20693013707220123,0.088909721718084,ACQ2
485,USA,IRN,Nego,5.63,1.64,1,1,0.11874698970127365,0.149855561591725,0.08502331488090475,0.06937078805883665,0.10115324174821275,0.08557489156217768,0.21066704834647992,0.1796081641103898,WAR1,0.12675440203648317,0.09539706485713863,0.2506847759471568,0.09719404704624919,0.05007292747109275,0.08405692385159422,0.20693013707220123,0.088909721718084,ACQ2
485,USA,IRN,Nego,5.63,1.65,1,1,0.11847154831273841,0.15018210318602637,0.08224544614541918,0.07045978897459364,0.10200929779246433,0.08536161854136713,0.21014201586363476,0.18112818118375612,WAR1,0.12675440203648317,0.09539706485713863,0.2506847759471568,0.09719404704624919,0.05007292747109275,0.08405692385159422,0.20693013707220123,0.088909721718084,ACQ2
485,USA,IRN,Nego,5.63,1.66,1,1,0.1181492069250715,0.15044929224011755,0.07954989034891649,0.07159252586633902,0.10285265247944082,0.08515281072190817,0.20962797574983433,0.18262564566837222,WAR1,0.12675440203648317,0.09539706485713863,0.2506847759471568,0.09719404704624919,0.05007292747109275,0.08405692385159422,0.20693013707220123,0.088909721718084,ACQ2
485,USA,IRN,Nego,5.63,1.67,1,1,0.11778106718861509,0.15065674270718588,0.07693677419808037,0.07276965905856823,0.10368269528566144,0.08494852354833236,0.20912506449763613,0.18409947351592065,WAR1,0.12675440203648317,0.09539706485713863,0.2506847759471568,0.09719404704624919,0.05007292747109275,0.08405692385159422,0.20693013707220123,0.088909721718084,ACQ2
485,USA,IRN,Nego,5.63,1.68,1,1,0.11736837571759735,0.15080421798986032,0.07440604045398867,0.07399178330287724,0.10449884721986798,0.0847487742144491,0.20863332443451504,0.18554863666684446,WAR1,0.12675440203648317,0.09539706485713863,0.2506847759471568,0.09719404704624919,0.05007292747109275,0.08405692385159422,0.20693013707220123,0.088909721718084,ACQ2
485,USA,IRN,Nego,5.63,1.69,1,1,0.11691251663474923,0.150891630419355,0.07195745423412693,0.07525942586908571,0.10530056238236289,0.08455354144813802,0.2081527031930684,0.18697216581911413,WAR1,0.12675440203648317,0.09539706485713863,0.2506847759471568,0.09719404704624919,0.05007292747109275,0.08405692385159422,0.20693013707220123,0.088909721718084,ACQ2
485,USA,IRN,Nego,5.63,1.7,1,1,0.1164150032263602,0.15091903984919688,0.0695906101912016,0.07657304501977187,0.10608732934640865,0.08436276558750841,0.20768305389850406,0.1883691528810484,WAR1,0.12675440203648317,0.09539706485713863,0.2506847759471568,0.09719404704624919,0.05007292747109275,0.08405692385159422,0.20693013707220123,0.088909721718084,ACQ2
485,USA,IRN,Nego,5.63,1.71,1,1,0.1158774688022642,0.15088665139400023,0.06730494047677964,0.07793302886852876,0.10685867235727807,0.08417634894234768,0.20722413605844903,0.18973875310035215,WAR1,0.12675440203648317,0.09539706485713863,0.2506847759471568,0.09719404704624919,0.05007292747109275,0.08405692385159422,0.20693013707220123,0.088909721718084,ACQ2
485,USA,IRN,Nego,5.63,1.72,1,1,0.11530165686333979,0.15079481235202147,0.06509972339229385,0.07933969461763872,0.10761415234633334,0.08399415643153277,0.20677561713211964,0.19108018686472034,WAR1,0.12675440203648317,0.09539706485713863,0.2506847759471568,0.09719404704624919,0.05007292747109275,0.08405692385159422,0.20693013707220123,0.088909721718084,ACQ2
485,USA,IRN,Nego,5.63,1.73,1,1,0.11468941068547057,0.15064400835770603,0.0629740926261306,0.08079328816642131,0.10835336775924201,0.08381601648408385,0.20633707474852356,0.19239274117242228,WAR1,0.12675440203648317,0.09539706485713863,0.2506847759471568,0.09719404704624919,0.05007292747109275,0.08405692385159422,0.20693013707220123,0.088909721718084,ACQ2
485,USA,IRN,Nego,5.63,1.74,1,1,0.11404266243347407,0.15043485881702448,0.06092704697332391,0.08229398407730033,0.10907595519909984,0.0836417221888373,0.20590799953670694,0.19367577077423312,WAR1,0.12675440203648317,0.09539706485713863,0.2506847759471568,0.09719404704624919,0.05007292747109275,0.08405692385159422,0.20693013707220123,0.088909721718084,ACQ2
485,USA,IRN,Nego,5.63,1.75,1,1,0.11336342192126216,0.15016811168406602,0.05895746043377237,0.08384188588272085,0.10978158988678782,0.08347103267533494,0.20548779852520918,0.19492869899084656,WAR1,0.12675440203648317,0.09539706485713863,0.2506847759471568,0.09719404704624919,0.05007292747109275,0.08405692385159422,0.20693013707220123,0.088909721718084,ACQ2
485,USA,IRN,Nego,5.63,1.76,1,1,0.11265376513543261,0.1498446376420484,0.0570640925857781,0.08543702671248693,0.11046998594235427,0.08330367470650385,0.20507579906289863,0.19615101821249734,WAR1,0.12675440203648317,0.09539706485713863,0.2506847759471568,0.09719404704624919,0.05007292747109275,0.08405692385159422,0.20693013707220123,0.088909721718084,ACQ2
485,USA,IRN,Nego,5.63,1.77,1,1,0.11191582263868922,0.14946542375563393,0.05524559913398177,0.08707937021792735,0.11114089649254628,0.08313934446204144,0.20467125320928461,0.19734229008989515,WAR1,0.12675440203648317,0.09539706485713863,0.2506847759471568,0.09719404704624919,0.05007292747109275,0.08405692385159422,0.20693013707220123,0.088909721718084,ACQ2
485,USA,IRN,Nego,5.63,1.78,1,1,0.11115176796701126,0.14903156666417589,0.05350054253429807,0.08876881176657848,0.11179411361082722,0.08297770949014113,0.20427334253924814,0.19850214542771977,WAR1,0.12675440203648317,0.09539706485713863,0.2506847759471568,0.09719404704624919,0.05007292747109275,0.08405692385159422,0.20693013707220123,0.088909721718084,ACQ2
485,USA,IRN,Nego,5.63,1.79,1,1,0.11036380613044806,0.1485442653872959,0.051827402603105616,0.09050517987883257,0.11242946809728616,0.08281841080429217,0.20388118330491367,0.19963028379382597,WAR1,0.12675440203648317,0.09539706485713863,0.2506847759471568,0.09719404704624919,0.05007292747109275,0.08405692385159422,0.20693013707220123,0.088909721718084,ACQ2
485,USA,IRN,Nego,5.63,1.8,1,1,0.10955416232195937,0.14800481381503125,0.05022458702356082,0.09228823787627032,0.11304682910677329,0.08266106510135891,0.20349383189608522,0.20072647285896084,WAR1,0.12675440203648317,0.09539706485713863,0.2506847759471568,0.09719404704624919,0.05007292747109275,0.08405692385159422,0.20693013707220123,0.088909721718084,ACQ2
485,USA,IRN,Nego,5.63,1.81,1,1,0.10872507093198543,0.14741459295472079,0.048690441668326055,0.09411768571018808,0.11364610363437704,0.08250526707697624,0.20311029054025348,0.2017905474831726,WAR1,0.12675440203648317,0.09539706485713863,0.2506847759471568,0.09719404704624919,0.05007292747109275,0.08405692385159422,0.20693013707220123,0.088909721718084,ACQ2
485,USA,IRN,Nego,5.63,1.82,1,1,0.10787876495860428,0.14677506300587492,0.04722326066507406,0.0959931619381657,0.11422723586798428,0.08235059181447164,0.2027295131836104,0.20282240856621492,WAR2,0.12675440203648317,0.09539706485713863,0.2506847759471568,0.09719404704624919,0.05007292747109275,0.08405692385159422,0.20693013707220123,0.088909721718084,ACQ2
485,USA,IRN,Nego,5.63,1.83,1,1,0.10701746589439175,0.1460877553325449,0.04582129613869005,0.09791424581639543,0.11479020641814398,0.08219659722401969,0.20235041149572502,0.20382202168008923,WAR2,0.12675440203648317,0.09539706485713863,0.2506847759471568,0.09719404704624919,0.05007292747109275,0.08405692385159422,0.20693013707220123,0.088909721718084,ACQ2
485,USA,IRN,Nego,5.63,1.84,1,1,0.10614337416164042,0.14535426440024396,0.04448276757198836,0.09988045947590467,0.11533503143578219,0.08204282650951951,0.20197186094246664,0.2047894155024542,WAR2,0.12675440203648317,0.09539706485713863,0.2506847759471568,0.09719404704624919,0.05007292747109275,0.08405692385159422,0.20693013707220123,0.088909721718084,ACQ2
485,USA,IRN,Nego,5.63,1.85,1,1,0.10525866015760711,0.1445762397413237,0.04320587073484572,0.10189127015172927,0.11586176162848734,0.08188881064173109,0.2015927068743375,0.20572468006993844,WAR2,0.12675440203648317,0.09539706485713863,0.2506847759471568,0.09719404704624919,0.05007292747109275,0.08405692385159422,0.20693013707220123,0.088909721718084,ACQ2
485,USA,IRN,Nego,5.63,1.86,1,1,0.10436545596114136,0.14375537800897892,0.041988786139785766,0.10394609243551624,0.11637048118612645,0.0817340708174813,0.20121177058051026,0.20662796487045973,WAR2,0.12675440203648317,0.09539706485713863,0.2506847759471568,0.09719404704624919,0.05007292747109275,0.08405692385159422,0.20693013707220123,0.088909721718084,ACQ2
485,USA,IRN,Nego,5.63,1.87,1,1,0.10346584774159398,0.14289341517578902,0.040829686990107555,0.10604429052391415,0.11686130662644466,0.08157812088621283,0.2008278552624723,0.2074994767934653,WAR2,0.12675440203648317,0.09539706485713863,0.2506847759471568,0.09719404704624919,0.05007292747109275,0.08405692385159422,0.20693013707220123,0.088909721718084,ACQ2
485,USA,IRN,Nego,5.63,1.88,1,1,0.10256186890048752,0.14199211892801247,0.03972674659451026,0.10818518043739564,0.1173343855710714,0.08142046972676618,0.2004397518851529,0.20833947795660343,WAR2,0.12675440203648317,0.09539706485713863,0.2506847759471568,0.09719404704624919,0.05007292747109275,0.08405692385159422,0.20693013707220123,0.088909721718084,ACQ2
485,USA,IRN,Nego,5.63,1.89,1,1,0.10165549396622761,0.14105328130180417,0.038678145229733445,0.11036803218681165,0.1177898954620093,0.0812606235590176,0.20004624486768122,0.20914828342671501,WAR2,0.12675440203648317,0.09539706485713863,0.2506847759471568,0.09719404704624919,0.05007292747109275,0.08405692385159422,0.20693013707220123,0.088909721718084,ACQ2
485,USA,IRN,Nego,5.63,1.9,1,1,0.10074863325230038,0.14007871160221552,0.037682076439908715,0.11259207186793226,0.1182280422282292,0.08109808817680604,0.19964611758037404,0.20992625885223368,WAR2,0.12675440203648317,0.09539706485713863,0.2506847759471568,0.09719404704624919,0.05007292747109275,0.08405692385159422,0.20693013707220123,0.088909721718084,ACQ2
485,USA,IRN,Nego,5.63,1.91,1,1,0.09984312828006486,0.13907022964035184,0.036736752768034044,0.11485648366742492,0.11864905891145455,0.08093237109043405,0.19923815761911381,0.2106738180231219,WAR2,0.12675440203648317,0.09539706485713863,0.2506847759471568,0.09719404704624919,0.05007292747109275,0.08405692385159422,0.20693013707220123,0.088909721718084,ACQ2
485,USA,IRN,Nego,5.63,1.92,1,1,0.0989407479585453,0.13802965931848807,0.03584041092117489,0.11716041176708672,0.11905320425960005,0.08076298356888387,0.1988211618328465,0.21139142037337433,WAR2,0.12675440203648317,0.09539706485713863,0.2506847759471568,0.09719404704624919,0.05007292747109275,0.08405692385159422,0.20693013707220123,0.088909721718084,ACQ2
485,USA,IRN,Nego,5.63,1.93,1,1,0.09804318550564085,0.1369588225873595,0.034991316376618786,0.1195029621366206,0.11944076129566003,0.08058944257372408,0.1983939410844467,0.21207956843992937,WAR2,0.12675440203648317,0.09539706485713863,0.2506847759471568,0.09719404704624919,0.05007292747109275,0.08405692385159422,0.20693013707220123,0.088909721718084,ACQ2
485,USA,IRN,Nego,5.63,1.94,1,1,0.09715205608798612,0.1358595337943409,0.034187767441229644,0.1218832042087454,0.11981203586912557,0.08041127257845612,0.19795532472955796,0.21273880529055836,WAR2,0.12675440203648317,0.09539706485713863,0.2506847759471568,0.09719404704624919,0.05007292747109275,0.08405692385159422,0.20693013707220123,0.088909721718084,ACQ2
485,USA,IRN,Nego,5.63,1.95,1,1,0.09626889515036577,0.13473359443586982,0.03342809878064623,0.12430017243389437,0.1201673551962765,0.08022800726874603,0.19750416480219926,0.21336971193200213,WAR2,0.12675440203648317,0.09539706485713863,0.2506847759471568,0.09719404704624919,0.05007292747109275,0.08405692385159422,0.20693013707220123,0.088909721718084,ACQ2
485,USA,IRN,Nego,5.63,1.96,1,1,0.09539515740014805,0.13358278832232776,0.03271068443873981,0.12675286771511832,0.12050706639495308,0.08003919112057514,0.19703933989983388,0.21397290470830402,WAR2,0.12675440203648317,0.09539706485713863,0.2506847759471568,0.09719404704624919,0.05007292747109275,0.08405692385159422,0.20693013707220123,0.088909721718084,ACQ2
485,USA,IRN,Nego,5.63,1.97,1,1,0.09453221640767127,0.1324088771587319,0.032033940370892154,0.12924025872699774,0.12083153501868253,0.0798443808548119,0.19655975876421397,0.2145490326979985,WAR2,0.12675440203648317,0.09539706485713863,0.2506847759471568,0.09719404704624919,0.05007292747109275,0.08405692385159422,0.20693013707220123,0.088909721718084,ACQ2
485,USA,IRN,Nego,5.63,1.98,1,1,0.09368136477988184,0.1312135965400569,0.03139632651719552,0.1317612831253394,0.1211411435943339,0.07964314676803837,0.19606436355758988,0.21509877511756414,WAR2,0.12675440203648317,0.09539706485713863,0.2506847759471568,0.09719404704624919,0.05007292747109275,0.08405692385159422,0.20693013707220123,0.088909721718084,ACQ2
485,USA,IRN,Nego,5.63,1.99,1,1,0.0928438148617756,0.12999865235584654,0.030796348443632347,0.13431484865711898,0.12143629016681483,0.07943507394064644,0.19555213283678427,0.21562283873738097,WAR2,0.12675440203648317,0.09539706485713863,0.2506847759471568,0.09719404704624919,0.05007292747109275,0.08405692385159422,0.20693013707220123,0.088909721718084,ACQ2
485,USA,IRN,Nego,5.64,1.5,1,1,0.11723845596197525,0.14019957104424524,0.12859729717130297,0.05924788609700442,0.08908933381437766,0.08880966212878091,0.2186303604220697,0.1581874333602439,WAR1,0.12675440203648317,0.09539706485713863,0.2506847759471568,0.09719404704624919,0.05007292747109275,0.08405692385159422,0.20693013707220123,0.088909721718084,ACQ2
485,USA,IRN,Nego,5.64,1.51,1,1,0.11761125222592089,0.1412051166038527,0.12483461053035504,0.059856021686813345,0.09004534372379713,0.08855623907928352,0.21800648717086282,0.15988492897911472,WAR1,0.12675440203648317,0.09539706485713863,0.2506847759471568,0.09719404704624919,0.05007292747109275,0.08405692385159422,0.20693013707220123,0.088909721718084,ACQ2
485,USA,IRN,Nego,5.64,1.52,1,1,0.11793759494903713,0.1421686230462768,0.12113503358161394,0.060494753094206606,0.09099846183886101,0.08830362879701714,0.21738461477844073,0.16157728991454665,WAR1,0.12675440203648317,0.09539706485713863,0.2506847759471568,0.09719404704624919,0.05007292747109275,0.08405692385159422,0.20693013707220123,0.088909721718084,ACQ2
485,USA,IRN,Nego,5.64,1.53,1,1,0.11821649900465493,0.1430880937563749,0.11750118747690633,0.06116527387641486,0.0919478656249465,0.08805225015933753,0.21676577443110764,0.16326305567025734,WAR1,0.12675440203648317,0.09539706485713863,0.2506847759471568,0.09719404704624919,0.05007292747109275,0.08405692385159422,0.20693013707220123,0.088909721718084,ACQ2
485,USA,IRN,Nego,5.64,1.54,1,1,0.11844711946915319,0.14396161188126846,0.11393552944269862,0.06186876353749036,0.09289273283943864,0.08780250968082705,0.21615096688066843,0.16494076626845508,WAR1,0.12675440203648317,0.09539706485713863,0.2506847759471568,0.09719404704624919,0.05007292747109275,0.08405692385159422,0.20693013707220123,0.088909721718084,ACQ2
485,USA,IRN,Nego,5.64,1.55,1,1,0.1186287587067356,0.14478734983039637,0.1104403440245517,0.0626063825659519,0.09383224430284345,0.0875547984632959,0.2155411549359851,0.16660896717023965,WAR1,0.12675440203648317,0.09539706485713863,0.2506847759471568,0.09719404704624919,0.05007292747109275,0.08405692385159422,0.20693013707220123,0.088909721718084,ACQ2
485,USA,IRN,Nego,5.64,1.56,1,1,0.11876087253340636,0.14556357836148065,0.10701773535565545,0.06337926749159578,0.09476558668777418,0.08730948921569848,0.21493725612664932,0.16826621422773974,WAR1,0.12675440203648317,0.09539706485713863,0.2506847759471568,0.09719404704624919,0.05007292747109275,0.08405692385159422,0.20693013707220123,0.088909721718084,ACQ2
485,USA,IRN,Nego,5.64,1.57,1,1,0.1188430753774557,0.14628867516453387,0.10366962052543938,0.06418852600445193,0.09569195530478428,0.0870669333757254,0.21434013561695858,0.16991107863065058,WAR1,0.12675440203648317,0.09539706485713863,0.2506847759471568,0.09719404704624919,0.05007292747109275,0.08405692385159422,0.20693013707220123,0.088909721718084,ACQ2
485,USA,IRN,Nego,5.64,1.58,1,1,0.11887514436508721,0.14696113286108073,0.10039772411119675,0.06503523217852247,0.09661055686404209,0.08682745836395891,0.2137505994462358,0.17154215180987617,WAR1,0.12675440203648317,0.09539706485713863,0.2506847759471568,0.09719404704624919,0.05007292747109275,0.08405692385159422,0.20693013707220123,0.088909721718084,ACQ2
485,USA,IRN,Nego,5.64,1.59,1,1,0.11885702227254175,0.1475795663421182,0.09720357392151256,0.06592042184193583,0.09752061219216072,0.08659136500008618,0.21316938816809924,0.1731580502615455,WAR1,0.12675440203648317,0.09539706485713863,0.2506847759471568,0.09719404704624919,0.05007292747109275,0.08405692385159422,0.20693013707220123,0.088909721718084,ACQ2
485,USA,IRN,Nego,5.64,1.6,1,1,0.11878881929997595,0.14814271937588902,0.09408849798536927,0.06684508813349273,0.09842135888409957,0.0863589251087797,0.2125971709566531,0.17475742025574048,WAR1,0.12675440203648317,0.09539706485713863,0.2506847759471568,0.09719404704624919,0.05007292747109275,0.08405692385159422,0.20693013707220123,0.088909721718084,ACQ2
485,USA,IRN,Nego,5.64,1.61,1,1,0.1186708136371529,0.14864947042511692,0.09105362280538476,0.06781017728330581,0.09931205387092185,0.08613037934050802,0.21203454024179097,0.1763389423958186,WAR1,0.12675440203648317,0.09539706485713863,0.2506847759471568,0.09719404704624919,0.05007292747109275,0.08405692385159422,0.20693013707220123,0.088909721718084,ACQ2
485,USA,IRN,Nego,5.64,1.62,1,1,0.1185034508064267,0.14909883762279325,0.08809987287806706,0.06881658465238885,0.10019197588530969,0.08590593522978938,0.21148200692903202,0.17790133599619287,WAR1,0.12675440203648317,0.09539706485713863,0.2506847759471568,0.09719404704624919,0.05007292747109275,0.08405692385159422,0.20693013707220123,0.088909721718084,ACQ2
485,USA,IRN,Nego,5.64,1.63,1,1,0.11828734178423832,0.1494899828657125,0.08522797146853281,0.06986515106268323,0.10106042780806854,0.08568576551029736,0.2109399962516716,0.1794433632487956,WAR1,0.12675440203648317,0.09539706485713863,0.2506847759471568,0.09719404704624919,0.05007292747109275,0.08405692385159422,0.20693013707220123,0.088909721718084,ACQ2
485,USA,IRN,Nego,5.64,1.64,1,1,0.11802325991808049,0.14982221499552265,0.08243844261215333,0.07095665944519658,0.10191673888037191,0.08547000670283861,0.21040884429468576,0.18096383315115072,WAR1,0.12675440203648317,0.09539706485713863,0.2506847759471568,0.09719404704624919,0.05007292747109275,0.08405692385159422,0.20693013707220123,0.088909721718084,ACQ2
485,USA,IRN,Nego,5.64,1.65,1,1,0.11771213667132802,0.15009499204789006,0.0797316143013427,0.0720918318297318,0.10276026676816753,0.08525875798862594,0.20988879522097081,0.1824616051719428,WAR1,0.12675440203648317,0.09539706485713863,0.2506847759471568,0.09719404704624919,0.05007292747109275,0.08405692385159422,0.20693013707220123,0.088909721718084,ACQ2
485,USA,IRN,Nego,5.64,1.66,1,1,0.11735505624316749,0.15030792256126912,0.07710762280244055,0.0732713266951984,0.10359039946695667,0.08505208037652749,0.20937999922128853,0.18393559263315182,WAR1,0.12675440203648317,0.09539706485713863,0.2506847759471568,0.09719404704624919,0.05007292747109275,0.08405692385159422,0.20693013707220123,0.088909721718084,ACQ2
485,USA,IRN,Nego,5.64,1.67,1,1,0.1169532491248285,0.15046076594750782,0.07456641803560411,0.07449573669478878,0.1044065570370275,0.08484999616917098,0.20888251119993007,0.18538476579114213,WAR1,0.12675440203648317,0.09539706485713863,0.2506847759471568,0.09719404704624919,0.05007292747109275,0.08405692385159422,0.20693013707220123,0.088909721718084,ACQ2
485,USA,IRN,Nego,5.64,1.68,1,1,0.11650808466615482,0.15055343193696025,0.07210776993998434,0.07576558676547455,0.1052081931611471,0.08465248872899298,0.20839629019877887,0.18680815460250705,WAR1,0.12675440203648317,0.09539706485713863,0.2506847759471568,0.09719404704624919,0.05007292747109275,0.08405692385159422,0.20693013707220123,0.088909721718084,ACQ2
485,USA,IRN,Nego,5.64,1.69,1,1,0.11602106273804658,0.15058597912070534,0.0697312757373715,0.07708133262639277,0.10599479651864967,0.08445950254161035,0.2079211995533177,0.18820485116390628,WAR1,0.12675440203648317,0.09539706485713863,0.2506847759471568,0.09719404704624919,0.05007292747109275,0.08405692385159422,0.20693013707220123,0.088909721718084,ACQ2
485,USA,IRN,Nego,5.64,1.7,1,1,0.11549380458626966,0.15055861262179113,0.06743636800006107,0.07844335966585367,0.1067658919717826,0.08427094357033242,0.20745700776536202,0.1895740118185476,WAR1,0.12675440203648317,0.09539706485713863,0.2506847759471568,0.09719404704624919,0.05007292747109275,0.08405692385159422,0.20693013707220123,0.088909721718084,ACQ2
485,USA,IRN,Nego,5.64,1.71,1,1,0.11492804298041505,0.15047168093597002,0.06522232342296293,0.07985198221197368,0.10752104156204982,0.0840866798922805,0.20700339006904905,0.1909148589252988,WAR1,0.12675440203648317,0.09539706485713863,0.2506847759471568,0.09719404704624919,0.05007292747109275,0.08405692385159422,0.20693013707220123,0.088909721718084,ACQ2
485,USA,IRN,Nego,5.64,1.72,1,1,0.11432561176830172,0.1503256719900921,0.06308827219597776,0.08130744317739969,0.108259845316106,0.08390654260348679,0.2065599306589984,0.1922266822896375,WAR1,0.12675440203648317,0.09539706485713863,0.2506847759471568,0.09719404704624919,0.05007292747109275,0.08405692385159422,0.20693013707220123,0.088909721718084,ACQ2
485,USA,IRN,Nego,5.64,1.73,1,1,0.11368843495078607,0.150121208473088,0.06103320787037323,0.08280991406431225,0.10898194186247685,0.08373032697756125,0.20612612554270116,0.1935088402587013,WAR1,0.12675440203648317,0.09539706485713863,0.2506847759471568,0.09719404704624919,0.05007292747109275,0.08405692385159422,0.20693013707220123,0.088909721718084,ACQ2
485,USA,IRN,Nego,5.64,1.74,1,1,0.11301851539474504,0.14985904250024729,0.05905599761224883,0.08435949531193869,0.1096870088620007,0.08355779386006579,0.20570138597317006,0.19476076048558358,WAR1,0.12675440203648317,0.09539706485713863,0.2506847759471568,0.09719404704624919,0.05007292747109275,0.08405692385159422,0.20693013707220123,0.088909721718084,ACQ2
485,USA,IRN,Nego,5.64,1.75,1,1,0.11231792330296003,0.1495400496762538,0.05715539273709778,0.08595621696522804,0.11037476325637884,0.08338867127865651,0.20528504241276557,0.19598194037065936,WAR1,0.12675440203648317,0.09539706485713863,0.2506847759471568,0.09719404704624919,0.05007292747109275,0.08405692385159422,0.20693013707220123,0.088909721718084,ACQ2
485,USA,IRN,Nego,5.64,1.76,1,1,0.11158878455879033,0.14916522262615653,0.05533003942183868,0.08760003964018212,0.11104496134058503,0.08322265624735846,0.20487634897493281,0.19717194719015607,WAR1,0.12675440203648317,0.09539706485713863,0.2506847759471568,0.09719404704624919,0.05007292747109275,0.08405692385159422,0.20693013707220123,0.088909721718084,ACQ2
485,USA,IRN,Nego,5.64,1.77,1,1,0.11083326906098734,0.14873566406613384,0.05357848949437092,0.08929085575865947,0.11169739866609704,0.08305941674203501,0.2044744882873848,0.19833041792433176,WAR1,0.12675440203648317,0.09539706485713863,0.2506847759471568,0.09719404704624919,0.05007292747109275,0.08405692385159422,0.20693013707220123,0.088909721718084,ACQ2
485,USA,IRN,Nego,5.64,1.78,1,1,0.11005357915986443,0.14825257948758128,0.0518992112055499,0.09102849102327706,0.11233190978298058,0.08289859382320545,0.2040785767180236,0.19945705879951747,WAR1,0.12675440203648317,0.09539706485713863,0.2506847759471568,0.09719404704624919,0.05007292747109275,0.08405692385159422,0.20693013707220123,0.088909721718084,ACQ2
485,USA,IRN,Nego,5.64,1.79,1,1,0.10925193830045536,0.14771726952873224,0.05029059989432302,0.0928127061013857,0.11294836782975981,0.08273980388184192,0.20368766990361228,0.20055164455988983,WAR1,0.12675440203648317,0.09539706485713863,0.2506847759471568,0.09719404704624919,0.05007292747109275,0.08405692385159422,0.20693013707220123,0.088909721718084,ACQ2
485,USA,IRN,Nego,5.64,1.8,1,1,0.10843057997142727,0.1471311221077628,0.04875098846344733,0.0946431984859766,0.11354668398075413,0.08258264098363034,0.20330076852084214,0.20161401748615929,WAR1,0.12675440203648317,0.09539706485713863,0.2506847759471568,0.09719404704624919,0.05007292747109275,0.08405692385159422,0.20693013707220123,0.088909721718084,ACQ2
485,USA,IRN,Nego,5.64,1.81,1,1,0.10759173705053184,0.14649560439019668,0.047278657590556425,0.09651960450082112,0.11412680676115008,0.08242667928738452,0.2029168242399506,0.2026440861794088,WAR1,0.12675440203648317,0.09539706485713863,0.2506847759471568,0.09719404704624919,0.05007292747109275,0.08405692385159422,0.20693013707220123,0.088909721718084,ACQ2
485,USA,IRN,Nego,5.64,1.82,1,1,0.10673763162848739,0.14581225466145106,0.045871845607188266,0.09844150141713016,0.11468872124049534,0.08227147551383632,0.20253474580235323,0.20364182412905804,WAR2,0.12675440203648317,0.09539706485713863,0.2506847759471568,0.09719404704624919,0.05007292747109275,0.08405692385159422,0.20693013707220123,0.088909721718084,ACQ2
485,USA,IRN,Nego,5.64,1.83,1,1,0.10587046538356672,0.14508267417265233,0.04452875798656716,0.10040840964955212,0.11523244811557438,0.08211657144185996,0.20215340516581387,0.20460726808441349,WAR2,0.12675440203648317,0.09539706485713863,0.2506847759471568,0.09719404704624919,0.05007292747109275,0.08405692385159422,0.20693013707220123,0.088909721718084,ACQ2
485,USA,IRN,Nego,5.64,1.84,1,1,0.10499241056902912,0.1443085190244513,0.043247576389294516,0.10241979500037375,0.11575804269373538,0.08196149641028533,0.20177164366337205,0.20554051624945857,WAR2,0.12675440203648317,0.09539706485713863,0.2506847759471568,0.09719404704624919,0.05007292747109275,0.08405692385159422,0.20693013707220123,0.088909721718084,ACQ2
485,USA,IRN,Nego,5.64,1.85,1,1,0.10410560166508546,0.1434914921495792,0.0420264672245027,0.1044750709223247,0.11626559378770858,0.08180576980478485,0.2013882781255266,0.2064417263204878,WAR2,0.12675440203648317,0.09539706485713863,0.2506847759471568,0.09719404704624919,0.05007292747109275,0.08405692385159422,0.20693013707220123,0.088909721718084,ACQ2
485,USA,IRN,Nego,5.64,1.86,1,1,0.10321212773649349,0.1426333354503814,0.0408635896923258,0.10657360077237825,0.1167552225327851,0.08164890351083957,0.2010021069189117,0.2073111133858847,WAR2,0.12675440203648317,0.09539706485713863,0.2506847759471568,0.09719404704624919,0.05007292747109275,0.08405692385159422,0.20693013707220123,0.088909721718084,ACQ2
485,USA,IRN,Nego,5.64,1.87,1,1,0.10231402552636408,0.1417358221426475,0.03975710328162678,0.10871470003132663,0.11722708113693114,0.08149040431546159,0.20061191585882363,0.2081489477068185,WAR2,0.12675440203648317,0.09539706485713863,0.2506847759471568,0.09719404704624919,0.05007292747109275,0.08405692385159422,0.20693013707220123,0.088909721718084,ACQ2
485,USA,IRN,Nego,5.64,1.88,1,1,0.10141327330645554,0.14080074935180142,0.03870517470467866,0.11089763846666274,0.11768135157400302,0.08132977624213754,0.20021648395735087,0.20895555239691044,WAR2,0.12675440203648317,0.09539706485713863,0.2506847759471568,0.09719404704624919,0.05007292747109275,0.08405692385159422,0.20693013707220123,0.088909721718084,ACQ2
485,USA,IRN,Nego,5.64,1.89,1,1,0.10051178549431974,0.1398299310020183,0.037705984257844403,0.11312164221932668,0.11811824422971555,0.08116652280531912,0.19981458897344706,0.20973130101800905,WAR2,0.12675440203648317,0.09539706485713863,0.2506847759471568,0.09719404704624919,0.05007292747109275,0.08405692385159422,0.20693013707220123,0.088909721718084,ACQ2
485,USA,IRN,Nego,5.64,1.9,1,1,0.09961140803827673,0.13882519103319851,0.03675773160415423,0.11538589579814303,0.1185379965094264,0.08100014917268313,0.19940501273595163,0.21047661510816623,WAR2,0.12675440203648317,0.09539706485713863,0.2506847759471568,0.09719404704624919,0.05007292747109275,0.08405692385159422,0.20693013707220123,0.088909721718084,ACQ2
485,USA,IRN,Nego,5.64,1.91,1,1,0.09871391456243683,0.13778835697500916,0.0358586409799806,0.11768954396919382,0.1189408714161323,0.08083016422528354,0.19898654621524345,0.21119196165671997,WAR2,0.12675440203648317,0.09539706485713863,0.2506847759471568,0.09719404704624919,0.05007292747109275,0.08405692385159422,0.20693013707220123,0.088909721718084,ACQ2
485,USA,IRN,Nego,5.64,1.92,1,1,0.0978210032559801,0.13672125390153045,0.035006965833718845,0.12003169353088362,0.11932715610636124,0.08065608250758674,0.19855799432380902,0.21187785054012973,WAR2,0.12675440203648317,0.09539706485713863,0.2506847759471568,0.09719404704624919,0.05007292747109275,0.08405692385159422,0.20693013707220123,0.088909721718084,ACQ2
485,USA,IRN,Nego,5.64,1.93,1,1,0.09693429448369956,0.1356256987844453,0.034200992909458106,0.12241141496898003,0.11969716043089709,0.08047742606118533,0.1981181804304532,0.21253483193088143,WAR2,0.12675440203648317,0.09539706485713863,0.2506847759471568,0.09719404704624919,0.05007292747109275,0.08405692385159422,0.20693013707220123,0.088909721718084,ACQ2
485,USA,IRN,Nego,5.64,1.94,1,1,0.096055329088482,0.13450349525730965,0.033439045793060014,0.12482774398939542,0.12005121546651151,0.08029372613770612,0.19766595057711225,0.2131634936904229,WAR2,0.12675440203648317,0.09539706485713863,0.2506847759471568,0.09719404704624919,0.05007292747109275,0.08405692385159422,0.20693013707220123,0.088909721718084,ACQ2
485,USA,IRN,Nego,5.64,1.95,1,1,0.0951855673509674,0.13335642879825918,0.03271948794184789,0.12727968292983843,0.12038967204411541,0.08010452478803792,0.19720017739119125,0.21376445875574263,WAR2,0.12675440203648317,0.09539706485713863,0.2506847759471568,0.09719404704624919,0.05007292747109275,0.08405692385159422,0.20693013707220123,0.088909721718084,ACQ2
485,USA,IRN,Nego,5.64,1.96,1,1,0.09432638856710335,0.1321862623336418,0.03204072522225094,0.1297662020546499,0.1207128992779986,0.07990937632648266,0.19671976368999078,0.2143383825278818,WAR2,0.12675440203648317,0.09539706485713863,0.2506847759471568,0.09719404704624919,0.05007292747109275,0.08405692385159422,0.20693013707220123,0.088909721718084,ACQ2
485,USA,IRN,Nego,5.64,1.97,1,1,0.09347909120070222,0.13099473226053324,0.031401207982270564,0.13228624074009243,0.12102128310011871,0.07970784866977806,0.19622364577709472,0.2148859502694101,WAR2,0.12675440203648317,0.09539706485713863,0.2506847759471568,0.09719404704624919,0.05007292747109275,0.08405692385159422,0.20693013707220123,0.088909721718084,ACQ2
485,USA,IRN,Nego,5.64,1.98,1,1,0.09264489356537044,0.1297835448819588,0.030799432687561766,0.13483870856003036,0.12131522480273178,0.07949952455212546,0.1957107964335069,0.21540787451671434,WAR2,0.12675440203648317,0.09539706485713863,0.2506847759471568,0.09719404704624919,0.05007292747109275,0.08405692385159422,0.20693013707220123,0.088909721718084,ACQ2
485,USA,IRN,Nego,5.64,1.99,1,1,0.09182493498830252,0.12855437324492439,0.030233943151289834,0.13742248628428125,0.12159513959205606,0.0792840026183906,0.19518022760887857,0.21590489251187678,WAR2,0.12675440203648317,0.09539706485713863,0.2506847759471568,0.09719404704624919,0.05007292747109275,0.08405692385159422,0.20693013707220123,0.088909721718084,ACQ2
485,USA,IRN,Nego,5.65,1.5,1,1,0.11701871722575663,0.14076084348402848,0.12520651135195002,0.06031436537775708,0.08994254556566483,0.08869833067211691,0.21835628622886466,0.15970240009386127,WAR1,0.12675440203648317,0.09539706485713863,0.2506847759471568,0.09719404704624919,0.05007292747109275,0.08405692385159422,0.20693013707220123,0.088909721718084,ACQ2
485,USA,IRN,Nego,5.65,1.51,1,1,0.11735628031393636,0.1417302738486657,0.12149229976167389,0.06095638528874915,0.09089660861883034,0.08844328785227516,0.21772842545011048,0.16139643886575894,WAR1,0.12675440203648317,0.09539706485713863,0.2506847759471568,0.09719404704624919,0.05007292747109275,0.08405692385159422,0.20693013707220123,0.088909721718084,ACQ2
485,USA,IRN,Nego,5.65,1.52,1,1,0.11764655396149191,0.1426557395321769,0.1178439046182897,0.061630120017096904,0.09184693074330957,0.08818943118223423,0.21710348471802982,0.16308383522737102,WAR1,0.12675440203648317,0.09539706485713863,0.2506847759471568,0.09719404704624919,0.05007292747109275,0.08405692385159422,0.20693013707220123,0.088909721718084,ACQ2
485,USA,IRN,Nego,5.65,1.53,1,1,0.11788866701295853,0.14353530543263565,0.11426381730698891,0.06233674942045275,0.09279268368283454,0.08793717487783012,0.21648248374326395,0.16476311852303543,WAR1,0.12675440203648317,0.09539706485713863,0.2506847759471568,0.09719404704624919,0.05007292747109275,0.08405692385159422,0.20693013707220123,0.088909721718084,ACQ2
485,USA,IRN,Nego,5.65,1.54,1,1,0.1180818955022318,0.14436712608984778,0.11075435540368109,0.06307743433749227,0.09373304238388784,0.08768691787596297,0.21586640462298734,0.16643282378390917,WAR1,0.12675440203648317,0.09539706485713863,0.2506847759471568,0.09719404704624919,0.05007292747109275,0.08405692385159422,0.20693013707220123,0.088909721718084,ACQ2
485,USA,IRN,Nego,5.65,1.55,1,1,0.11822566898851411,0.14514945492804776,0.10731765471729184,0.06385331160580766,0.09466718783519107,0.08743904079566432,0.2152561843597069,0.16809149676977625,WAR1,0.12675440203648317,0.09539706485713863,0.2506847759471568,0.09719404704624919,0.05007292747109275,0.08405692385159422,0.20693013707220123,0.088909721718084,ACQ2
485,USA,IRN,Nego,5.65,1.56,1,1,0.11831957588516238,0.14588065299009081,0.10395566244714738,0.06466548914317843,0.09559430990282464,0.08719390300005773,0.21465270762843833,0.16973769900310043,WAR1,0.12675440203648317,0.09539706485713863,0.2506847759471568,0.09719404704624919,0.05007292747109275,0.08405692385159422,0.20693013707220123,0.088909721718084,ACQ2
485,USA,IRN,Nego,5.65,1.57,1,1,0.11836336770776497,0.1465591970778467,0.10067013152133374,0.0655150411357294,0.09651361013924074,0.08695183979095657,0.21405679987040677,0.17137001275672134,WAR1,0.12675440203648317,0.09539706485713863,0.2506847759471568,0.09719404704624919,0.05007292747109275,0.08405692385159422,0.20693013707220123,0.088909721718084,ACQ2
485,USA,IRN,Nego,5.65,1.58,1,1,0.1183569621806452,0.14718368722000363,0.09746261616746912,0.06640300337544894,0.09742430454477091,0.08671315976645665,0.21346922078800584,0.17298704595719971,WAR1,0.12675440203648317,0.09539706485713863,0.2506847759471568,0.09719404704624919,0.05007292747109275,0.08405692385159422,0.20693013707220123,0.088909721718084,ACQ2
485,USA,IRN,Nego,5.65,1.59,1,1,0.11830044515506774,0.14775285339622476,0.09433446875202348,0.06733036878783148,0.09832562626086624,0.08647814236997695,0.2128906583110615,0.17458743696694767,WAR1,0.12675440203648317,0.09539706485713863,0.2506847759471568,0.09719404704624919,0.05007292747109275,0.08405692385159422,0.20693013707220123,0.088909721718084,ACQ2
485,USA,IRN,Nego,5.65,1.6,1,1,0.11819407130746329,0.14826556145543926,0.09128683790847911,0.06829808318805125,0.0992168281752348,0.08624703565682217,0.21232172309858743,0.17616985920992273,WAR1,0.12675440203648317,0.09539706485713863,0.2506847759471568,0.09719404704624919,0.05007292747109275,0.08405692385159422,0.20693013707220123,0.088909721718084,ACQ2
485,USA,IRN,Nego,5.65,1.61,1,1,0.11803826360167752,0.14872081817578256,0.08832066795858355,0.06930704130112987,0.10009718542022238,0.08602005430153277,0.21176294363330755,0.17773302560776377,WAR1,0.12675440203648317,0.09539706485713863,0.2506847759471568,0.09719404704624919,0.05007292747109275,0.08405692385159422,0.20693013707220123,0.088909721718084,ACQ2
485,USA,IRN,Nego,5.65,1.62,1,1,0.11783361151528639,0.1491177754241553,0.08543669961501087,0.07035808307807058,0.10096599774719758,0.08579737786611329,0.21121476195840527,0.17927569279576072,WAR1,0.12675440203648317,0.09539706485713863,0.2506847759471568,0.09719404704624919,0.05007292747109275,0.08405692385159422,0.20693013707220123,0.088909721718084,ACQ2
485,USA,IRN,Nego,5.65,1.63,1,1,0.11758086804608325,0.14945573338430315,0.08263547193825874,0.07145199033598267,0.10182259176131167,0.08557914934575422,0.2106775300974023,0.18079666509090428,WAR1,0.12675440203648317,0.09539706485713863,0.2506847759471568,0.09719404704624919,0.05007292747109275,0.08405692385159422,0.20693013707220123,0.088909721718084,ACQ2
485,USA,IRN,Nego,5.65,1.64,1,1,0.11728094553060686,0.1497341428335554,0.07991732550584235,0.07258948374587676,0.10266632300277978,0.08536547400496146,0.21015150718895925,0.18229479818741814,WAR1,0.12675440203648317,0.09539706485713863,0.2506847759471568,0.09719404704624919,0.05007292747109275,0.08405692385159422,0.20693013707220123,0.088909721718084,ACQ2
485,USA,IRN,Nego,5.65,1.65,1,1,0.11693491032175897,0.14995260645963757,0.07728240673810043,0.07377122018716825,0.10349657786272158,0.08515641851316054,0.20963685735891746,0.18376900255853512,WAR1,0.12675440203648317,0.09539706485713863,0.2506847759471568,0.09719404704624919,0.05007292747109275,0.08405692385159422,0.20693013707220123,0.088909721718084,ACQ2
485,USA,IRN,Nego,5.65,1.66,1,1,0.11654397638683599,0.15011087922012625,0.07473067331241198,0.07499779048306561,0.10431277532358718,0.0849520103849194,0.2091336483422481,0.18521824654680524,WAR1,0.12675440203648317,0.09539706485713863,0.2506847759471568,0.09719404704624919,0.05007292747109275,0.08405692385159422,0.20693013707220123,0.088909721718084,ACQ2
485,USA,IRN,Nego,5.65,1.67,1,1,0.11610949790044944,0.1502088677579236,0.07226190058656642,0.0762697175260317,0.10511436851622082,0.08475223772602816,0.2086418508579549,0.18664155912882496,WAR1,0.12675440203648317,0.09539706485713863,0.2506847759471568,0.09719404704624919,0.05007292747109275,0.08405692385159422,0.20693013707220123,0.088909721718084,ACQ2
485,USA,IRN,Nego,5.65,1.68,1,1,0.11563296091857157,0.1502466288964266,0.06987568894255974,0.07758745479748602,0.10590084608765926,0.08455704928284272,0.20816133873054726,0.18803803234390662,WAR1,0.12675440203648317,0.09539706485713863,0.2506847759471568,0.09719404704624919,0.05007292747109275,0.08405692385159422,0.20693013707220123,0.088909721718084,ACQ2
485,USA,IRN,Nego,5.65,1.69,1,1,0.11511597423015,0.1502243672477019,0.0675714719543393,0.07895138528093885,0.10667173337578537,0.08436635478862645,0.20769188974265942,0.18940682337979867,WAR1,0.12675440203648317,0.09539706485713863,0.2506847759471568,0.09719404704624919,0.05007292747109275,0.08405692385159422,0.20693013707220123,0.088909721718084,ACQ2
485,USA,IRN,Nego,5.65,1.7,1,1,0.11456025949122013,0.15014243197580804,0.06534852527704191,0.08036182076290686,0.1074265933889276,0.0841800255971618,0.2072331871948669,0.19074715631206687,WAR1,0.12675440203648317,0.09539706485713863,0.2506847759471568,0.09719404704624919,0.05007292747109275,0.08405692385159422,0.20693013707220123,0.088909721718084,ACQ2
485,USA,IRN,Nego,5.65,1.71,1,1,0.11396764075311692,0.15000131276533432,0.06320597615108783,0.08181900151133288,0.10816502759039029,0.08399789559071845,0.2067848221409087,0.19205832349711047,WAR1,0.12675440203648317,0.09539706485713863,0.2506847759471568,0.09719404704624919,0.05007292747109275,0.08405692385159422,0.20693013707220123,0.088909721718084,ACQ2
485,USA,IRN,Nego,5.65,1.72,1,1,0.11334003350116267,0.14980163505217142,0.06114281341209335,0.08332309631687597,0.10888667648969258,0.08381976234658849,0.20634629625944756,0.193339686621968,WAR1,0.12675440203648317,0.09539706485713863,0.2506847759471568,0.09719404704624919,0.05007292747109275,0.08405692385159422,0.20693013707220123,0.088909721718084,ACQ2
485,USA,IRN,Nego,5.65,1.73,1,1,0.11267943332308088,0.149544154579413,0.05915789789687584,0.0848742028784421,0.10959122004396335,0.08364538854388393,0.20591702531730405,0.1945906774170368,WAR1,0.12675440203648317,0.09539706485713863,0.2506847759471568,0.09719404704624919,0.05007292747109275,0.08405692385159422,0.20693013707220123,0.088909721718084,ACQ2
485,USA,IRN,Nego,5.65,1.74,1,1,0.11198790432736878,0.14922975134610997,0.05724997313677204,0.08647234851072069,0.11027837787447654,0.08347450359015536,0.20549634317384313,0.19581079804055332,WAR1,0.12675440203648317,0.09539706485713863,0.2506847759471568,0.09719404704624919,0.05007292747109275,0.08405692385159422,0.20693013707220123,0.088909721718084,ACQ2
485,USA,IRN,Nego,5.65,1.75,1,1,0.11126756743100165,0.14885942302031072,0.05541767623194131,0.08811749114834712,0.11094790930469031,0.0833068054456548,0.20508350627191793,0.19699962114613637,WAR1,0.12675440203648317,0.09539706485713863,0.2506847759471568,0.09719404704624919,0.05007292747109275,0.08405692385159422,0.20693013707220123,0.088909721718084,ACQ2
485,USA,IRN,Nego,5.65,1.76,1,1,0.11052058863325005,0.14843427789045538,0.05365954880414539,0.0898095206186529,0.11159961322738167,0.08314196262173737,0.20467769855750734,0.19815678964687014,WAR1,0.12675440203648317,0.09539706485713863,0.2506847759471568,0.09719404704624919,0.05007292747109275,0.08405692385159422,0.20693013707220123,0.088909721718084,ACQ2
485,USA,IRN,Nego,5.65,1.77,1,1,0.10974916738816783,0.14795552743075302,0.05197404793052718,0.09154826015283604,0.11223332780952419,0.0829796163289812,0.2042780367679264,0.19928201619128405,WAR1,0.12675440203648317,0.09539706485713863,0.2506847759471568,0.09719404704624919,0.05007292747109275,0.08405692385159422,0.20693013707220123,0.088909721718084,ACQ2
485,USA,IRN,Nego,5.65,1.78,1,1,0.10895552518261435,0.147424478556711,0.0503595569669809,0.09333346810379797,0.11284893004444006,0.0828193827500867,0.20388357602721738,0.20037508236815169,WAR1,0.12675440203648317,0.09539706485713863,0.2506847759471568,0.09719404704624919,0.05007292747109275,0.08405692385159422,0.20693013707220123,0.088909721718084,ACQ2
485,USA,IRN,Nego,5.65,1.79,1,1,0.10814189441967516,0.1468425256465438,0.048814396176638054,0.09516483983786726,0.11344633516147469,0.08266085541248648,0.20349331568700776,0.20143583765830667,WAR1,0.12675440203648317,0.09539706485713863,0.2506847759471568,0.09719404704624919,0.05007292747109275,0.08405692385159422,0.20693013707220123,0.088909721718084,ACQ2
485,USA,IRN,Nego,5.65,1.8,1,1,0.10731050769922168,0.14621114240283656,0.047336833086614,0.09704200976717171,0.1140254959039841,0.08250360763583496,0.20310620535170387,0.20246419815263322,WAR1,0.12675440203648317,0.09539706485713863,0.2506847759471568,0.09719404704624919,0.05007292747109275,0.08405692385159422,0.20693013707220123,0.088909721718084,ACQ2
485,USA,IRN,Nego,5.65,1.81,1,1,0.10646358757830561,0.14553187362664022,0.04592509250428418,0.09896455348951837,0.11458640168679426,0.08234719503011477,0.20272115102829522,0.20346014505604734,WAR2,0.12675440203648317,0.09539706485713863,0.2506847759471568,0.09719404704624919,0.05007292747109275,0.08405692385159422,0.20693013707220123,0.088909721718084,ACQ2
485,USA,IRN,Nego,5.65,1.82,1,1,0.10560333688431789,0.14480632697320903,0.04457736613282644,0.10093199000328154,0.11512907764450585,0.08219115802098284,0.20233702134321402,0.20442372299766237,WAR2,0.12675440203648317,0.09539706485713863,0.2506847759471568,0.09719404704624919,0.05007292747109275,0.08405692385159422,0.20693013707220123,0.088909721718084,ACQ2
485,USA,IRN,Nego,5.65,1.83,1,1,0.10473192964355935,0.14403616475494946,0.04329182173440185,0.10294378396596263,0.11565358358206472,0.08203502438012308,0.20195265377152247,0.2053550381674167,WAR2,0.12675440203648317,0.09539706485713863,0.2506847759471568,0.09719404704624919,0.05007292747109275,0.08405692385159422,0.20693013707220123,0.088909721718084,ACQ2
485,USA,IRN,Nego,5.65,1.84,1,1,0.10385150267727675,0.14322309585290724,0.04206661179801047,0.10499934796673781,0.11616001283892405,0.08187831173976062,0.20156686082710784,0.20625425629927555,WAR2,0.12675440203648317,0.09539706485713863,0.2506847759471568,0.09719404704624919,0.05007292747109275,0.08405692385159422,0.20693013707220123,0.088909721718084,ACQ2
485,USA,IRN,Nego,5.65,1.85,1,1,0.10296414790651143,0.14236886779338404,0.04089988167760583,0.107098044785399,0.11664849107788881,0.08172053007206727,0.20117843616644668,0.20712160052069692,WAR2,0.12675440203648317,0.09539706485713863,0.2506847759471568,0.09719404704624919,0.05007292747109275,0.08405692385159422,0.20693013707220123,0.088909721718084,ACQ2
485,USA,IRN,Nego,5.65,1.86,1,1,0.10207190539646765,0.14147525904112548,0.03978977717435632,0.10923918961259203,0.11711917500937293,0.08156118411591526,0.200786160562754,0.20795734908741653,WAR2,0.12675440203648317,0.09539706485713863,0.2506847759471568,0.09719404704624919,0.05007292747109275,0.08405692385159422,0.20693013707220123,0.088909721718084,ACQ2
485,USA,IRN,Nego,5.65,1.87,1,1,0.10117675716071589,0.14054407155506532,0.03873445154490056,0.11142205220908542,0.11757225106132649,0.081399775735279,0.2003888077118617,0.20876183302176565,WAR2,0.12675440203648317,0.09539706485713863,0.2506847759471568,0.09719404704624919,0.05007292747109275,0.08405692385159422,0.20693013707220123,0.088909721718084,ACQ2
485,USA,IRN,Nego,5.65,1.88,1,1,0.1002806217355548,0.13957712364693517,0.037732071924958456,0.11364585898491876,0.11800793400452678,0.0812358061954941,0.1999851498358817,0.20953543367172997,WAR2,0.12675440203648317,0.09539706485713863,0.2506847759471568,0.09719404704624919,0.05007292747109275,0.08405692385159422,0.20693013707220123,0.088909721718084,ACQ2
485,USA,IRN,Nego,5.65,1.89,1,1,0.0993853495253995,0.13857624317724304,0.03678082516465393,0.11590979498260567,0.11842646554227394,0.08106877834552817,0.19957396305548805,0.2102785802068077,WAR2,0.12675440203648317,0.09539706485713863,0.2506847759471568,0.09719404704624919,0.05007292747109275,0.08405692385159422,0.20693013707220123,0.088909721718084,ACQ2
485,USA,IRN,Nego,5.65,1.9,1,1,0.09849271891126711,0.13754326111728754,0.03587892307832351,0.11821300575204041,0.11882811287282605,0.08089819869635738,0.19915403250643576,0.21099174706546234,WAR2,0.12675440203648317,0.09539706485713863,0.2506847759471568,0.09719404704624919,0.05007292747109275,0.08405692385159422,0.20693013707220123,0.088909721718084,ACQ2
485,USA,IRN,Nego,5.65,1.91,1,1,0.0976044331063852,0.136480005500079,0.03502460711737433,0.12055459910831001,0.11921316723215347,0.08072357938744892,0.19872415718061884,0.21167545136763027,WAR2,0.12675440203648317,0.09539706485713863,0.2506847759471568,0.09719404704624919,0.05007292747109275,0.08405692385159422,0.20693013707220123,0.088909721718084,ACQ2
485,USA,IRN,Nego,5.65,1.92,1,1,0.09672211773572768,0.13538829577737327,0.034216152479895505,0.12293364676716693,0.11958194242380873,0.08054444003518424,0.19828315447649186,0.21233025030435176,WAR2,0.12675440203648317,0.09539706485713863,0.2506847759471568,0.09719404704624919,0.05007292747109275,0.08405692385159422,0.20693013707220123,0.088909721718084,ACQ2
485,USA,IRN,Nego,5.65,1.93,1,1,0.09584731910994154,0.1342699375945564,0.03345187167519634,0.12534918585641563,0.1199347733419213,0.08036030945880264,0.1978298644479738,0.2129567385151926,WAR2,0.12675440203648317,0.09539706485713863,0.2506847759471568,0.09719404704624919,0.05007292747109275,0.08405692385159422,0.20693013707220123,0.088909721718084,ACQ2
485,USA,IRN,Nego,5.65,1.94,1,1,0.09498150315869683,0.13312671798990863,0.03273011756524648,0.12780022030483698,0.12027201449254085,0.08017072728107402,0.19736315374496147,0.21355554546273484,WAR2,0.12675440203648317,0.09539706485713863,0.2506847759471568,0.09719404704624919,0.05007292747109275,0.08405692385159422,0.20693013707220123,0.088909721718084,ACQ2
485,USA,IRN,Nego,5.65,1.95,1,1,0.09412605498397754,0.13196040101989417,0.032049285908135466,0.13028572211345602,0.12059403851779726,0.07997524540240585,0.1968819192422648,0.21412733281206878,WAR2,0.12675440203648317,0.09539706485713863,0.2506847759471568,0.09719404704624919,0.05007292747109275,0.08405692385159422,0.20693013707220123,0.088909721718084,ACQ2
485,USA,IRN,Nego,5.65,1.96,1,1,0.09328227899023116,0.13077272380759536,0.03140781743117473,0.13280463251690308,0.12090123472662419,0.07977342934843756,0.1963850913570954,0.2146727918219383,WAR2,0.12675440203648317,0.09539706485713863,0.2506847759471568,0.09719404704624919,0.05007292747109275,0.08405692385159422,0.20693013707220123,0.088909721718084,ACQ2
485,USA,IRN,Nego,5.65,1.97,1,1,0.09245139954558004,0.12956539300729505,0.030804199463162978,0.13535586304526542,0.1211940076351269,0.0795648594923721,0.19587163705818536,0.21519264075301187,WAR2,0.12675440203648317,0.09539706485713863,0.2506847759471568,0.09719404704624919,0.05007292747109275,0.08405692385159422,0.20693013707220123,0.088909721718084,ACQ2
485,USA,IRN,Nego,5.65,1.98,1,1,0.09163456212643123,0.12834008167452363,0.03023696715666597,0.13793829649914804,0.12147277551907064,0.07934913215432877,0.195340562572158,0.21568762229767363,WAR2,0.12675440203648317,0.09539706485713863,0.2506847759471568,0.09719404704624919,0.05007292747109275,0.08405692385159422,0.20693013707220123,0.088909721718084,ACQ2
485,USA,IRN,Nego,5.65,1.99,1,1,0.09083283489674979,0.12709842652765088,0.02970470433196566,0.1405507878526112,0.1217379689804332,0.07912586058087527,0.1947909157949262,0.21615850103478787,WAR2,0.12675440203648317,0.09539706485713863,0.2506847759471568,0.09719404704624919,0.05007292747109275,0.08405692385159422,0.20693013707220123,0.088909721718084,ACQ2
485,USA,IRN,Nego,5.66,1.5,1,1,0.11678145590094768,0.14128571456511504,0.12185339784984268,0.06141730136381953,0.0907930248773901,0.08858335343714692,0.2180732369105892,0.16121251509514878,WAR1,0.12675440203648317,0.09539706485713863,0.2506847759471568,0.09719404704624919,0.05007292747109275,0.08405692385159422,0.20693013707220123,0.088909721718084,ACQ2
485,USA,IRN,Nego,5.66,1.51,1,1,0.11708301605306336,0.14221708992424711,0.1181905271254982,0.06209421577547314,0.09174426216890566,0.08832705859646103,0.21744229392476613,0.16290153643158528,WAR1,0.12675440203648317,0.09539706485713863,0.2506847759471568,0.09719404704624919,0.05007292747109275,0.08405692385159422,0.20693013707220123,0.088909721718084,ACQ2
485,USA,IRN,Nego,5.66,1.52,1,1,0.11733654497882218,0.1431026292944698,0.11459607229612,0.06280394406473135,0.0926909006261789,0.0880723242186962,0.2168151924643207,0.16458239205666114,WAR1,0.12675440203648317,0.09539706485713863,0.2506847759471568,0.09719404704624919,0.05007292747109275,0.08405692385159422,0.20693013707220123,0.088909721718084,ACQ2
485,USA,IRN,Nego,5.66,1.53,1,1,0.11754129233343513,0.14394046944100491,0.11107238416280979,0.0635476473245758,0.09363210932190348,0.08781955703357575,0.21619293381068883,0.16625360657200622,WAR1,0.12675440203648317,0.09539706485713863,0.2506847759471568,0.09719404704624919,0.05007292747109275,0.08405692385159422,0.20693013707220123,0.088909721718084,ACQ2
485,USA,IRN,Nego,5.66,1.54,1,1,0.11769666132475574,0.1447288464936342,0.10762163046362155,0.06432646263588729,0.09456706354751555,0.08756914554242108,0.21557647437088623,0.1679137156212785,WAR1,0.12675440203648317,0.09539706485713863,0.2506847759471568,0.09719404704624919,0.05007292747109275,0.08405692385159422,0.20693013707220123,0.088909721718084,ACQ2
485,USA,IRN,Nego,5.66,1.55,1,1,0.11780221421222371,0.14546610483120778,0.104245788816415,0.06514149811185417,0.09549494769774798,0.08732145702053687,0.21496671829802294,0.16956127101199164,WAR1,0.12675440203648317,0.09539706485713863,0.2506847759471568,0.09719404704624919,0.05007292747109275,0.08405692385159422,0.20693013707220123,0.088909721718084,ACQ2
485,USA,IRN,Nego,5.66,1.56,1,1,0.11785767671967178,0.14615070536391456,0.10094664086010634,0.06599382805104226,0.09641495812725974,0.08707683465213795,0.2143645104381079,0.1711948457877594,WAR1,0.12675440203648317,0.09539706485713863,0.2506847759471568,0.09719404704624919,0.05007292747109275,0.08405692385159422,0.20693013707220123,0.088909721718084,ACQ2
485,USA,IRN,Nego,5.66,1.57,1,1,0.11786294129898285,0.14678123313217936,0.09772576764846104,0.06688448824243232,0.09732630595722064,0.08683559482904007,0.2137706296800034,0.17281303921168054,WAR1,0.12675440203648317,0.09539706485713863,0.2506847759471568,0.09719404704624919,0.05007292747109275,0.08405692385159422,0.20693013707220123,0.088909721718084,ACQ2
485,USA,IRN,Nego,5.66,1.58,1,1,0.11781806919585192,0.14735640414898923,0.09458454633490153,0.06781447146396824,0.09822821981040816,0.08659802464241852,0.21318578278067277,0.17441448162278944,WAR1,0.12675440203648317,0.09539706485713863,0.2506847759471568,0.09719404704624919,0.05007292747109275,0.08405692385159422,0.20693013707220123,0.088909721718084,ACQ2
485,USA,IRN,Nego,5.66,1.59,1,1,0.11772329128416367,0.14787507142152326,0.09152414817054086,0.06878472321373676,0.09911994845434978,0.08636437959452818,0.21261059873192573,0.1759978391292317,WAR1,0.12675440203648317,0.09539706485713863,0.2506847759471568,0.09719404704624919,0.05007292747109275,0.08405692385159422,0.20693013707220123,0.088909721718084,ACQ2
485,USA,IRN,Nego,5.66,1.6,1,1,0.11757900765145154,0.1483362300979928,0.08854553782114143,0.06979613770985048,0.10000076333329164,0.0861348815544152,0.21204562372781743,0.1775618181040396,WAR1,0.12675440203648317,0.09539706485713863,0.2506847759471568,0.09719404704624919,0.05007292747109275,0.08405692385159422,0.20693013707220123,0.088909721718084,ACQ2
485,USA,IRN,Nego,5.66,1.61,1,1,0.11738578593423968,0.14873902169638345,0.08564947399227135,0.07084955419151058,0.10086996097127086,0.08590971697840745,0.2114913167838785,0.17910516945203822,WAR1,0.12675440203648317,0.09539706485713863,0.2506847759471568,0.09719404704624919,0.05007292747109275,0.08405692385159422,0.20693013707220123,0.088909721718084,ACQ2
485,USA,IRN,Nego,5.66,1.62,1,1,0.1171443584184411,0.1490827373830951,0.08283651133592779,0.07194575354963906,0.10172686523027231,0.08568903541260905,0.21094804605057654,0.1806266926194392,WAR1,0.12675440203648317,0.09539706485713863,0.2506847759471568,0.09719404704624919,0.05007292747109275,0.08405692385159422,0.20693013707220123,0.088909721718084,ACQ2
485,USA,IRN,Nego,5.66,1.63,1,1,0.11685561793608898,0.14936682028108994,0.08010700359662515,0.07308545531098838,0.102570829409322,0.08547294829082377,0.21041608585406119,0.1821252393210008,WAR1,0.12675440203648317,0.09539706485713863,0.2506847759471568,0.09719404704624919,0.05007292747109275,0.08405692385159422,0.20693013707220123,0.088909721718084,ACQ2
485,USA,IRN,Nego,5.66,1.64,1,1,0.11652061260517783,0.14959086679884034,0.07746110794069166,0.07426931499484386,0.10340123817237612,0.08526152803737475,0.2098956144874991,0.18359971696319632,WAR1,0.12675440203648317,0.09539706485713863,0.2506847759471568,0.09719404704624919,0.05007292747109275,0.08405692385159422,0.20693013707220123,0.088909721718084,ACQ2
485,USA,IRN,Nego,5.66,1.65,1,1,0.11614053947399962,0.1497546269829137,0.07489879039954121,0.07549792185641707,0.1042175092949553,0.08505480748025404,0.20938671276637313,0.18504909174554587,WAR1,0.12675440203648317,0.09539706485713863,0.2506847759471568,0.09719404704624919,0.05007292747109275,0.08405692385159422,0.20693013707220123,0.088909721718084,ACQ2
485,USA,IRN,Nego,5.66,1.66,1,1,0.1157167371448097,0.14985800390822102,0.07241983234618854,0.07677179702589698,0.10501909522161412,0.08485277957600369,0.2088893633511989,0.18647239142606709,WAR1,0.12675440203648317,0.09539706485713863,0.2506847759471568,0.09719404704624919,0.05007292747109275,0.08405692385159422,0.20693013707220123,0.088909721718084,ACQ2
485,USA,IRN,Nego,5.66,1.67,1,1,0.11525067746370136,0.14990105213061608,0.07002383791442894,0.07809139204695503,0.10580548442848989,0.08465539744378656,0.2084034508313997,0.18786870774062236,WAR1,0.12675440203648317,0.09539706485713863,0.2506847759471568,0.09719404704624919,0.05007292747109275,0.08405692385159422,0.20693013707220123,0.088909721718084,ACQ2
485,USA,IRN,Nego,5.66,1.68,1,1,0.11474395637402018,0.1498839752364881,0.06771024226202652,0.07945708781340088,0.10657620258729494,0.08446257470231278,0.20792876255474743,0.18923719846970924,WAR1,0.12675440203648317,0.09539706485713863,0.2506847759471568,0.09719404704624919,0.05007292747109275,0.08405692385159422,0.20693013707220123,0.088909721718084,ACQ2
485,USA,IRN,Nego,5.66,1.69,1,1,0.11419828403934366,0.1498071225331053,0.06547832057301717,0.0808691938977262,0.10733081352918342,0.08427418609972152,0.20746499017799616,0.19057708914990681,WAR1,0.12675440203648317,0.09539706485713863,0.2506847759471568,0.09719404704624919,0.05007292747109275,0.08405692385159422,0.20693013707220123,0.088909721718084,ACQ2
485,USA,IRN,Nego,5.66,1.7,1,1,0.11361547434888726,0.14967098493163264,0.06332719768986217,0.08232794826055082,0.10806892000889963,0.08409006842322798,0.20701173190623873,0.19188767443070082,WAR1,0.12675440203648317,0.09539706485713863,0.2506847759471568,0.09719404704624919,0.05007292747109275,0.08405692385159422,0.20693013707220123,0.088909721718084,ACQ2
485,USA,IRN,Nego,5.66,1.71,1,1,0.11299743392309443,0.1494761900818607,0.061255858263663594,0.08383351732556402,0.10879016427147538,0.08391002167239003,0.20656849538123723,0.1931683190807146,WAR1,0.12675440203648317,0.09539706485713863,0.2506847759471568,0.09719404704624919,0.05007292747109275,0.08405692385159422,0.20693013707220123,0.088909721718084,ACQ2
485,USA,IRN,Nego,5.66,1.72,1,1,0.11234615074011571,0.1492234968237033,0.059263157309919864,0.08538599640050161,0.1094942284254719,0.08373381047725444,0.2061347011725953,0.194418458650438,WAR1,0.12675440203648317,0.09539706485713863,0.2506847759471568,0.09719404704624919,0.05007292747109275,0.08405692385159422,0.20693013707220123,0.088909721718084,ACQ2
485,USA,IRN,Nego,5.66,1.73,1,1,0.11166368250489495,0.14891378902539534,0.05734783105825694,0.08698541042107837,0.11018083462833295,0.0835611657404523,0.20570968682024607,0.195637599801343,WAR1,0.12675440203648317,0.09539706485713863,0.2506847759471568,0.09719404704624919,0.05007292747109275,0.08405692385159422,0.20693013707220123,0.088909721718084,ACQ2
485,USA,IRN,Nego,5.66,1.74,1,1,0.11095214488171262,0.1485480688820522,0.0555085079871049,0.08863171499164624,0.11084974509082973,0.08339178648053386,0.20529271137234617,0.19682532031377434,WAR1,0.12675440203648317,0.09539706485713863,0.2506847759471568,0.09719404704624919,0.05007292747109275,0.08405692385159422,0.20693013707220123,0.088909721718084,ACQ2
485,USA,IRN,Nego,5.66,1.75,1,1,0.11021369970839422,0.14812744975083153,0.053743719938239405,0.09032479769372023,0.11150076190880469,0.08322534185247792,0.20488296035933795,0.1979812687881942,WAR1,0.12675440203648317,0.09539706485713863,0.2506847759471568,0.09719404704624919,0.05007292747109275,0.08405692385159422,0.20693013707220123,0.088909721718084,ACQ2
485,USA,IRN,Nego,5.66,1.76,1,1,0.1094505433060918,0.14765314860041048,0.05205191321132286,0.09206447963142961,0.11213372673147799,0.08306147332038583,0.20447955114265629,0.19910516405622514,WAR1,0.12675440203648317,0.09539706485713863,0.2506847759471568,0.09719404704624919,0.05007292747109275,0.08405692385159422,0.20693013707220123,0.088909721718084,ACQ2
485,USA,IRN,Nego,5.66,1.77,1,1,0.10866489499274769,0.14712647815288826,0.050431459544865734,0.09385051718143023,0.11274852027644695,0.0828997969568525,0.20408153857528763,0.200196794319481,WAR1,0.12675440203648317,0.09539706485713863,0.2506847759471568,0.09719404704624919,0.05007292747109275,0.08405692385159422,0.20693013707220123,0.088909721718084,ACQ2
485,USA,IRN,Nego,5.66,1.78,1,1,0.1078589859012204,0.14654883879560598,0.04888066689721189,0.0956826039138758,0.11334506170218905,0.08273990584339815,0.20368792091111823,0.20125601603538054,WAR1,0.12675440203648317,0.09539706485713863,0.2506847759471568,0.09719404704624919,0.05007292747109275,0.08405692385159422,0.20693013707220123,0.088909721718084,ACQ2
485,USA,IRN,Nego,5.66,1.79,1,1,0.10703504819479884,0.1459217103388209,0.04739778994903964,0.09756037265067562,0.11392330784938254,0.0825813725466031,0.20329764590064753,0.20228275257003211,WAR1,0.12675440203648317,0.09539706485713863,0.2506847759471568,0.09719404704624919,0.05007292747109275,0.08405692385159422,0.20693013707220123,0.088909721718084,ACQ2
485,USA,IRN,Nego,5.66,1.8,1,1,0.10619530476363183,0.14524664369274498,0.04598104025727369,0.0994833976274716,0.11448325236267844,0.08242375164520058,0.20290961701214985,0.20327699263884866,WAR2,0.12675440203648317,0.09539706485713863,0.2506847759471568,0.09719404704624919,0.05007292747109275,0.08405692385159422,0.20693013707220123,0.088909721718084,ACQ2
485,USA,IRN,Nego,5.66,1.81,1,1,0.10534195947569429,0.14452525253425327,0.044628595999051245,0.10145119672651896,0.11502492470471187,0.08226658228430717,0.20252269971964165,0.20423878855582153,WAR2,0.12675440203648317,0.09539706485713863,0.2506847759471568,0.09719404704624919,0.05007292747109275,0.08405692385159422,0.20693013707220123,0.088909721718084,ACQ2
485,USA,IRN,Nego,5.66,1.82,1,1,0.10447718804547669,0.14375920502968145,0.04333861125329856,0.10346323374892337,0.11554838907412728,0.08210939073416784,0.2021357278019642,0.2051682543123608,WAR2,0.12675440203648317,0.09539706485713863,0.2506847759471568,0.09719404704624919,0.05007292747109275,0.08405692385159422,0.20693013707220123,0.088909721718084,ACQ2
485,USA,IRN,Nego,5.66,1.83,1,1,0.10360312957286363,0.14295021567564695,0.04210922477640151,0.1055189206964534,0.11605374323923512,0.08195169293223395,0.2017475096008344,0.20606556350633104,WAR2,0.12675440203648317,0.09539706485713863,0.2506847759471568,0.09719404704624919,0.05007292747109275,0.08405692385159422,0.20693013707220123,0.088909721718084,ACQ2
485,USA,IRN,Nego,5.66,1.84,1,1,0.10272187879382673,0.1421000373148553,0.04093856823724551,0.10761762003533912,0.11654111729861413,0.08179299698902026,0.20135683418972866,0.20693094714137042,WAR2,0.12675440203648317,0.09539706485713863,0.2506847759471568,0.09719404704624919,0.05007292747109275,0.08405692385159422,0.20693013707220123,0.088909721718084,ACQ2
485,USA,IRN,Nego,5.66,1.85,1,1,0.101835479073811,0.14121045337848745,0.03982477388543049,0.10975864691705985,0.1170106723795495,0.08163280563997319,0.20096247740985623,0.20776469131583225,WAR2,0.12675440203648317,0.09539706485713863,0.2506847759471568,0.09719404704624919,0.05007292747109275,0.08405692385159422,0.20693013707220123,0.088909721718084,ACQ2
485,USA,IRN,Nego,5.66,1.86,1,1,0.10094591616420309,0.1402832704010999,0.03876598163462252,0.11194127133404538,0.11746259928466811,0.08147061862747443,0.2005632077341428,0.2085671348197438,WAR2,0.12675440203648317,0.09539706485713863,0.2506847759471568,0.09719404704624919,0.05007292747109275,0.08405692385159422,0.20693013707220123,0.088909721718084,ACQ2
485,USA,IRN,Nego,5.66,1.87,1,1,0.10005511273219798,0.13932031084811466,0.03776034555068958,0.1141647201914013,0.11789711709650035,0.08130593499906685,0.2001577919249693,0.20933866665705964,WAR2,0.12675440203648317,0.09539706485713863,0.2506847759471568,0.09719404704624919,0.05007292747109275,0.08405692385159422,0.20693013707220123,0.088909721718084,ACQ2
485,USA,IRN,Nego,5.66,1.88,1,1,0.09916492366485896,0.13832340629001477,0.03680603974140888,0.11642817927916473,0.11831447174900343,0.08113825530997949,0.19974500045631727,0.21007972350925225,WAR2,0.12675440203648317,0.09539706485713863,0.2506847759471568,0.09719404704624919,0.05007292747109275,0.08405692385159422,0.20693013707220123,0.088909721718084,ACQ2
485,USA,IRN,Nego,5.66,1.89,1,1,0.09827713213932211,0.13729439095138635,0.03590126365106325,0.1187307951331204,0.11871493457432035,0.08096708372001095,0.19932361267584617,0.21079078715493016,WAR2,0.12675440203648317,0.09539706485713863,0.2506847759471568,0.09719404704624919,0.05007292747109275,0.08405692385159422,0.20693013707220123,0.088909721718084,ACQ2
485,USA,IRN,Nego,5.66,1.9,1,1,0.09739344644301369,0.13623509565705474,0.03504424676912691,0.12107167677579939,0.11909880083225477,0.08079192997677187,0.19889242168721122,0.2114723818587672,WAR2,0.12675440203648317,0.09539706485713863,0.2506847759471568,0.09719404704624919,0.05007292747109275,0.08405692385159422,0.20693013707220123,0.088909721718084,ACQ2
485,USA,IRN,Nego,5.66,1.91,1,1,0.09651549752050582,0.13514734219180782,0.03423325276744089,0.12344989733286581,0.11946638822912674,0.08061231127915339,0.19845023893752428,0.21212507174157522,WAR2,0.12675440203648317,0.09539706485713863,0.2506847759471568,0.09719404704624919,0.05007292747109275,0.08405692385159422,0.20693013707220123,0.088909721718084,ACQ2
485,USA,IRN,Nego,5.66,1.92,1,1,0.09564483721728655,0.13403293808467726,0.03346658308479056,0.12586449552361434,0.1198180354318535,0.08042775401666005,0.19799589849921798,0.21274945814189966,WAR2,0.12675440203648317,0.09539706485713863,0.2506847759471568,0.09719404704624919,0.05007292747109275,0.08405692385159422,0.20693013707220123,0.088909721718084,ACQ2
485,USA,IRN,Nego,5.66,1.93,1,1,0.09478293718528079,0.13289367182350473,0.03274257998161935,0.12831447702767432,0.12015410058229983,0.08023779538189335,0.197528261039635,0.21334617697809266,WAR2,0.12675440203648317,0.09539706485713863,0.2506847759471568,0.09719404704624919,0.05007292747109275,0.08405692385159422,0.20693013707220123,0.088909721718084,ACQ2
485,USA,IRN,Nego,5.66,1.94,1,1,0.09393118841045534,0.13173130850061818,0.0320596290907555,0.13079881573320343,0.12047495981616334,0.08004198485498354,0.19704621747538137,0.21391589611843956,WAR2,0.12675440203648317,0.09539706485713863,0.2506847759471568,0.09719404704624919,0.05007292747109275,0.08405692385159422,0.20693013707220123,0.088909721718084,ACQ2
485,USA,IRN,Nego,5.66,1.95,1,1,0.09309090131924856,0.13054758588592058,0.031416161492522764,0.13331645487478042,0.12078100578993757,0.07983988556012857,0.19654869231183425,0.21445931276562719,WAR2,0.12675440203648317,0.09539706485713863,0.2506847759471568,0.09719404704624919,0.05007292747109275,0.08405692385159422,0.20693013707220123,0.088909721718084,ACQ2
485,USA,IRN,Nego,5.66,1.96,1,1,0.09226330641786275,0.12934421091959575,0.03081065534447727,0.13586630807184888,0.12107264621881943,0.07963107549559927,0.19603464667115142,0.21497715086064553,WAR2,0.12675440203648317,0.09539706485713863,0.2506847759471568,0.09719404704624919,0.05007292747109275,0.08405692385159422,0.20693013707220123,0.088909721718084,ACQ2
485,USA,IRN,Nego,5.66,1.97,1,1,0.09144955541661079,0.12812285661297265,0.030241637097307185,0.13844726028085289,0.1213503024278258,0.07941514863960646,0.19550308101467986,0.21547015851014456,WAR2,0.12675440203648317,0.09539706485713863,0.2506847759471568,0.09719404704624919,0.05007292747109275,0.08405692385159422,0.20693013707220123,0.088909721718084,ACQ2
485,USA,IRN,Nego,5.66,1.98,1,1,0.09065072279044982,0.12688515934290054,0.029707682329194438,0.14105816867613624,0.1216144079178603,0.07919171593530389,0.1949530375678203,0.21593910544033434,WAR2,0.12675440203648317,0.09539706485713863,0.2506847759471568,0.09719404704624919,0.05007292747109275,0.08405692385159422,0.20693013707220123,0.088909721718084,ACQ2
485,USA,IRN,Nego,5.66,1.99,1,1,0.08986780772651756,0.1256327165222531,0.029207416231214894,0.14369786347620317,0.12186540694802366,0.07896040615890687,0.19438360245715075,0.21638478047973,WAR2,0.12675440203648317,0.09539706485713863,0.2506847759471568,0.09719404704624919,0.05007292747109275,0.08405692385159422,0.20693013707220123,0.088909721718084,ACQ2
485,USA,IRN,Nego,5.67,1.5,1,1,0.11652588463845535,0.1417722631763099,0.11854099835977884,0.06255751306840772,0.09163987778788402,0.08846511434029945,0.21778215758723518,0.16271619104162965,WAR1,0.12675440203648317,0.09539706485713863,0.2506847759471568,0.09719404704624919,0.05007292747109275,0.08405692385159422,0.20693013707220123,0.088909721718084,ACQ2
485,USA,IRN,Nego,5.67,1.51,1,1,0.11679075161680878,0.14266369837441095,0.11493224111340467,0.06327030102320948,0.09258740061499325,0.0882079402419259,0.21714905005736873,0.16439861695787847,WAR1,0.12675440203648317,0.09539706485713863,0.2506847759471568,0.09719404704624919,0.05007292747109275,0.08405692385159422,0.20693013707220123,0.088909721718084,ACQ2
485,USA,IRN,Nego,5.67,1.52,1,1,0.11700694627442887,0.14350749139018837,0.11139438032289592,0.06401697677216436,0.0935294611390319,0.08795269909007337,0.21652070102769733,0.16607134398351972,WAR1,0.12675440203648317,0.09539706485713863,0.2506847759471568,0.09719404704624919,0.05007292747109275,0.08405692385159422,0.20693013707220123,0.088909721718084,ACQ2
485,USA,IRN,Nego,5.67,1.53,1,1,0.11717384538455852,0.1443018611116091,0.1079296158941815,0.06479867756746172,0.09446522894442441,0.08769978723682355,0.21589808623212647,0.16773289762881488,WAR1,0.12675440203648317,0.09539706485713863,0.2506847759471568,0.09719404704624919,0.05007292747109275,0.08405692385159422,0.20693013707220123,0.088909721718084,ACQ2
485,USA,IRN,Nego,5.67,1.54,1,1,0.11729098492486226,0.1450451352499973,0.10453995615868654,0.06561651167770316,0.09539388293112026,0.08744957985273237,0.21528212926018359,0.16938181994471463,WAR1,0.12675440203648317,0.09539706485713863,0.2506847759471568,0.09719404704624919,0.05007292747109275,0.08405692385159422,0.20693013707220123,0.088909721718084,ACQ2
485,USA,IRN,Nego,5.67,1.55,1,1,0.1173580646571418,0.14573575876478254,0.10122721181371604,0.06647155350643605,0.09631461421908935,0.08720242800200763,0.2146736943567316,0.1710166746800948,WAR1,0.12675440203648317,0.09539706485713863,0.2506847759471568,0.09719404704624919,0.05007292747109275,0.08405692385159422,0.20693013707220123,0.088909721718084,ACQ2
485,USA,IRN,Nego,5.67,1.56,1,1,0.11737495155084099,0.14637230159465808,0.09799299113501356,0.06736483886491976,0.09722662900036307,0.08695865588204738,0.21407357962630413,0.17263605234585316,WAR1,0.12675440203648317,0.09539706485713863,0.2506847759471568,0.09719404704624919,0.05007292747109275,0.08405692385159422,0.20693013707220123,0.088909721718084,ACQ2
485,USA,IRN,Nego,5.67,1.57,1,1,0.11734168199951284,0.14695346561978503,0.09483869650237654,0.06829736044144703,0.09812915131648783,0.08671855825750294,0.2134825107163187,0.17423857514656899,WAR1,0.12675440203648317,0.09539706485713863,0.2506847759471568,0.09719404704624919,0.05007292747109275,0.08405692385159422,0.20693013707220123,0.088909721718084,ACQ2
485,USA,IRN,Nego,5.67,1.58,1,1,0.11725846279490368,0.14747809078898255,0.09176552226253917,0.06927006350705166,0.09902142574028393,0.08648239811658605,0.21290113504740654,0.1758229017422463,WAR1,0.12675440203648317,0.09539706485713863,0.2506847759471568,0.09719404704624919,0.05007292747109275,0.08405692385159422,0.20693013707220123,0.088909721718084,ACQ2
485,USA,IRN,Nego,5.67,1.59,1,1,0.11712567083951643,0.147945160356163,0.08877445393655035,0.07028384189429708,0.09990271994211605,0.0862504045744283,0.2123300166519329,0.17738773180499598,WAR1,0.12675440203648317,0.09539706485713863,0.2506847759471568,0.09719404704624919,0.05007292747109275,0.08405692385159422,0.20693013707220123,0.088909721718084,ACQ2
485,USA,IRN,Nego,5.67,1.6,1,1,0.11694385159513877,0.14835380518138158,0.08586626876196243,0.07133953428213423,0.10077232712245737,0.08602277104498975,0.21176963167362806,0.1789318103383078,WAR1,0.12675440203648317,0.09539706485713863,0.2506847759471568,0.09719404704624919,0.05007292747109275,0.08405692385159422,0.20693013707220123,0.088909721718084,ACQ2
485,USA,IRN,Nego,5.67,1.61,1,1,0.1167137162815126,0.14870330706353874,0.08304153754362964,0.07243792081560761,0.10162956829432326,0.08579965369936689,0.2112203645722714,0.18045393172975005,WAR1,0.12675440203648317,0.09539706485713863,0.2506847759471568,0.09719404704624919,0.05007292747109275,0.08405692385159422,0.20693013707220123,0.088909721718084,ACQ2
485,USA,IRN,Nego,5.67,1.62,1,1,0.11643613785574469,0.1489931010837605,0.08030062777112783,0.0735797200845701,0.10247379440112271,0.0855811702244547,0.21068250506778363,0.18195294351143604,WAR1,0.12675440203648317,0.09539706485713863,0.2506847759471568,0.09719404704624919,0.05007292747109275,0.08405692385159422,0.20693013707220123,0.088909721718084,ACQ2
485,USA,IRN,Nego,5.67,1.63,1,1,0.11611214581889742,0.149222776950569,0.07764370794605557,0.07476558648062472,0.10330438825758818,0.08536739889184994,0.21015624584806586,0.18342774980634916,WAR1,0.12675440203648317,0.09539706485713863,0.2506847759471568,0.09719404704624919,0.05007292747109275,0.08405692385159422,0.20693013707220123,0.088909721718084,ACQ2
485,USA,IRN,Nego,5.67,1.64,1,1,0.11574291991112574,0.14939207934988308,0.07507075304901925,0.07599610794635409,0.10412076630364708,0.08515837794273379,0.2096416810547131,0.18487731444252414,WAR1,0.12675440203648317,0.09539706485713863,0.2506847759471568,0.09719404704624919,0.05007292747109275,0.08405692385159422,0.20693013707220123,0.088909721718084,ACQ2
485,USA,IRN,Nego,5.67,1.65,1,1,0.1153297827704857,0.14950090731446475,0.07258155106416743,0.07727180412561074,0.10492238016334786,0.08495410529032436,0.20913880555051528,0.18630066372108386,WAR1,0.12675440203648317,0.09539706485713863,0.2506847759471568,0.09719404704624919,0.05007292747109275,0.08405692385159422,0.20693013707220123,0.088909721718084,ACQ2
485,USA,IRN,Nego,5.67,1.66,1,1,0.11487419164287208,0.1495493126384469,0.07017571046890385,0.07859312491834225,0.1057087180032144,0.08475453853742428,0.20864751496265627,0.18769688882813995,WAR1,0.12675440203648317,0.09539706485713863,0.2506847759471568,0.09719404704624919,0.05007292747109275,0.08405692385159422,0.20693013707220123,0.088909721718084,ACQ2
485,USA,IRN,Nego,5.67,1.67,1,1,0.11437772924124054,0.14953749737285382,0.06785266858799538,0.0799604494381845,0.10647930568662811,0.0845595953026815,0.20816760648589788,0.18906514788451817,WAR1,0.12675440203648317,0.09539706485713863,0.2506847759471568,0.09719404704624919,0.05007292747109275,0.08405692385159422,0.20693013707220123,0.088909721718084,ACQ2
485,USA,IRN,Nego,5.67,1.68,1,1,0.11384209386118752,0.14946581044743162,0.06561170070478774,0.08137408536599697,0.10723370772299412,0.08436915384550663,0.20769878042099207,0.1904046676311034,WAR1,0.12675440203648317,0.09539706485713863,0.2506847759471568,0.09719404704624919,0.05007292747109275,0.08405692385159422,0.20693013707220123,0.088909721718084,ACQ2
485,USA,IRN,Nego,5.67,1.69,1,1,0.11326908886695841,0.14933474347250372,0.06345192981766926,0.08283426868768448,0.10797152801250963,0.08418305397620057,0.20724064241522094,0.19171474475125277,WAR1,0.12675440203648317,0.09539706485713863,0.2506847759471568,0.09719404704624919,0.05007292747109275,0.08405692385159422,0.20693013707220123,0.088909721718084,ACQ2
485,USA,IRN,Nego,5.67,1.7,1,1,0.11266061166699018,0.14914492578186597,0.06137233692727083,0.08434116380016453,0.1086924103892824,0.08400109823480136,0.20679270636446465,0.19299474683516016,WAR1,0.12675440203648317,0.09539706485713863,0.2506847759471568,0.09719404704624919,0.05007292747109275,0.08405692385159422,0.20693013707220123,0.088909721718084,ACQ2
485,USA,IRN,Nego,5.67,1.71,1,1,0.11201864230111766,0.148897118783882,0.05937177173909588,0.08589486396523018,0.1093960389673313,0.08382305331949207,0.20635439792963534,0.19424411299421554,WAR1,0.12675440203648317,0.09539706485713863,0.2506847759471568,0.09719404704624919,0.05007292747109275,0.08405692385159422,0.20693013707220123,0.088909721718084,ACQ2
485,USA,IRN,Nego,5.67,1.72,1,1,0.11134523176263014,0.1485922096928862,0.05744896366724157,0.08749539208741688,0.11008213829561667,0.08364865174315964,0.20592505861477053,0.19546235413627838,WAR1,0.12675440203648317,0.09539706485713863,0.2506847759471568,0.09719404704624919,0.05007292747109275,0.08405692385159422,0.20693013707220123,0.088909721718084,ACQ2
485,USA,IRN,Nego,5.67,1.73,1,1,0.11064249017749254,0.1482312047167406,0.05560253302747474,0.08914270178882633,0.11075047332968196,0.08347759369487105,0.20550395034958882,0.1966490529153241,WAR1,0.12675440203648317,0.09539706485713863,0.2506847759471568,0.09719404704624919,0.05007292747109275,0.08405692385159422,0.20693013707220123,0.088909721718084,ACQ2
485,USA,IRN,Nego,5.67,1.74,1,1,0.10991257496036674,0.1478152217789374,0.05383100231200422,0.0908366787512571,0.11140084922873313,0.08330954908165242,0.20509026051591164,0.19780386337113728,WAR1,0.12675440203648317,0.09539706485713863,0.2506847759471568,0.09719404704624919,0.05007292747109275,0.08405692385159422,0.20693013707220123,0.088909721718084,ACQ2
485,USA,IRN,Nego,5.67,1.75,1,1,0.10915767906269715,0.14734548285501659,0.05213280744367835,0.09257714229394552,0.11203311098802968,0.0831441597250132,0.20468310735503636,0.19892651027658328,WAR1,0.12675440203648317,0.09539706485713863,0.2506847759471568,0.09719404704624919,0.05007292747109275,0.08405692385159422,0.20693013707220123,0.088909721718084,ACQ2
485,USA,IRN,Nego,5.67,1.76,1,1,0.10838001942222378,0.14682330600333346,0.050506308913838144,0.09436384715376504,0.11264714291731055,0.0829810416861474,0.2042815456918824,0.2000167882114992,WAR1,0.12675440203648317,0.09539706485713863,0.2506847759471568,0.09719404704624919,0.05007292747109275,0.08405692385159422,0.20693013707220123,0.088909721718084,ACQ2
485,USA,IRN,Nego,5.67,1.77,1,1,0.10758182571604902,0.1462500971694271,0.04894980271548251,0.0961964854338662,0.11324286797663224,0.08281978769364365,0.20388457291149426,0.20107456038340507,WAR1,0.12675440203648317,0.09539706485713863,0.2506847759471568,0.09719404704624919,0.05007292747109275,0.08405692385159422,0.20693013707220123,0.088909721718084,ACQ2
485,USA,IRN,Nego,5.67,1.78,1,1,0.10676532951098346,0.14562734184148182,0.04746153099155341,0.09807468868646342,0.11382024698145525,0.08265996964782431,0.20349113512418723,0.20209975721605106,WAR1,0.12675440203648317,0.09539706485713863,0.2506847759471568,0.09719404704624919,0.05007292747109275,0.08405692385159422,0.20693013707220123,0.088909721718084,ACQ2
485,USA,IRN,Nego,5.67,1.79,1,1,0.10593275389556939,0.14495659663172875,0.04603969232683149,0.09999803009577735,0.11437927768908694,0.08250114117648169,0.2031001334572225,0.20309237472730185,WAR1,0.12675440203648317,0.09539706485713863,0.2506847759471568,0.09719404704624919,0.05007292747109275,0.08405692385159422,0.20693013707220123,0.088909721718084,ACQ2
485,USA,IRN,Nego,5.67,1.8,1,1,0.1050863036681189,0.14423948085519822,0.04468245162095687,0.10196602672799374,0.11491999377868813,0.08234284021774375,0.20271043041326944,0.20405247271803115,WAR2,0.12675440203648317,0.09539706485713863,0.2506847759471568,0.09719404704624919,0.05007292747109275,0.08405692385159422,0.20693013707220123,0.088909721718084,ACQ2
485,USA,IRN,Nego,5.67,1.81,1,1,0.10422815614454027,0.14347766817310442,0.04338794948927852,0.10397814181648317,0.11544246373697502,0.08218459160705417,0.20232085623899557,0.20498017279356925,WAR2,0.12675440203648317,0.09539706485713863,0.2506847759471568,0.09719404704624919,0.05007292747109275,0.08405692385159422,0.20693013707220123,0.088909721718084,ACQ2
485,USA,IRN,Nego,5.67,1.82,1,1,0.10336045263885661,0.142672878363422,0.04215431114742867,0.10603378705238524,0.11594678966152737,0.08202590964673892,0.2019302152507899,0.20587565623885112,WAR2,0.12675440203648317,0.09539706485713863,0.2506847759471568,0.09719404704624919,0.05007292747109275,0.08405692385159422,0.20693013707220123,0.088909721718084,ACQ2
485,USA,IRN,Nego,5.67,1.83,1,1,0.10248529065836683,0.14182686927601282,0.040979654744551154,0.10813232485296204,0.11643310599324816,0.08186630063831911,0.20153729206877366,0.20673916176776624,WAR2,0.12675440203648317,0.09539706485713863,0.2506847759471568,0.09719404704624919,0.05007292747109275,0.08405692385159422,0.20693013707220123,0.088909721718084,ACQ2
485,USA,IRN,Nego,5.67,1.84,1,1,0.10160471684453383,0.14094142902407125,0.03986209911887345,0.11027307058280744,0.11690157818902948,0.0817052653595663,0.20114085771478016,0.20757098316633782,WAR2,0.12675440203648317,0.09539706485713863,0.2506847759471568,0.09719404704624919,0.05007292747109275,0.08405692385159422,0.20693013707220123,0.088909721718084,ACQ2
485,USA,IRN,Nego,5.67,1.85,1,1,0.10072072068010109,0.14001836845780105,0.03879977095766436,0.11245529470600514,0.11735240134509188,0.08154230147024376,0.2007396755347748,0.2083714668483178,WAR2,0.12675440203648317,0.09539706485713863,0.2506847759471568,0.09719404704624919,0.05007292747109275,0.08405692385159422,0.20693013707220123,0.088909721718084,ACQ2
485,USA,IRN,Nego,5.67,1.86,1,1,0.0998352289727779,0.13905951396019328,0.037790811351480054,0.1146782248505894,0.11778579878077354,0.08137690583248944,0.20033250691113974,0.20914100934055646,WAR2,0.12675440203648317,0.09539706485713863,0.2506847759471568,0.09719404704624919,0.05007292747109275,0.08405692385159422,0.20693013707220123,0.088909721718084,ACQ2
485,USA,IRN,Nego,5.67,1.87,1,1,0.09895010111625381,0.13806670059866383,0.03683338173988676,0.11694104777012204,0.11820202059179907,0.0812085767338316,0.1999181167352632,0.20988005471417953,WAR2,0.12675440203648317,0.09539706485713863,0.2506847759471568,0.09719404704624919,0.05007292747109275,0.08405692385159422,0.20693013707220123,0.088909721718084,ACQ2
485,USA,IRN,Nego,5.67,1.88,1,1,0.09806712512039925,0.13704176566020004,0.03592566925249714,0.11924291119077453,0.11860134218124925,0.08103681600285423,0.1994952786158536,0.2105890919761718,WAR2,0.12675440203648317,0.09539706485713863,0.2506847759471568,0.09719404704624919,0.05007292747109275,0.08405692385159422,0.20693013707220123,0.088909721718084,ACQ2
485,USA,IRN,Nego,5.67,1.89,1,1,0.09718801439439068,0.13598654259166365,0.03506589145513049,0.12158292553593464,0.11898406277561976,0.08086113100950582,0.19906277980327156,0.2112686524344834,WAR2,0.12675440203648317,0.09539706485713863,0.2506847759471568,0.09719404704624919,0.05007292747109275,0.08405692385159422,0.20693013707220123,0.088909721718084,ACQ2
485,USA,IRN,Nego,5.67,1.9,1,1,0.09631440525923379,0.13490285536106547,0.03425230051617554,0.12396016552397458,0.119350503932502,0.08068103654394404,0.19861942581484288,0.2119193070482617,WAR2,0.12675440203648317,0.09539706485713863,0.2506847759471568,0.09719404704624919,0.05007292747109275,0.08405692385159422,0.20693013707220123,0.088909721718084,ACQ2
485,USA,IRN,Nego,5.67,1.91,1,1,0.09544785515978689,0.1337925132500397,0.033483186812789105,0.12637367163834545,0.119701008045578,0.08049605656960591,0.19816404475054195,0.21254166377331277,WAR2,0.12675440203648317,0.09539706485713863,0.2506847759471568,0.09719404704624919,0.05007292747109275,0.08405692385159422,0.20693013707220123,0.088909721718084,ACQ2
485,USA,IRN,Nego,5.67,1.92,1,1,0.09458984154094928,0.13265730608246948,0.03275688200040684,0.12882245147255525,0.12003593685179027,0.08030572584786184,0.19769549129254138,0.2131363649114257,WAR2,0.12675440203648317,0.09539706485713863,0.2506847759471568,0.09719404704624919,0.05007292747109275,0.08405692385159422,0.20693013707220123,0.088909721718084,ACQ2
485,USA,IRN,Nego,5.67,1.93,1,1,0.0937417613481702,0.13149899988929098,0.03207176157219303,0.13130548095576236,0.12035566994476267,0.08010959143313919,0.1972126503858863,0.21370408447079536,WAR2,0.12675440203648317,0.09539706485713863,0.2506847759471568,0.09719404704624919,0.05007292747109275,0.08405692385159422,0.20693013707220123,0.088909721718084,ACQ2
485,USA,IRN,Nego,5.67,1.94,1,1,0.09290493110885419,0.13031933300498633,0.0314262469375369,0.13382170546765157,0.12066060329780554,0.07990721403877364,0.19671444060092783,0.21424552554346393,WAR2,0.12675440203648317,0.09539706485713863,0.2506847759471568,0.09719404704624919,0.05007292747109275,0.08405692385159422,0.20693013707220123,0.088909721718084,ACQ2
485,USA,IRN,Nego,5.67,1.95,1,1,0.092080587548544,0.1291200125871823,0.030818807050553117,0.13637004085387172,0.12095114779916695,0.07969816927505348,0.1961998171811224,0.21476141770450594,WAR2,0.12675440203648317,0.09539706485713863,0.2506847759471568,0.09719404704624919,0.05007292747109275,0.08405692385159422,0.20693013707220123,0.088909721718084,ACQ2
485,USA,IRN,Nego,5.67,1.96,1,1,0.09126988869392914,0.1279027115471476,0.030247959620804062,0.1389493743555989,0.12122772780158396,0.07948204876196314,0.19566777478236827,0.21525251443660492,WAR2,0.12675440203648317,0.09539706485713863,0.2506847759471568,0.09719404704624919,0.05007292747109275,0.08405692385159422,0.20693013707220123,0.088909721718084,ACQ2
485,USA,IRN,Nego,5.67,1.97,1,1,0.09047391541368377,0.12666906587581567,0.029712271939183445,0.1415585654686867,0.12149077968767108,0.07925846112000713,0.1951173499122017,0.21571959058275042,WAR2,0.12675440203648317,0.09539706485713863,0.2506847759471568,0.09719404704624919,0.05007292747109275,0.08405692385159422,0.20693013707220123,0.088909721718084,ACQ2
485,USA,IRN,Nego,5.67,1.98,1,1,0.08969367334783546,0.12542067234728094,0.02921036135213323,0.14419644674936782,0.12174075045224556,0.07902703284320481,0.1945476230789235,0.21616343982900843,WAR2,0.12675440203648317,0.09539706485713863,0.2506847759471568,0.09719404704624919,0.05007292747109275,0.08405692385159422,0.20693013707220123,0.088909721718084,ACQ2
485,USA,IRN,Nego,5.67,1.99,1,1,0.08893009517671946,0.12415908657950882,0.028740895417165773,0.14686182458455424,0.12197809630234659,0.07878740905890307,0.19395772066209382,0.2165848722187085,WAR2,0.12675440203648317,0.09539706485713863,0.2506847759471568,0.09719404704624919,0.05007292747109275,0.08405692385159422,0.20693013707220123,0.088909721718084,ACQ2
485,USA,IRN,Nego,5.68,1.5,1,1,0.1162512845975427,0.14221862867723098,0.11527226972157814,0.0637357734580197,0.09248220100838622,0.08834400533167285,0.21748401315596827,0.16421182404960122,WAR1,0.12675440203648317,0.09539706485713863,0.2506847759471568,0.09719404704624919,0.05007292747109275,0.08405692385159422,0.20693013707220123,0.088909721718084,ACQ2
485,USA,IRN,Nego,5.68,1.51,1,1,0.1164788538388515,0.14306830455737315,0.1117202931756818,0.06448537753784872,0.09342511425748974,0.08808632704136277,0.21684966441357875,0.1658860651778134,WAR1,0.12675440203648317,0.09539706485713863,0.2506847759471568,0.09719404704624919,0.05007292747109275,0.08405692385159422,0.20693013707220123,0.088909721718084,ACQ2
485,USA,IRN,Nego,5.68,1.52,1,1,0.11665721646747157,0.1438686079596256,0.10824156359511969,0.06526991300576633,0.09436169953045533,0.08783094949916019,0.21622097962008746,0.16754907032231386,WAR1,0.12675440203648317,0.09539706485713863,0.2506847759471568,0.09719404704624919,0.05007292747109275,0.08405692385159422,0.20693013707220123,0.088909721718084,ACQ2
485,USA,IRN,Nego,5.68,1.53,1,1,0.11678588206265171,0.14461784993782034,0.10483812030588562,0.06609048823808766,0.09529113021257149,0.08757825575021125,0.215598901750576,0.1691993717421959,WAR1,0.12675440203648317,0.09539706485713863,0.2506847759471568,0.09719404704624919,0.05007292747109275,0.08405692385159422,0.20693013707220123,0.088909721718084,ACQ2
485,USA,IRN,Nego,5.68,1.54,1,1,0.11686452426486427,0.14531445945476273,0.10151180339831149,0.06694817772803088,0.096212592155535,0.0873286047326655,0.2149843144338647,0.1708355238319652,WAR1,0.12675440203648317,0.09539706485713863,0.2506847759471568,0.09719404704624919,0.05007292747109275,0.08405692385159422,0.20693013707220123,0.088909721718084,ACQ2
485,USA,IRN,Nego,5.68,1.55,1,1,0.11689298436175746,0.14595699124672717,0.09826424875421,0.06784401732648111,0.09712528657530316,0.08708232845784586,0.21437803501069613,0.17245610826697913,WAR1,0.12675440203648317,0.09539706485713863,0.2506847759471568,0.09719404704624919,0.05007292747109275,0.08405692385159422,0.20693013707220123,0.088909721718084,ACQ2
485,USA,IRN,Nego,5.68,1.56,1,1,0.11687127365840107,0.1465441329071658,0.09509688440867357,0.0687789996820091,0.09802843287238427,0.08683972938623123,0.21378080807396654,0.17405973901116834,WAR1,0.12675440203648317,0.09539706485713863,0.2506847759471568,0.09719404704624919,0.05007292747109275,0.08405692385159422,0.20693013707220123,0.088909721718084,ACQ2
485,USA,IRN,Nego,5.68,1.57,1,1,0.1167995745945611,0.14707471112161238,0.09201092827281238,0.06975406992068559,0.09892127135281059,0.08660107802780717,0.21319329956130262,0.1756450671484083,WAR1,0.12675440203648317,0.09539706485713863,0.2506847759471568,0.09719404704624919,0.05007292747109275,0.08405692385159422,0.20693013707220123,0.088909721718084,ACQ2
485,USA,IRN,Nego,5.68,1.58,1,1,0.11667824058820207,0.14754769699635137,0.0890073872262784,0.07077012160301616,0.09980306582941471,0.08636661079238088,0.21261609146299817,0.17721078550135813,WAR1,0.12675440203648317,0.09539706485713863,0.2506847759471568,0.09719404704624919,0.05007292747109275,0.08405692385159422,0.20693013707220123,0.088909721718084,ACQ2
485,USA,IRN,Nego,5.68,1.59,1,1,0.11650779460131654,0.1479622104348587,0.08608705757101773,0.07182799299151214,0.10067310608468444,0.0861365281120816,0.2120496772000122,0.17875563300451677,WAR1,0.12675440203648317,0.09539706485713863,0.2506847759471568,0.09719404704624919,0.05007292747109275,0.08405692385159422,0.20693013707220123,0.088909721718084,ACQ2
485,USA,IRN,Nego,5.68,1.6,1,1,0.11628892644118549,0.14831752352803299,0.08325052682066451,0.0729284636580833,0.10153071017835333,0.08591099285453774,0.211494457717551,0.1802783988015916,WAR1,0.12675440203648317,0.09539706485713863,0.2506847759471568,0.09719404704624919,0.05007292747109275,0.08405692385159422,0.20693013707220123,0.088909721718084,ACQ2
485,USA,IRN,Nego,5.68,1.61,1,1,0.11602248882692341,0.1486130629366167,0.08049817678369235,0.07407225145568946,0.10237522658495805,0.085690129041232,0.2109507383299329,0.18177792604095522,WAR1,0.12675440203648317,0.09539706485713863,0.2506847759471568,0.09719404704624919,0.05007292747109275,0.08405692385159422,0.20693013707220123,0.088909721718084,ACQ2
485,USA,IRN,Nego,5.68,1.62,1,1,0.11570949226732503,0.1488484112566646,0.07783018788317689,0.07526000987360404,0.10320603614881076,0.08547402088135996,0.21041872634215547,0.18325311534690325,WAR1,0.12675440203648317,0.09539706485713863,0.2506847759471568,0.09719404704624919,0.05007292747109275,0.08405692385159422,0.20693013707220123,0.088909721718084,ACQ2
485,USA,IRN,Nego,5.68,1.63,1,1,0.11535109881129173,0.14902330737124683,0.07524654464208672,0.07649232579034193,0.10402255384614713,0.08526271212725747,0.20989852946309545,0.18470292794853263,WAR1,0.12675440203648317,0.09539706485713863,0.2506847759471568,0.09719404704624919,0.05007292747109275,0.08405692385159422,0.20693013707220123,0.088909721718084,ACQ2
485,USA,IRN,Nego,5.68,1.64,1,1,0.11494861474618195,0.14913764580352848,0.07274704225063583,0.07776971763287444,0.10482423034657205,0.08505620575319231,0.20939015501476288,0.18612638845225216,WAR1,0.12675440203648317,0.09539706485713863,0.2506847759471568,0.09719404704624919,0.05007292747109275,0.08405692385159422,0.20693013707220123,0.088909721718084,ACQ2
485,USA,IRN,Nego,5.68,1.65,1,1,0.11450348233205204,0.14919147509773686,0.07033129412159655,0.0790926339453139,0.10561055336829335,0.08485446395513342,0.20889350993173295,0.1875225872481409,WAR1,0.12675440203648317,0.09539706485713863,0.2506847759471568,0.09719404704624919,0.05007292747109275,0.08405692385159422,0.20693013707220123,0.088909721718084,ACQ2
485,USA,IRN,Nego,5.68,1.66,1,1,0.11401727067071135,0.14918499526514503,0.06799874033071722,0.0804614523648885,0.10638104882396177,0.08465740846508898,0.20840840153497892,0.18889068254450786,WAR1,0.12675440203648317,0.09539706485713863,0.2506847759471568,0.09719404704624919,0.05007292747109275,0.08405692385159422,0.20693013707220123,0.088909721718084,ACQ2
485,USA,IRN,Nego,5.68,1.67,1,1,0.1134916658176501,0.14911855434187857,0.06574865683260861,0.0818764789978498,0.1071352817561891,0.08446492116981692,0.20793453905500486,0.19022990202900192,WAR1,0.12675440203648317,0.09539706485713863,0.2506847759471568,0.09719404704624919,0.05007292747109275,0.08405692385159422,0.20693013707220123,0.088909721718084,ACQ2
485,USA,IRN,Nego,5.68,1.68,1,1,0.11292846025208485,0.14899264411399915,0.06358016533767905,0.08333794818303689,0.10787285706395917,0.08427684502022247,0.20747153587058778,0.19153954415843055,WAR1,0.12675440203648317,0.09539706485713863,0.2506847759471568,0.09719404704624919,0.05007292747109275,0.08405692385159422,0.20693013707220123,0.088909721718084,ACQ2
485,USA,IRN,Nego,5.68,1.69,1,1,0.11232954182552865,0.1488078950728046,0.06149224373291058,0.08484602262625648,0.10859342002315078,0.08409298521462341,0.2070189124217228,0.19281897908300272,WAR1,0.12675440203648317,0.09539706485713863,0.2506847759471568,0.09719404704624919,0.05007292747109275,0.08405692385159422,0.20693013707220123,0.088909721718084,ACQ2
485,USA,IRN,Nego,5.68,1.7,1,1,0.11169688231241892,0.14856507066955793,0.0594837369284021,0.08640079388448209,0.10929665660623215,0.08391311063631827,0.20657609974860863,0.1940676492139799,WAR1,0.12675440203648317,0.09539706485713863,0.2506847759471568,0.09719404704624919,0.05007292747109275,0.08405692385159422,0.20693013707220123,0.088909721718084,ACQ2
485,USA,IRN,Nego,5.68,1.71,1,1,0.11103252568743112,0.1482650609438896,0.05755336801257473,0.08800228317519877,0.10998229360784503,0.08373695552358112,0.20614244360281603,0.1952850694466638,WAR1,0.12675440203648317,0.09539706485713863,0.2506847759471568,0.09719404704624919,0.05007292747109275,0.08405692385159422,0.20693013707220123,0.088909721718084,ACQ2
485,USA,IRN,Nego,5.68,1.72,1,1,0.1103385762532518,0.14790887560386612,0.05569974960159599,0.08965044248306725,0.11065009858445804,0.08356422134833538,0.20571720907218088,0.19647082705324462,WAR1,0.12675440203648317,0.09539706485713863,0.2506847759471568,0.09719404704624919,0.05007292747109275,0.08405692385159422,0.20693013707220123,0.088909721718084,ACQ2
485,USA,IRN,Nego,5.68,1.73,1,1,0.10961718673986953,0.14749763663823812,0.05392139527277941,0.09134515593348719,0.11129987961752674,0.0833945788783479,0.20529958565748457,0.19762458126226662,WAR1,0.12675440203648317,0.09539706485713863,0.2506847759471568,0.09719404704624919,0.05007292747109275,0.08405692385159422,0.20693013707220123,0.088909721718084,ACQ2
485,USA,IRN,Nego,5.68,1.74,1,1,0.10887054649200732,0.14703257054266952,0.05221673097726712,0.09308624140063614,0.111931484910641,0.08322767039682778,0.2048886927366296,0.19874606254332172,WAR1,0.12675440203648317,0.09539706485713863,0.2506847759471568,0.09719404704624919,0.05007292747109275,0.08405692385159422,0.20693013707220123,0.088909721718084,ACQ2
485,USA,IRN,Nego,5.68,1.75,1,1,0.10810086985533457,0.14651500024189576,0.05058410633401512,0.09487345231616018,0.11254480223197694,0.08306311205279912,0.2044835853507545,0.19983507161706388,WAR1,0.12675440203648317,0.09539706485713863,0.2506847759471568,0.09719404704624919,0.05007292747109275,0.08405692385159422,0.20693013707220123,0.088909721718084,ACQ2
485,USA,IRN,Nego,5.68,1.76,1,1,0.10731038486474047,0.14594633678880625,0.04902180571476444,0.0967064796438986,0.11313975821399067,0.08290049631553426,0.20408326024652235,0.20089147821174297,WAR1,0.12675440203648317,0.09539706485713863,0.2506847759471568,0.09719404704624919,0.05007292747109275,0.08405692385159422,0.20693013707220123,0.088909721718084,ACQ2
485,USA,IRN,Nego,5.68,1.77,1,1,0.10650132232942718,0.14532807091949743,0.047528059038094206,0.09858495398583361,0.11371631752271702,0.08273939450664247,0.2036866621095812,0.20191521958820688,WAR1,0.12675440203648317,0.09539706485713863,0.2506847759471568,0.09719404704624919,0.05007292747109275,0.08405692385159422,0.20693013707220123,0.088909721718084,ACQ2
485,USA,IRN,Nego,5.68,1.78,1,1,0.10567590540011809,0.14466176454048513,0.0461010521996064,0.10050844778485157,0.11427448190925586,0.0825793593840929,0.20329268992587352,0.20290629885571657,WAR1,0.12675440203648317,0.09539706485713863,0.2506847759471568,0.09719404704624919,0.05007292747109275,0.08405692385159422,0.20693013707220123,0.088909721718084,ACQ2
485,USA,IRN,Nego,5.68,1.79,1,1,0.1048363396934714,0.14394904222059846,0.04473893707459595,0.10247647759085729,0.114814289156073,0.0824199277534559,0.2029002034099549,0.20386478310099304,WAR2,0.12675440203648317,0.09539706485713863,0.2506847759471568,0.09719404704624919,0.05007292747109275,0.08405692385159422,0.20693013707220123,0.088909721718084,ACQ2
485,USA,IRN,Nego,5.68,1.8,1,1,0.1039848040380888,0.1431915827557141,0.04343984103902168,0.10448850635826261,0.1153358119306103,0.08226062308294785,0.20250802944267193,0.20479080135268246,WAR2,0.12675440203648317,0.09539706485713863,0.2506847759471568,0.09719404704624919,0.05007292747109275,0.08405692385159422,0.20693013707220123,0.088909721718084,ACQ2
485,USA,IRN,Nego,5.68,1.81,1,1,0.10312344189550733,0.1423911108695341,0.042201875964045496,0.10654394574483467,0.11583915655841263,0.08210095810040181,0.2021149684643496,0.20568454240291437,WAR2,0.12675440203648317,0.09539706485713863,0.2506847759471568,0.09719404704624919,0.05007292747109275,0.08405692385159422,0.20693013707220123,0.088909721718084,ACQ2
485,USA,IRN,Nego,5.68,1.82,1,1,0.1022543534984814,0.14154938910818238,0.04102314664869292,0.10864215838428487,0.1163244617275504,0.08194043735202865,0.2017198007739112,0.2065462525068681,WAR2,0.12675440203648317,0.09539706485713863,0.2506847759471568,0.09719404704624919,0.05007292747109275,0.08405692385159422,0.20693013707220123,0.088909721718084,ACQ2
485,USA,IRN,Nego,5.68,1.83,1,1,0.10137958873788715,0.14066820998059149,0.039901758664167966,0.11078246010775403,0.11679189713556669,0.08177855970472371,0.2013212926890224,0.20737623298028662,WAR2,0.12675440203648317,0.09539706485713863,0.2506847759471568,0.09719404704624919,0.05007292747109275,0.08405692385159422,0.20693013707220123,0.088909721718084,ACQ2
485,USA,IRN,Nego,5.68,1.84,1,1,0.10050114081889422,0.13974938839059348,0.03883582559191359,0.11296412209243274,0.1172416620895229,0.08161482077567271,0.20091820252726003,0.2081748377137103,WAR2,0.12675440203648317,0.09539706485713863,0.2506847759471568,0.09719404704624919,0.05007292747109275,0.08405692385159422,0.20693013707220123,0.088909721718084,ACQ2
485,USA,IRN,Nego,5.68,1.85,1,1,0.09962094069681388,0.13879475440041364,0.0378234756455431,0.11518637291889902,0.11767398406897543,0.08144871527507298,0.20050928637338997,0.20894247062089205,WAR2,0.12675440203648317,0.09539706485713863,0.2506847759471568,0.09719404704624919,0.05007292747109275,0.08405692385159422,0.20693013707220123,0.088909721718084,ACQ2
485,USA,IRN,Nego,5.68,1.86,1,1,0.09874085229337082,0.13780614635899263,0.036862857674202484,0.1174484005222665,0.11808911726091184,0.08127973924986928,0.20009330360296346,0.20967958303742315,WAR2,0.12675440203648317,0.09539706485713863,0.2506847759471568,0.09719404704624919,0.05007292747109275,0.08405692385159422,0.20693013707220123,0.088909721718084,ACQ2
485,USA,IRN,Nego,5.68,1.87,1,1,0.09786266848519916,0.13678540442233003,0.03595214655169261,0.11974935402587054,0.11848734107482231,0.08110739221846895,0.19966902213752916,0.21038667108408743,WAR2,0.12675440203648317,0.09539706485713863,0.2506847759471568,0.09719404704624919,0.05007292747109275,0.08405692385159422,0.20693013707220123,0.088909721718084,ACQ2
485,USA,IRN,Nego,5.68,1.88,1,1,0.09698810784819549,0.13573436448692378,0.03508954796174968,0.1220883454498889,0.11886895864520514,0.08093117918841736,0.19923522341171732,0.21106427300790248,WAR2,0.12675440203648317,0.09539706485713863,0.2506847759471568,0.09719404704624919,0.05007292747109275,0.08405692385159422,0.20693013707220123,0.088909721718084,ACQ2
485,USA,IRN,Nego,5.68,1.89,1,1,0.09611881213407228,0.13465485255147086,0.034273302595217194,0.12446445129093923,0.11923429532791772,0.08075061255094332,0.19879070703720492,0.21171296651223453,WAR2,0.12675440203648317,0.09539706485713863,0.2506847759471568,0.09719404704624919,0.05007292747109275,0.08405692385159422,0.20693013707220123,0.088909721718084,ACQ2
485,USA,IRN,Nego,5.68,1.9,1,1,0.09525634444906263,0.13354867951634627,0.03350168977944739,0.12687671397224395,0.11958369719591165,0.08056521384810932,0.19833429515306103,0.2123333660858175,WAR2,0.12675440203648317,0.09539706485713863,0.2506847759471568,0.09719404704624919,0.05007292747109275,0.08405692385159422,0.20693013707220123,0.088909721718084,ACQ2
485,USA,IRN,Nego,5.68,1.91,1,1,0.09440218809928345,0.13241763642505733,0.03277303056413581,0.12932414316735594,0.11991752953903968,0.08037451540999127,0.19786483645613212,0.21292612033900446,WAR2,0.12675440203648317,0.09539706485713863,0.2506847759471568,0.09719404704624919,0.05007292747109275,0.08405692385159422,0.20693013707220123,0.088909721718084,ACQ2
485,USA,IRN,Nego,5.68,1.92,1,1,0.09355774606274998,0.13126349014692992,0.032085690290952526,0.13180571700361868,0.12023617537181931,0.08017806186085594,0.19738120990892852,0.21349190935414483,WAR2,0.12675440203648317,0.09539706485713863,0.2506847759471568,0.09719404704624919,0.05007292747109275,0.08405692385159422,0.20693013707220123,0.088909721718084,ACQ2
485,USA,IRN,Nego,5.68,1.93,1,1,0.09272434104446269,0.13008797949576367,0.031438080676805806,0.1343203831544553,0.12054003395228743,0.07997541149468887,0.19688232812587989,0.21403144205565636,WAR2,0.12675440203648317,0.09539706485713863,0.2506847759471568,0.09719404704624919,0.05007292747109275,0.08405692385159422,0.20693013707220123,0.088909721718084,ACQ2
485,USA,IRN,Nego,5.68,1.94,1,1,0.09190321606829692,0.12889281177510753,0.030828661442402837,0.1368670598321946,0.12082951931439767,0.07976613752164043,0.1963671404418168,0.21454545360414312,WAR2,0.12675440203648317,0.09539706485713863,0.2506847759471568,0.09719404704624919,0.05007292747109275,0.08405692385159422,0.20693013707220123,0.088909721718084,ACQ2
485,USA,IRN,Nego,5.68,1.95,1,1,0.09109553555760369,0.127679659737211,0.030255941519002454,0.13944463669539778,0.12110505881581458,0.07954982918800264,0.19583463566911608,0.21503470281785164,WAR2,0.12675440203648317,0.09539706485713863,0.2506847759471568,0.09719404704624919,0.05007292747109275,0.08405692385159422,0.20693013707220123,0.088909721718084,ACQ2
485,USA,IRN,Nego,5.68,1.96,1,1,0.09030238685540118,0.12645015893957012,0.02971847986693732,0.1420519756865375,0.1213670917024333,0.07932609277320539,0.1952838445520894,0.2154999696238259,WAR2,0.12675440203648317,0.09539706485713863,0.2506847759471568,0.09719404704624919,0.05007292747109275,0.08405692385159422,0.20693013707220123,0.088909721718084,ACQ2
485,USA,IRN,Nego,5.68,1.97,1,1,0.08952478213473856,0.12520590548035637,0.029214885939670247,0.14468791181734963,0.12161606769053483,0.07909455246802591,0.19471384192894883,0.2159420525403754,WAR2,0.12675440203648317,0.09539706485713863,0.2506847759471568,0.09719404704624919,0.05007292747109275,0.08405692385159422,0.20693013707220123,0.088909721718084,ACQ2
485,USA,IRN,Nego,5.68,1.98,1,1,0.0887636606501893,0.12394845409184581,0.02874381982690319,0.14735125392023998,0.12185244556714915,0.07885485113876219,0.19412374861303713,0.2163617661918734,WAR2,0.12675440203648317,0.09539706485713863,0.2506847759471568,0.09719404704624919,0.05007292747109275,0.08405692385159422,0.20693013707220123,0.088909721718084,ACQ2
485,USA,IRN,Nego,5.68,1.99,1,1,0.08801989128237872,0.12267931656928577,0.028303992109628483,0.15004078538475107,0.1220766918089634,0.07860665098251549,0.19351273300599264,0.21675993885648437,WAR2,0.12675440203648317,0.09539706485713863,0.2506847759471568,0.09719404704624919,0.05007292747109275,0.08405692385159422,0.20693013707220123,0.088909721718084,ACQ2
485,USA,IRN,Nego,5.69,1.5,1,1,0.11595701101349429,0.14262302263674811,0.11205007129316231,0.0649528040799158,0.09331908549893794,0.08822042372822433,0.2171797817260107,0.16569780002350631,WAR1,0.12675440203648317,0.09539706485713863,0.2506847759471568,0.09719404704624919,0.05007292747109275,0.08405692385159422,0.20693013707220123,0.088909721718084,ACQ2
485,USA,IRN,Nego,5.69,1.51,1,1,0.11614676936403041,0.1434291973036152,0.10855742544653564,0.06574012516138156,0.0942564911952575,0.0879626157915702,0.21654511382209918,0.16736226191551037,WAR1,0.12675440203648317,0.09539706485713863,0.2506847759471568,0.09719404704624919,0.05007292747109275,0.08405692385159422,0.20693013707220123,0.088909721718084,ACQ2
485,USA,IRN,Nego,5.69,1.52,1,1,0.1162868991726095,0.14418435568268748,0.10514023640174189,0.06656338580393709,0.09518670452088915,0.08770746880647821,0.2159169966108167,0.16901395300084004,WAR1,0.12675440203648317,0.09539706485713863,0.2506847759471568,0.09719404704624919,0.05007292747109275,0.08405692385159422,0.20693013707220123,0.088909721718084,ACQ2
485,USA,IRN,Nego,5.69,1.53,1,1,0.11637704781015291,0.14488691070774268,0.10180037396342388,0.06742366056724834,0.09610890602911053,0.08745534957528661,0.21529633308093155,0.17065141826610333,WAR1,0.12675440203648317,0.09539706485713863,0.2506847759471568,0.09719404704624919,0.05007292747109275,0.08405692385159422,0.20693013707220123,0.088909721718084,ACQ2
485,USA,IRN,Nego,5.69,1.54,1,1,0.11641703069391326,0.1455354018250077,0.09853950199136913,0.06832198535115233,0.09702229191604435,0.08720659792799755,0.21468395982109947,0.17227323047341614,WAR1,0.12675440203648317,0.09539706485713863,0.2506847759471568,0.09719404704624919,0.05007292747109275,0.08405692385159422,0.20693013707220123,0.088909721718084,ACQ2
485,USA,IRN,Nego,5.69,1.55,1,1,0.11640683381448629,0.14612850219991502,0.09535907459392609,0.06925935280635505,0.09792607688424507,0.08696152403982665,0.2140806404162453,0.17387799524500058,WAR1,0.12675440203648317,0.09539706485713863,0.2506847759471568,0.09719404704624919,0.05007292747109275,0.08405692385159422,0.20693013707220123,0.088909721718084,ACQ2
485,USA,IRN,Nego,5.69,1.56,1,1,0.11634661499969035,0.14666502506179785,0.09226033370564586,0.07023670798798827,0.09881949690346696,0.08672040597507981,0.21348705940111395,0.17546435596521706,WAR1,0.12675440203648317,0.09539706485713863,0.2506847759471568,0.09719404704624919,0.05007292747109275,0.08405692385159422,0.20693013707220123,0.088909721718084,ACQ2
485,USA,IRN,Nego,5.69,1.57,1,1,0.11623670389277845,0.14714392912737237,0.08924430805969653,0.07125494428998828,0.09970181184763928,0.08648348748375642,0.2129038168359797,0.1770309984627893,WAR1,0.12675440203648317,0.09539706485713863,0.2506847759471568,0.09719404704624919,0.05007292747109275,0.08405692385159422,0.20693013707220123,0.088909721718084,ACQ2
485,USA,IRN,Nego,5.69,1.58,1,1,0.11607760063963422,0.14756432305559927,0.08631181354770832,0.07231489969434757,0.10057230798880251,0.08625097607383404,0.21233142356102436,0.17857665543904994,WAR1,0.12675440203648317,0.09539706485713863,0.2506847759471568,0.09719404704624919,0.05007292747109275,0.08405692385159422,0.20693013707220123,0.088909721718084,ACQ2
485,USA,IRN,Nego,5.69,1.59,1,1,0.11586997329690607,0.1479254688988822,0.0834634549421668,0.07341735336485668,0.10143030033073458,0.08602304137838607,0.21177029717653012,0.18010011061153738,WAR1,0.12675440203648317,0.09539706485713863,0.2506847759471568,0.09719404704624919,0.05007292747109275,0.08405692385159422,0.20693013707220123,0.088909721718084,ACQ2
485,USA,IRN,Nego,5.69,1.6,1,1,0.11561465399010853,0.1482267845283068,0.08069962893965729,0.074563022610069,0.10227513476716406,0.08579981383259495,0.2112207587859699,0.18160020254612946,WAR1,0.12675440203648317,0.09539706485713863,0.2506847759471568,0.09719404704624919,0.05007292747109275,0.08405692385159422,0.20693013707220123,0.088909721718084,ACQ2
485,USA,IRN,Nego,5.69,1.61,1,1,0.11531263386721613,0.14846784502347068,0.07802052846749645,0.07575256023500909,0.1031061900517918,0.08558138367144678,0.21068303052854648,0.18307582815502269,WAR1,0.12675440203648317,0.09539706485713863,0.2506847759471568,0.09719404704624919,0.05007292747109275,0.08405692385159422,0.20693013707220123,0.088909721718084,ACQ2
485,USA,IRN,Nego,5.69,1.62,1,1,0.11496505690885794,0.14864838303017514,0.07542614818185854,0.0769865522957,0.10392287956976501,0.08536780025451626,0.21015723391695718,0.1845259458421699,WAR1,0.12675440203648317,0.09539706485713863,0.2506847759471568,0.09719404704624919,0.05007292747109275,0.08405692385159422,0.20693013707220123,0.088909721718084,ACQ2
485,USA,IRN,Nego,5.69,1.63,1,1,0.11457321267060909,0.14876828810157308,0.0729162910726716,0.07826551626501871,0.10472465290271858,0.08515907171986564,0.20964338898536788,0.18594957828217537,WAR1,0.12675440203648317,0.09539706485713863,0.2506847759471568,0.09719404704624919,0.05007292747109275,0.08405692385159422,0.20693013707220123,0.088909721718084,ACQ2
485,USA,IRN,Nego,5.69,1.64,1,1,0.11413852804578209,0.14882760505010628,0.07049057607951592,0.07958989961281174,0.105510997181977,0.08495516496477858,0.20914141424198307,0.18734581482304535,WAR1,0.12675440203648317,0.09539706485713863,0.2506847759471568,0.09719404704624919,0.05007292747109275,0.08405692385159422,0.20693013707220123,0.088909721718084,ACQ2
485,USA,IRN,Nego,5.69,1.65,1,1,0.113662558148351,0.14882653134850227,0.06814844661365609,0.08096007879771751,0.10628143822693835,0.08475600594691077,0.20865112741041514,0.188713813507509,WAR1,0.12675440203648317,0.09539706485713863,0.2506847759471568,0.09719404704624919,0.05007292747109275,0.08405692385159422,0.20693013707220123,0.088909721718084,ACQ2
485,USA,IRN,Nego,5.69,1.66,1,1,0.11314697642499955,0.1487654136280728,0.06588917987426524,0.08237635866285017,0.1070355414680153,0.08456148029554304,0.20817224693445752,0.19005280271179642,WAR1,0.12675440203648317,0.09539706485713863,0.2506847759471568,0.09719404704624919,0.05007292747109275,0.08405692385159422,0.20693013707220123,0.088909721718084,ACQ2
485,USA,IRN,Nego,5.69,1.67,1,1,0.11259356411265906,0.14864474333144637,0.06371189684190354,0.08383897222248879,0.1077729126557326,0.08437143421902861,0.2077043942120263,0.19136208240471483,WAR1,0.12675440203648317,0.09539706485713863,0.2506847759471568,0.09719404704624919,0.05007292747109275,0.08405692385159422,0.20693013707220123,0.088909721718084,ACQ2
485,USA,IRN,Nego,5.69,1.68,1,1,0.11200419916321333,0.1484651515845395,0.06161557282937138,0.08534808082227198,0.10849319835965875,0.08418567569130142,0.20724709651608894,0.19264102503355474,WAR1,0.12675440203648317,0.09539706485713863,0.2506847759471568,0.09719404704624919,0.05007292747109275,0.08405692385159422,0.20693013707220123,0.088909721718084,ACQ2
485,USA,IRN,Nego,5.69,1.69,1,1,0.11138084476026934,0.14822740335899331,0.05959904846911704,0.08690377465119166,0.10919608626275008,0.08400397589749115,0.2067997905534589,0.19388907604672823,WAR1,0.12675440203648317,0.09539706485713863,0.2506847759471568,0.09719404704624919,0.05007292747109275,0.08405692385159422,0.20693013707220123,0.088909721718084,ACQ2
485,USA,IRN,Nego,5.69,1.7,1,1,0.11072553755405175,0.14793239100140052,0.057661041017335414,0.08850607357996834,0.10988130525838763,0.08382607091631193,0.20636182660647653,0.19510575406606798,WAR1,0.12675440203648317,0.09539706485713863,0.2506847759471568,0.09719404704624919,0.05007292747109275,0.08405692385159422,0.20693013707220123,0.088909721718084,ACQ2
485,USA,IRN,Nego,5.69,1.71,1,1,0.11004037573963686,0.14758112720943523,0.055800155857609786,0.09015492829723158,0.11054862535887616,0.0836516636149749,0.20593247319787716,0.1962906507243585,WAR1,0.12675440203648317,0.09539706485713863,0.2506847759471568,0.09719404704624919,0.05007292747109275,0.08405692385159422,0.20693013707220123,0.088909721718084,ACQ2
485,USA,IRN,Nego,5.69,1.72,1,1,0.1093275071010044,0.14717473753748506,0.054014898091260054,0.09185022171234523,0.11119785742545027,0.0834804257309297,0.2055109222155929,0.19744343018593252,WAR1,0.12675440203648317,0.09539706485713863,0.2506847759471568,0.09719404704624919,0.05007292747109275,0.08405692385159422,0.20693013707220123,0.088909721718084,ACQ2
485,USA,IRN,Nego,5.69,1.73,1,1,0.10858911713890011,0.14671445251559936,0.05230368410727006,0.09359177059175015,0.11182885273087018,0.0833120001137645,0.2050962944318306,0.19856382837001496,WAR1,0.12675440203648317,0.09539706485713863,0.2506847759471568,0.09719404704624919,0.05007292747109275,0.08405692385159422,0.20693013707220123,0.088909721718084,ACQ2
485,USA,IRN,Nego,5.69,1.74,1,1,0.10782741739443068,0.14620159946559336,0.05066485303158315,0.095379327394346,0.11244150236651346,0.08314600310007984,0.2046876453495017,0.19965165189795173,WAR1,0.12675440203648317,0.09539706485713863,0.2506847759471568,0.09719404704624919,0.05007292747109275,0.08405692385159422,0.20693013707220123,0.088909721718084,ACQ2
485,USA,IRN,Nego,5.69,1.75,1,1,0.1070446340728479,0.145637594097042,0.04909667796344915,0.09721258227070799,0.11303573650646433,0.08298202699407352,0.2042839713088914,0.20070677678652382,WAR1,0.12675440203648317,0.09539706485713863,0.2506847759471568,0.09719404704624919,0.05007292747109275,0.08405692385159422,0.20693013707220123,0.088909721718084,ACQ2
485,USA,IRN,Nego,5.69,1.76,1,1,0.10624299706334255,0.14502393196375965,0.04759737691517734,0.09909116519082316,0.11361152354148456,0.0828196426269112,0.20388421578828,0.20172914691022165,WAR1,0.12675440203648317,0.09539706485713863,0.2506847759471568,0.09719404704624919,0.05007292747109275,0.08405692385159422,0.20693013707220123,0.088909721718084,ACQ2
485,USA,IRN,Nego,5.69,1.77,1,1,0.10542472944106375,0.1443621798582995,0.04616512338087332,0.10101464816551492,0.11416886909592848,0.08265840196866593,0.2034872758339794,0.2027187722556745,WAR1,0.12675440203648317,0.09539706485713863,0.2506847759471568,0.09719404704624919,0.05007292747109275,0.08405692385159422,0.20693013707220123,0.088909721718084,ACQ2
485,USA,IRN,Nego,5.69,1.78,1,1,0.10459203752724512,0.14365396721811302,0.04479805646931523,0.10298254752777354,0.11470781494065055,0.08249784076766331,0.20309200855783432,0.20367572699140515,WAR2,0.12675440203648317,0.09539706485713863,0.2506847759471568,0.09719404704624919,0.05007292747109275,0.08405692385159422,0.20693013707220123,0.088909721718084,ACQ2
485,USA,IRN,Nego,5.69,1.79,1,1,0.103747101572478,0.14290097761242113,0.04349429054585981,0.10499432624178663,0.11522843781476483,0.08233748119340807,0.20269723764354214,0.2046001473757394,WAR2,0.12675440203648317,0.09539706485713863,0.2506847759471568,0.09719404704624919,0.05007292747109275,0.08405692385159422,0.20693013707220123,0.088909721718084,ACQ2
485,USA,IRN,Nego,5.69,1.8,1,1,0.10289206711704066,0.14210494037366503,0.04225192433798311,0.1070493962095277,0.11573084816876672,0.08217683446086317,0.20230175980706552,0.2054922295250881,WAR2,0.12675440203648317,0.09539706485713863,0.2506847759471568,0.09719404704624919,0.05007292747109275,0.08405692385159422,0.20693013707220123,0.088909721718084,ACQ2
485,USA,IRN,Nego,5.69,1.81,1,1,0.10202903707098528,0.14126762243174537,0.04106904946859166,0.10914712054724468,0.11621518884103386,0.08201540341564215,0.20190435116082153,0.20635222706393547,WAR2,0.12675440203648317,0.09539706485713863,0.2506847759471568,0.09719404704624919,0.05007292747109275,0.08405692385159422,0.20693013707220123,0.088909721718084,ACQ2
485,USA,IRN,Nego,5.69,1.82,1,1,0.10116006454560049,0.1403908204032527,0.03994375839044878,0.11128681580705589,0.11668163367911251,0.08185268506162047,0.2015037734361201,0.20718044867678903,WAR2,0.12675440203648317,0.09539706485713863,0.2506847759471568,0.09719404704624919,0.05007292747109275,0.08405692385159422,0.20693013707220123,0.088909721718084,ACQ2
485,USA,IRN,Nego,5.69,1.83,1,1,0.10028714645707763,0.13947635298163316,0.03887415170381917,0.11346775412202395,0.11713038611647886,0.08168817301452383,0.2010987800233724,0.20797725558107055,WAR2,0.12675440203648317,0.09539706485713863,0.2506847759471568,0.09719404704624919,0.05007292747109275,0.08405692385159422,0.20693013707220123,0.088909721718084,ACQ2
485,USA,IRN,Nego,5.69,1.84,1,1,0.09941221791288565,0.13852605366784285,0.03785834484765033,0.1156891652564908,0.11756167771466744,0.08152135986716175,0.20068812179478882,0.20874305893851214,WAR2,0.12675440203648317,0.09539706485713863,0.2506847759471568,0.09719404704624919,0.05007292747109275,0.08405692385159422,0.20693013707220123,0.088909721718084,ACQ2
485,USA,IRN,Nego,5.69,1.85,1,1,0.09853714738163036,0.13754176387461856,0.03689447416218948,0.11795023854703009,0.11797576667980109,0.08135173945410351,0.20027055267952631,0.20947831722110052,WAR2,0.12675440203648317,0.09539706485713863,0.2506847759471568,0.09719404704624919,0.05007292747109275,0.08405692385159422,0.20693013707220123,0.088909721718084,ACQ2
485,USA,IRN,Nego,5.69,1.86,1,1,0.09766373263816483,0.13652532643112508,0.03598070232783374,0.12025012472305997,0.11837293636165783,0.08117880900570501,0.19984483496644143,0.21018353354601227,WAR2,0.12675440203648317,0.09539706485713863,0.2506847759471568,0.09719404704624919,0.05007292747109275,0.08405692385159422,0.20693013707220123,0.088909721718084,ACQ2
485,USA,IRN,Nego,5.69,1.87,1,1,0.09679369746751017,0.13547857950851702,0.03511522319117111,0.12258793759986543,0.11875349374248974,0.08100207118344374,0.19940974431464772,0.21085925299235497,WAR2,0.12675440203648317,0.09539706485713863,0.2506847759471568,0.09719404704624919,0.05007292747109275,0.08405692385159422,0.20693013707220123,0.088909721718084,ACQ2
485,USA,IRN,Nego,5.69,1.88,1,1,0.09592868910381845,0.13440335098095801,0.03429626599458421,0.12496275564045714,0.1191177679218902,0.08082103599048382,0.19896407445691855,0.21150605991088955,WAR2,0.12675440203648317,0.09539706485713863,0.2506847759471568,0.09719404704624919,0.05007292747109275,0.08405692385159422,0.20693013707220123,0.088909721718084,ACQ2
485,USA,IRN,Nego,5.69,1.89,1,1,0.09507027637420158,0.1333014532309256,0.03352209903043564,0.1273736233862649,0.11946610860309809,0.0806352225532439,0.19850664158552536,0.21212457523630493,WAR2,0.12675440203648317,0.09539706485713863,0.2506847759471568,0.09719404704624919,0.05007292747109275,0.08405692385159422,0.20693013707220123,0.088909721718084,ACQ2
485,USA,IRN,Nego,5.69,1.9,1,1,0.0942199485117891,0.1321746784022788,0.03279103274475565,0.12981955276007315,0.11979888458525942,0.08044416077145246,0.19803628841432,0.21271545381007131,WAR2,0.12675440203648317,0.09539706485713863,0.2506847759471568,0.09719404704624919,0.05007292747109275,0.08405692385159422,0.20693013707220123,0.088909721718084,ACQ2
485,USA,IRN,Nego,5.69,1.91,1,1,0.09337911459786241,0.13102479409959344,0.032101422318516225,0.13229952424779448,0.12011648226534484,0.08024739283573688,0.1975518879147142,0.2132793817204376,WAR2,0.12675440203648317,0.09539706485713863,0.2506847759471568,0.09719404704624919,0.05007292747109275,0.08405692385159422,0.20693013707220123,0.088909721718084,ACQ2
485,USA,IRN,Nego,5.69,1.92,1,1,0.09254910358933519,0.12985353952774703,0.03145166975704759,0.13481248796859507,0.12041930415265797,0.08004447461318819,0.19705234672664293,0.2138170736647862,WAR2,0.12675440203648317,0.09539706485713863,0.2506847759471568,0.09719404704624919,0.05007292747109275,0.08405692385159422,0.20693013707220123,0.088909721718084,ACQ2
485,USA,IRN,Nego,5.69,1.93,1,1,0.09173116488517374,0.1286626220616654,0.030840225519961476,0.1373573646454853,0.12070776739818773,0.0798349769025681,0.19653660824861496,0.2143292703383431,WAR2,0.12675440203648317,0.09539706485713863,0.2506847759471568,0.09719404704624919,0.05007292747109275,0.08405692385159422,0.20693013707220123,0.088909721718084,ACQ2
485,USA,IRN,Nego,5.69,1.94,1,1,0.09092646938352665,0.1274537142325577,0.03026558972514809,0.13993304649073932,0.12098230234044967,0.07961848656187404,0.19600365541353712,0.2148167358521677,WAR2,0.12675440203648317,0.09539706485713863,0.2506847759471568,0.09719404704624919,0.05007292747109275,0.08405692385159422,0.20693013707220123,0.088909721718084,ACQ2
485,USA,IRN,Nego,5.69,1.95,1,1,0.09013611098032039,0.12622845111387096,0.029726312961058793,0.14253839802236354,0.12124335106894954,0.07939460751185355,0.19545251315915108,0.2152802551824322,WAR2,0.12675440203648317,0.09539706485713863,0.2506847759471568,0.09719404704624919,0.05007292747109275,0.08405692385159422,0.20693013707220123,0.088909721718084,ACQ2
485,USA,IRN,Nego,5.69,1.96,1,1,0.08936110845978684,0.12498842808759708,0.02922099674163214,0.1451722568292983,0.12149136600598476,0.07916296161976843,0.1948822506036711,0.2157206316522613,WAR2,0.12675440203648317,0.09539706485713863,0.2506847759471568,0.09719404704624919,0.05007292747109275,0.08405692385159422,0.20693013707220123,0.088909721718084,ACQ2
485,USA,IRN,Nego,5.69,1.97,1,1,0.0886024077277728,0.12373519896944135,0.028748293637927375,0.14783343430405557,0.12172680850717345,0.07892318946825339,0.19429198293855038,0.21613868444682532,WAR2,0.12675440203648317,0.09539706485713863,0.2506847759471568,0.09719404704624919,0.05007292747109275,0.08405692385159422,0.20693013707220123,0.088909721718084,ACQ2
485,USA,IRN,Nego,5.69,1.98,1,1,0.08786088433964163,0.12247027446972977,0.028306907119852856,0.1505207163621052,0.1219501474808816,0.07867495101451452,0.1936808730512857,0.2165352461619889,WAR2,0.12675440203648317,0.09539706485713863,0.2506847759471568,0.09719404704624919,0.05007292747109275,0.08405692385159422,0.20693013707220123,0.088909721718084,ACQ2
485,USA,IRN,Nego,5.69,1.99,1,1,0.0871373462760566,0.12119512096573869,0.027895591140377263,0.15323286416747942,0.12216185802658762,0.07841792614536935,0.1930481328918067,0.2169111603865841,WAR2,0.12675440203648317,0.09539706485713863,0.2506847759471568,0.09719404704624919,0.05007292747109275,0.08405692385159422,0.20693013707220123,0.088909721718084,ACQ2
485,USA,IRN,Nego,5.7,1.5,1,1,0.11564249838884258,0.14298374046104506,0.10887715263053972,0.066209269836943,0.09414962021357823,0.08809476942062179,0.21687044774250908,0.1671725013059209,WAR1,0.12675440203648317,0.09539706485713863,0.2506847759471568,0.09719404704624919,0.05007292747109275,0.08405692385159422,0.20693013707220123,0.088909721718084,ACQ2
485,USA,IRN,Nego,5.7,1.51,1,1,0.11579402934249408,0.14374476033590555,0.10544625890781242,0.06703516198415349,0.09508062120486632,0.08783720295707688,0.2162363742936562,0.16882559097403488,WAR1,0.12675440203648317,0.09539706485713863,0.2506847759471568,0.09719404704624919,0.05007292747109275,0.08405692385159422,0.20693013707220123,0.088909721718084,ACQ2
485,USA,IRN,Nego,5.7,1.52,1,1,0.11589562711640908,0.14445321686718093,0.10209288119607253,0.06789796148294358,0.0960035702857061,0.08758264710176018,0.21560971231722903,0.1704643836326986,WAR1,0.12675440203648317,0.09539706485713863,0.2506847759471568,0.09719404704624919,0.05007292747109275,0.08405692385159422,0.20693013707220123,0.088909721718084,ACQ2
485,USA,IRN,Nego,5.7,1.53,1,1,0.11594708107970648,0.14510763413674282,0.09881871169236252,0.06879870428333584,0.0969176585919314,0.08733144950445525,0.21499131765251006,0.17208744305895568,WAR1,0.12675440203648317,0.09539706485713863,0.2506847759471568,0.09719404704624919,0.05007292747109275,0.08405692385159422,0.20693013707220123,0.088909721718084,ACQ2
485,USA,IRN,Nego,5.7,1.54,1,1,0.1159483516929847,0.14570667075355487,0.0956252309848421,0.06973838307186511,0.09782209607425686,0.08708392807050803,0.21438197291434868,0.17369336643763936,WAR1,0.12675440203648317,0.09539706485713863,0.2506847759471568,0.09719404704624919,0.05007292747109275,0.08405692385159422,0.20693013707220123,0.088909721718084,ACQ2
485,USA,IRN,Nego,5.7,1.55,1,1,0.1158995719221399,0.14624912631015752,0.09251370548042641,0.07071794289857444,0.09871611429940341,0.08684036844774422,0.21378238130649074,0.17528078933506364,WAR1,0.12675440203648317,0.09539706485713863,0.2506847759471568,0.09719404704624919,0.05007292747109275,0.08405692385159422,0.20693013707220123,0.088909721718084,ACQ2
485,USA,IRN,Nego,5.7,1.56,1,1,0.1158010473549974,0.14673394690347405,0.08948518625186219,0.07173827708818867,0.09959896912345015,0.08660102176871562,0.2131931610634729,0.176848390445839,WAR1,0.12675440203648317,0.09539706485713863,0.2506847759471568,0.09719404704624919,0.05007292747109275,0.08405692385159422,0.20693013707220123,0.088909721718084,ACQ2
485,USA,IRN,Nego,5.7,1.57,1,1,0.11565325501388328,0.14716022967107092,0.08654050929820051,0.07280022347007327,0.10046994321763673,0.08636610267198526,0.21261484057945046,0.1783948960776996,WAR1,0.12675440203648317,0.09539706485713863,0.2506847759471568,0.09719404704624919,0.05007292747109275,0.08405692385159422,0.20693013707220123,0.088909721718084,ACQ2
485,USA,IRN,Nego,5.7,1.58,1,1,0.11545684087487144,0.14752722630671636,0.08368029719457683,0.07390456095703504,0.10132834842889804,0.0861357876222716,0.21204785427275202,0.17991908434287854,WAR1,0.12675440203648317,0.09539706485713863,0.2506847759471568,0.09719404704624919,0.05007292747109275,0.08405692385159422,0.20693013707220123,0.088909721718084,ACQ2
485,USA,IRN,Nego,5.7,1.59,1,1,0.11521261612183474,0.14783434553218636,0.08090496208988227,0.07505200649802553,0.10217352795968342,0.08591021354509917,0.21149253922468267,0.18141978902860584,WAR1,0.12675440203648317,0.09539706485713863,0.2506847759471568,0.09719404704624919,0.05007292747109275,0.08405692385159422,0.20693013707220123,0.088909721718084,ACQ2
485,USA,IRN,Nego,5.7,1.6,1,1,0.11492155218025356,0.14808115451550427,0.0782147099946222,0.07624321242445989,0.10300485835403995,0.08568947678721736,0.2109491326202963,0.18289590312360648,WAR1,0.12675440203648317,0.09539706485713863,0.2506847759471568,0.09719404704624919,0.05007292747109275,0.08405692385159422,0.20693013707220123,0.088909721718084,ACQ2
485,USA,IRN,Nego,5.7,1.61,1,1,0.11458477459164933,0.1482673792388947,0.07560954628634978,0.07747876420428312,0.10382175127946945,0.08547363240956117,0.2104177700078182,0.18434638198197423,WAR1,0.12675440203648317,0.09539706485713863,0.2506847759471568,0.09719404704624919,0.05007292747109275,0.08405692385159422,0.20693013707220123,0.088909721718084,ACQ2
485,USA,IRN,Nego,5.7,1.62,1,1,0.11420355580421084,0.14839290383244153,0.07308928234675939,0.0787591786122176,0.10462365509665411,0.08526269381502631,0.2098984843823059,0.18577024611038417,WAR1,0.12675440203648317,0.09539706485713863,0.2506847759471568,0.09719404704624919,0.05007292747109275,0.08405692385159422,0.20693013707220123,0.088909721718084,ACQ2
485,USA,IRN,Nego,5.7,1.63,1,1,0.11377930696839263,0.14845776890153328,0.07065354323307946,0.0800849023189107,0.10541005621172841,0.08505663270890716,0.20939120608825632,0.18716658356919197,WAR1,0.12675440203648317,0.09539706485713863,0.2506847759471568,0.09719404704624919,0.05007292747109275,0.08405692385159422,0.20693013707220123,0.088909721718084,ACQ2
485,USA,IRN,Nego,5.7,1.64,1,1,0.11331356883775838,0.14846216888744093,0.06830177627693548,0.08145631089609785,0.10618048020831176,0.08485537938559165,0.20889576352538736,0.18853455198247673,WAR1,0.12675440203648317,0.09539706485713863,0.2506847759471568,0.09719404704624919,0.05007292747109275,0.08405692385159422,0.20693013707220123,0.088909721718084,ACQ2
485,USA,IRN,Nego,5.7,1.65,1,1,0.11280800188493859,0.1484064485106486,0.06603326049649261,0.0828737082294885,0.1069344927589613,0.08465882333109719,0.20841188463195173,0.18987338015642147,WAR1,0.12675440203648317,0.09539706485713863,0.2506847759471568,0.09719404704624919,0.05007292747109275,0.08405692385159422,0.20693013707220123,0.088909721718084,ACQ2
485,USA,IRN,Nego,5.7,1.66,1,1,0.11226437575014421,0.14829109835567933,0.06384711670245694,0.08433732632598118,0.10767170031801916,0.08446681412733695,0.20793919911084735,0.191182369309535,WAR1,0.12675440203648317,0.09539706485713863,0.2506847759471568,0.09719404704624919,0.05007292747109275,0.08405692385159422,0.20693013707220123,0.088909721718084,ACQ2
485,USA,IRN,Nego,5.7,1.67,1,1,0.11168455814513926,0.14811674966404056,0.061742318175416,0.08584732549708801,0.10839175059997866,0.08427916264068544,0.20747724135561035,0.1924608939220417,WAR1,0.12675440203648317,0.09539706485713863,0.2506847759471568,0.09719404704624919,0.05007292747109275,0.08405692385159422,0.20693013707220123,0.088909721718084,ACQ2
485,USA,IRN,Nego,5.7,1.68,1,1,0.11107050333891197,0.14788416840846896,0.05971770179097272,0.08740379489619313,0.10909433284945509,0.08409564247451236,0.20702545402624356,0.19370840221524213,WAR1,0.12675440203648317,0.09539706485713863,0.2506847759471568,0.09719404704624919,0.05007292747109275,0.08405692385159422,0.20693013707220123,0.088909721718084,ACQ2
485,USA,IRN,Nego,5.7,1.69,1,1,0.11042424035250756,0.14759424872684632,0.05777197947006018,0.08900675338351717,0.10977917791059398,0.08391599166291006,0.20658319221880883,0.1949244162747559,WAR1,0.12675440203648317,0.09539706485713863,0.2506847759471568,0.09719404704624919,0.05007292747109275,0.08405692385159422,0.20693013707220123,0.088909721718084,ACQ2
485,USA,IRN,Nego,5.7,1.7,1,1,0.1097478609896672,0.14724800579797467,0.05590374983458855,0.09065615068949381,0.11044605810527316,0.08373991458087067,0.20614972816787597,0.19610853183425575,WAR1,0.12675440203648317,0.09539706485713863,0.2506847759471568,0.09719404704624919,0.05007292747109275,0.08405692385159422,0.20693013707220123,0.088909721718084,ACQ2
485,USA,IRN,Nego,5.7,1.71,1,1,0.10904350782717379,0.14684656824386683,0.05411150995298545,0.09235186884468742,0.11109478693073845,0.08356708404469147,0.20572425641726835,0.19726041773858824,WAR1,0.12675440203648317,0.09539706485713863,0.2506847759471568,0.09719404704624919,0.05007292747109275,0.08405692385159422,0.20693013707220123,0.088909721718084,ACQ2
485,USA,IRN,Nego,5.7,1.72,1,1,0.10831336228426544,0.1463911701443536,0.052393667066057095,0.0940937238424416,0.11172521858835809,0.08339714357538933,0.20530589939210633,0.19837981510702835,WAR1,0.12675440203648317,0.09539706485713863,0.2506847759471568,0.09719404704624919,0.05007292747109275,0.08405692385159422,0.20693013707220123,0.088909721718084,ACQ2
485,USA,IRN,Nego,5.7,1.73,1,1,0.10755963288433452,0.1458831427497256,0.050748550190705385,0.09588146749914772,0.11233724735598918,0.08322970979738767,0.2048937133038602,0.19946653621884983,WAR1,0.12675440203648317,0.09539706485713863,0.2506847759471568,0.09719404704624919,0.05007292747109275,0.08405692385159422,0.20693013707220123,0.088909721718084,ACQ2
485,USA,IRN,Nego,5.7,1.74,1,1,0.10678454381456971,0.14532390597586806,0.049174421507162266,0.09771478947635244,0.1129308068170156,0.08306437494466945,0.2044866943199608,0.2005204631444018,WAR1,0.12675440203648317,0.09539706485713863,0.2506847759471568,0.09719404704624919,0.05007292747109275,0.08405692385159422,0.20693013707220123,0.088909721718084,ACQ2
485,USA,IRN,Nego,5.7,1.75,1,1,0.10599032388043857,0.1447149597640348,0.04766948744432245,0.09959331942889604,0.11350586895946851,0.08290070944694496,0.2040837849303915,0.2015415461455027,WAR1,0.12675440203648317,0.09539706485713863,0.2506847759471568,0.09719404704624919,0.05007292747109275,0.08405692385159422,0.20693013707220123,0.088909721718084,ACQ2
485,USA,IRN,Nego,5.7,1.76,1,1,0.10517919594218415,0.1440578753841383,0.046231909387247694,0.10151662924383129,0.11406244315876866,0.08273826456912677,0.2036838804455099,0.20252980186919325,WAR1,0.12675440203648317,0.09539706485713863,0.2506847759471568,0.09719404704624919,0.05007292747109275,0.08405692385159422,0.20693013707220123,0.088909721718084,ACQ2
485,USA,IRN,Nego,5.7,1.77,1,1,0.10435336691003626,0.14335428675632947,0.04485981394076521,0.10348423533601671,0.11460057505756464,0.08257657507849042,0.20328583556202615,0.20348531135877104,WAR2,0.12675440203648317,0.09539706485713863,0.2506847759471568,0.09719404704624919,0.05007292747109275,0.08405692385159422,0.20693013707220123,0.088909721718084,ACQ2
485,USA,IRN,Nego,5.7,1.78,1,1,0.10351501836386608,0.14260588186082265,0.04355130269308896,0.10549560096794985,0.11512034535589546,0.08241516191529064,0.20288847093748724,0.20440821790559918,WAR2,0.12675440203648317,0.09539706485713863,0.2506847759471568,0.09719404704624919,0.05007292747109275,0.08405692385159422,0.20693013707220123,0.088909721718084,ACQ2
485,USA,IRN,Nego,5.7,1.79,1,1,0.10266629785174962,0.1418143943005119,0.042304461433367385,0.10755013856355365,0.11562186852449145,0.08225353484424007,0.20249057971765008,0.20529872476443586,WAR2,0.12675440203648317,0.09539706485713863,0.2506847759471568,0.09719404704624919,0.05007292747109275,0.08405692385159422,0.20693013707220123,0.088909721718084,ACQ2
485,USA,IRN,Nego,5.7,1.8,1,1,0.10180931091057666,0.14098159507505323,0.04111736878684064,0.10964721198821302,0.11610529145347755,0.0820911950661041,0.20209093396566827,0.20615709275406674,WAR2,0.12675440203648317,0.09539706485713863,0.2506847759471568,0.09719404704624919,0.05007292747109275,0.08405692385159422,0.20693013707220123,0.088909721718084,ACQ2
485,USA,IRN,Nego,5.7,1.81,1,1,0.10094611384064318,0.1401092846188639,0.039988104240725464,0.11178613877029941,0.11657079204806471,0.08192763777066146,0.20168829094693425,0.20698363776380754,WAR2,0.12675440203648317,0.09539706485713863,0.2506847759471568,0.09719404704624919,0.05007292747109275,0.08405692385159422,0.20693013707220123,0.088909721718084,ACQ2
485,USA,IRN,Nego,5.7,1.82,1,1,0.10007870725527619,0.13919928514904442,0.038914755542911045,0.11396619224267145,0.1170185777820424,0.08176235461438275,0.2012813992285927,0.20777872818507895,WAR2,0.12675440203648317,0.09539706485713863,0.2506847759471568,0.09719404704624919,0.05007292747109275,0.08405692385159422,0.20693013707220123,0.088909721718084,ACQ2
485,USA,IRN,Nego,5.7,1.83,1,1,0.09920903041612747,0.13825343336265997,0.037895425463940376,0.11618660358611,0.11744888421902816,0.08159483610834037,0.2008690045580634,0.20854278228573034,WAR2,0.12675440203648317,0.09539706485713863,0.2506847759471568,0.09719404704624919,0.05007292747109275,0.08405692385159422,0.20693013707220123,0.088909721718084,ACQ2
485,USA,IRN,Nego,5.7,1.84,1,1,0.0983389563549727,0.13727357351623987,0.03692823792049039,0.11844656376029272,0.11786197351052187,0.08142457390403887,0.20044985549026592,0.2092762655431778,WAR2,0.12675440203648317,0.09539706485713863,0.2506847759471568,0.09719404704624919,0.05007292747109275,0.08405692385159422,0.20693013707220123,0.088909721718084,ACQ2
485,USA,IRN,Nego,5.7,1.85,1,1,0.09747028777377689,0.1362615509138562,0.0360113434655832,0.1207452253116367,0.11825813287886527,0.08125106296700627,0.2000227087385351,0.2099796879507403,WAR2,0.12675440203648317,0.09539706485713863,0.2506847759471568,0.09719404704624919,0.05007292747109275,0.08405692385159422,0.20693013707220123,0.088909721718084,ACQ2
485,USA,IRN,Nego,5.7,1.86,1,1,0.09660475370654022,0.13521920582380925,0.03514292415702714,0.12308170405109531,0.11863767309224459,0.08107380363007519,0.19958633422936048,0.21065360130984764,WAR2,0.12675440203648317,0.09539706485713863,0.2506847759471568,0.09719404704624919,0.05007292747109275,0.08405692385159422,0.20693013707220123,0.088909721718084,ACQ2
485,USA,IRN,Nego,5.7,1.87,1,1,0.09574400691906743,0.1341483678378699,0.03432119782107025,0.12545508059869584,0.11900092693792133,0.08089230352028051,0.19913951984599387,0.2112985965191009,WAR2,0.12675440203648317,0.09539706485713863,0.2506847759471568,0.09719404704624919,0.05007292747109275,0.08405692385159422,0.20693013707220123,0.088909721718084,ACQ2
485,USA,IRN,Nego,5.7,1.88,1,1,0.09488962201637746,0.13305085068125086,0.033544421732953904,0.12786440179520317,0.11934824769893695,0.08070607935517611,0.19868107585059822,0.21191530086950336,WAR2,0.12675440203648317,0.09539706485713863,0.2506847759471568,0.09719404704624919,0.05007292747109275,0.08405692385159422,0.20693013707220123,0.088909721718084,ACQ2
485,USA,IRN,Nego,5.7,1.89,1,1,0.09404309422198846,0.13192844747608165,0.0328108957399822,0.13030868198471338,0.11968000763864925,0.08051465860611207,0.19820983897887748,0.21250437535359573,WAR2,0.12675440203648317,0.09539706485713863,0.2506847759471568,0.09719404704624919,0.05007292747109275,0.08405692385159422,0.20693013707220123,0.088909721718084,ACQ2
485,USA,IRN,Nego,5.7,1.9,1,1,0.09320583878879349,0.13078292645616996,0.032118964855904944,0.13278690417517697,0.1199965964966141,0.080317581027587,0.1977246762050166,0.21306651199473686,WAR2,0.12675440203648317,0.09539706485713863,0.2506847759471568,0.09719404704624919,0.05007292747109275,0.08405692385159422,0.20693013707220123,0.088909721718084,ACQ2
485,USA,IRN,Nego,5.7,1.91,1,1,0.09237919099765807,0.12961602712629797,0.031467021357876566,0.1352980210867683,0.12029841999855667,0.08011440005320755,0.19722448817823332,0.21360243120140163,WAR2,0.12675440203648317,0.09539706485713863,0.2506847759471568,0.09719404704624919,0.05007292747109275,0.08405692385159422,0.20693013707220123,0.088909721718084,ACQ2
485,USA,IRN,Nego,5.7,1.92,1,1,0.09156440669719888,0.12842945685524054,0.030853506419049118,0.13784095610060812,0.12058589838248329,0.07990468406001118,0.19670821233527025,0.2141128791501387,WAR2,0.12675440203648317,0.09539706485713863,0.2506847759471568,0.09719404704624919,0.05007292747109275,0.08405692385159422,0.20693013707220123,0.088909721718084,ACQ2
485,USA,IRN,Nego,5.7,1.93,1,1,0.09076266333638437,0.12722488788812492,0.03027691131103304,0.14041460412258888,0.12085946494237979,0.0796880175039707,0.19617482569576425,0.21459862519975423,WAR2,0.12675440203648317,0.09539706485713863,0.2506847759471568,0.09719404704624919,0.05007292747109275,0.08405692385159422,0.20693013707220123,0.088909721718084,ACQ2
485,USA,IRN,Nego,5.7,1.94,1,1,0.0899750614405885,0.12600395476068557,0.02973577821106924,0.1430178323788895,0.12111956459043086,0.07946400193037292,0.19562334734958142,0.21506045933838228,WAR2,0.12675440203648317,0.09539706485713863,0.2506847759471568,0.09719404704624919,0.05007292747109275,0.08405692385159422,0.20693013707220123,0.088909721718084,ACQ2
485,USA,IRN,Nego,5.7,1.95,1,1,0.08920262648145046,0.12476825209540224,0.029228700648861437,0.1456494811612088,0.12136665243828423,0.07923225686347117,0.1950528406469515,0.2154991896643702,WAR2,0.12675440203648317,0.09539706485713863,0.2506847759471568,0.09719404704624919,0.05007292747109275,0.08405692385159422,0.20693013707220123,0.088909721718084,ACQ2
485,USA,IRN,Nego,5.7,1.96,1,1,0.0884463110912804,0.12351933275743474,0.028754323627679594,0.14830836454075083,0.12160119239756999,0.07899242058035642,0.19446241510357276,0.21591563990135518,WAR2,0.12675440203648317,0.09539706485713863,0.2506847759471568,0.09719404704624919,0.05007292747109275,0.08405692385159422,0.20693013707220123,0.088909721718084,ACQ2
485,USA,IRN,Nego,5.7,1.97,1,1,0.08770699757372398,0.12225870634667334,0.028311343453620408,0.15099327107056906,0.1218236557996762,0.07874415077438286,0.19385122803382343,0.21631064694753077,WAR2,0.12675440203648317,0.09539706485713863,0.2506847759471568,0.09719404704624919,0.05007292747109275,0.08405692385159422,0.20693013707220123,0.088909721718084,ACQ2
485,USA,IRN,Nego,5.7,1.98,1,1,0.08698550066387886,0.12098783800108501,0.027898507305863574,0.15370296449601745,0.1220345200346684,0.07848712511373812,0.19321848592584212,0.21668505845890634,WAR2,0.12675440203648317,0.09539706485713863,0.2506847759471568,0.09719404704624919,0.05007292747109275,0.08405692385159422,0.20693013707220123,0.088909721718084,ACQ2
485,USA,IRN,Nego,5.7,1.99,1,1,0.0862825704929658,0.11970814748583601,0.02751461257944706,0.15643618449276656,0.12223426720922079,0.07822104170087953,0.19256344557256092,0.21703973046632358,WAR2,0.12675440203648317,0.09539706485713863,0.2506847759471568,0.09719404704624919,0.05007292747109275,0.08405692385159422,0.20693013707220123,0.088909721718084,ACQ2
